313
0.0317557 0.623773
0.0381243 0.585029
0 0.554809
0.00122137 0.551568
0.00165758 0.550408
0.00130862 0.532092
0.0396947 0.531956
0.0585823 0.517527
0.0594984 0.508676
0.071843 0.509972
0.078386 0.509972
0.0844929 0.509208
0.0879826 0.508065
0.0940894 0.507642
0.112541 0.502107
0.122268 0.497889
0.119564 0.490997
0.126325 0.488083
0.133435 0.486185
0.140327 0.484667
0.147874 0.483751
0.154198 0.482984
0.155594 0.482949
0.160654 0.482818
0.16663 0.483145
0.173261 0.484083
0.179629 0.485679
0.179193 0.479804
0.178713 0.474225
0.17771 0.44865
0.183424 0.429658
0.197034 0.434111
0.197034 0.433614
0.217841 0.439594
0.224515 0.413618
0.256227 0.418909
0.255049 0.436227
0.253435 0.443616
0.252999 0.445627
0.250687 0.452257
0.246499 0.461723
0.244362 0.47494
0.244362 0.475555
0.241221 0.475686
0.238386 0.476532
0.235856 0.478329
0.23385 0.481296
0.23289 0.48468
0.232715 0.487402
0.233108 0.492916
0.233501 0.498325
0.233282 0.500768
0.234155 0.504685
0.237121 0.509025
0.240698 0.511354
0.243577 0.51241
0.24615 0.512257
0.251647 0.511978
0.257099 0.511695
0.259324 0.511564
0.263686 0.51019
0.267612 0.5068
0.269095 0.503415
0.269618 0.499498
0.269269 0.497832
0.269575 0.497815
0.287459 0.4959
0.289117 0.495651
0.2906 0.498848
0.293566 0.502281
0.2988 0.502465
0.305169 0.501461
0.303642 0.49771
0.302072 0.493701
0.314111 0.491891
0.331429 0.491119
0.356423 0.494072
0.358473 0.49819
0.360436 0.507751
0.362356 0.516436
0.366107 0.530321
0.367067 0.53292
0.368026 0.537265
0.368986 0.54161
0.370687 0.540698
0.372868 0.53904
0.383599 0.53084
0.394678 0.517522
0.393108 0.503481
0.392541 0.498369
0.392454 0.495751
0.39241 0.494896
0.391974 0.489439
0.391538 0.483978
0.391276 0.480942
0.387525 0.467058
0.386609 0.450831
0.351668 0.462927
0.290076 0.404925
0.309269 0.385326
0.330556 0.413248
0.362923 0.415817
0.363664 0.412044
0.369684 0.401823
0.353152 0.384624
0.32301 0.375472
0.336227 0.356833
0.362312 0.360222
0.373348 0.37357
0.372999 0.356004
0.37723 0.348933
0.378321 0.340196
0.444362 0.344079
0.448157 0.334957
0.403053 0.303795
0.401527 0.271869
0.424864 0.246534
0.43337 0.248855
0.435333 0.244445
0.435115 0.233104
0.429706 0.225361
0.427917 0.222783
0.427437 0.222286
0.433719 0.220061
0.447677 0.216471
0.463948 0.215734
0.47843 0.218329
0.496794 0.223171
0.501897 0.224222
0.495878 0.248973
0.471581 0.270774
0.47036 0.28728
0.484362 0.299429
0.510534 0.275446
0.525322 0.28879
0.530774 0.288593
0.536227 0.288397
0.535965 0.284065
0.53614 0.278129
0.540065 0.260192
0.540894 0.254264
0.541461 0.24896
0.540894 0.239289
0.543904 0.238927
0.54626 0.237867
0.548528 0.235293
0.549662 0.232266
0.549836 0.22916
0.549226 0.224497
0.562181 0.223001
0.568637 0.222286
0.58783 0.220126
0.612301 0.214718
0.626478 0.210421
0.635115 0.207341
0.641439 0.208222
0.651996 0.211498
0.672061 0.211084
0.683272 0.212942
0.683795 0.214853
0.688506 0.228715
0.695573 0.242107
0.690294 0.245204
0.68349 0.261195
0.732345 0.287219
0.715071 0.317932
0.7159 0.331463
0.700589 0.360624
0.707394 0.3628
0.715507 0.369357
0.728899 0.360445
0.744209 0.344785
0.745736 0.34229
0.74735 0.338443
0.752366 0.340742
0.767764 0.34472
0.781287 0.349492
0.787917 0.354198
0.78783 0.359978
0.787132 0.38585
0.786609 0.40489
0.808724 0.416925
0.806281 0.436685
0.805889 0.46027
0.815005 0.467394
0.808419 0.483189
0.794242 0.517304
0.794591 0.522835
0.79494 0.528637
0.813915 0.549108
0.811167 0.573597
0.812083 0.577069
0.825387 0.586395
0.828135 0.592449
0.837557 0.599027
0.844973 0.589021
0.859542 0.586364
0.889815 0.587969
0.905867 0.605823
0.91289 0.604964
0.928768 0.603014
0.938757 0.625008
0.957993 0.629064
0.978277 0.638382
0.98181 0.640794
0.990665 0.64585
1 0.65268
0.993282 0.682216
0.993588 0.682796
0.997339 0.690713
0.987699 0.691162
0.945998 0.693496
0.931952 0.683468
0.934351 0.665409
0.91289 0.660192
0.90626 0.642338
0.870971 0.635516
0.852694 0.654177
0.83145 0.651769
0.834853 0.62198
0.796292 0.614041
0.794591 0.624925
0.767677 0.626421
0.747045 0.695381
0.732345 0.687154
0.726063 0.679429
0.715507 0.675285
0.713631 0.675324
0.683228 0.675952
0.671887 0.674438
0.663948 0.670242
0.656968 0.664288
0.655921 0.663424
0.652257 0.653902
0.650469 0.652201
0.645147 0.647067
0.64458 0.646783
0.646063 0.664523
0.645802 0.674046
0.644973 0.676785
0.639564 0.695882
0.638648 0.70561
0.644013 0.705178
0.649553 0.704733
0.718473 0.700284
0.759607 0.730578
0.758866 0.792659
0.745038 0.790417
0.718386 0.77357
0.717732 0.759001
0.684842 0.758626
0.650425 0.721296
0.645104 0.722613
0.639826 0.72393
0.620109 0.730107
0.554286 0.706386
0.551363 0.71415
0.559302 0.716606
0.575267 0.72937
0.579716 0.735385
0.607939 0.770731
0.589269 0.791485
0.553675 0.784667
0.499324 0.785095
0.445234 0.772161
0.433413 0.747969
0.422116 0.750818
0.412301 0.751429
0.401178 0.752118
0.382595 0.749518
0.38735 0.672057
0.372039 0.670905
0.373348 0.671878
0.37518 0.67795
0.371254 0.697588
0.351058 0.690312
0.344951 0.690438
0.335616 0.701972
0.326718 0.720711
0.317077 0.716284
0.303555 0.71005
0.305038 0.695525
0.284711 0.685902
0.27747 0.682486
0.285409 0.63668
0.28096 0.633278
0.272105 0.628532
0.247154 0.671935
0.228397 0.662015
0.223468 0.659424
0.218539 0.65682
0.211603 0.653152
0.1812 0.653784
0.17217 0.648698
0.162617 0.642617
0.157775 0.630678
0.131123 0.60318
0.202007 0.57067
0.200742 0.569195
0.180632 0.545496
0.174395 0.541143
0.169422 0.539276
0.162792 0.538447
0.154286 0.539485
0.147874 0.540728
0.141243 0.543839
0.124667 0.552353
0.118124 0.555708
0.0796947 0.527952
0.0630752 0.598639
0.0835769 0.608292
0.0858451 0.619917
0.0858015 0.623477
