63
0.536122 0.346889
0.528852 0.370198
0.524309 0.403912
0.523173 0.43649
0.526581 0.469069
0.55248 0.58257
0.616773 0.579072
0.654259 0.431015
0.852818 0.464752
0.883488 0.498626
0.911205 0.547448
0.84782 0.64098
0.808972 0.675625
0.84941 0.900879
0.816923 0.929868
0.752402 0.978395
0.736272 0.990595
0.699014 1
0.636084 0.983575
0.51295 0.942409
0.358009 0.875389
0.331429 0.88509
0.304621 0.894768
0.259184 0.911284
0.245553 0.89763
0.243281 0.895858
0.232603 0.891088
0.198298 0.885203
0.167401 0.879001
0.137413 0.867801
0.0887952 0.846446
0.231467 0.691778
0.258957 0.684258
0.286219 0.676739
0.300532 0.719018
0.34665 0.6826
0.433662 0.620351
0.419349 0.602926
0.431845 0.593839
0.443431 0.581026
0.452291 0.568508
0.454336 0.551287
0.445021 0.538133
0.443885 0.536384
0.426165 0.513983
0.408217 0.491719
0.397767 0.480542
0.372776 0.471159
0.34347 0.478588
0.313254 0.500784
0.246462 0.452393
0.250551 0.400504
0.250778 0.399232
0.262137 0.309608
0.277813 0.258718
0.311664 0.18302
0.312572 0.181044
0.355738 0.0985528
0.380046 0.0643161
0.429345 0
0.579288 0.0487312
0.682202 0.27737
0.652214 0.357953
