47
0.552209 0.421988
0.540495 0.50927
0.522088 0.547892
0.56091 0.594177
0.61178 0.609605
0.653614 0.622289
0.663989 0.625502
0.695448 0.619478
0.756693 0.607631
0.857095 0.598862
0.882865 0.619511
0.907965 0.639659
0.935074 0.675703
0.912316 0.691432
0.960509 0.744009
1 0.76911
0.940428 0.883367
0.802209 0.8416
0.791499 0.839726
0.79585 0.81921
0.789826 0.78996
0.774431 0.768608
0.750669 0.757028
0.717202 0.74913
0.695114 0.746452
0.653614 0.743039
0.61178 0.739659
0.586011 0.738755
0.562918 0.740596
0.539826 0.749163
0.523427 0.772289
0.517403 0.795448
0.516399 0.818173
0.438755 0.822088
0.364793 0.825837
0.205823 0.837048
0.186078 0.805489
0.167671 0.776841
0.0970549 0.706861
0.0548862 0.681526
0.0512048 0.679351
0 0.648594
0.162985 0.505154
0.0471888 0.280823
0.31091 0.116633
0.329317 0.343273
0.532463 0.373594
