365
0.334261 0.746909
0.334351 0.744662
0.333587 0.742954
0.332059 0.74161
0.330351 0.740751
0.320059 0.736068
0.318351 0.735807
0.316733 0.735978
0.315519 0.736077
0.314081 0.73725
0.313002 0.739578
0.310125 0.748707
0.302575 0.746846
0.292372 0.744994
0.290844 0.744715
0.288461 0.744913
0.286439 0.746041
0.285046 0.747812
0.284551 0.749835
0.28154 0.760811
0.281405 0.762595
0.282124 0.764195
0.283203 0.765454
0.285315 0.766321
0.29345 0.767993
0.303249 0.770254
0.300822 0.777922
0.300687 0.77994
0.301406 0.782057
0.302619 0.783576
0.304507 0.784812
0.28981 0.830976
0.295158 0.832684
0.300507 0.834387
0.296147 0.853795
0.306844 0.876385
0.349318 0.874304
0.350262 0.897847
0.354487 0.935992
0.358083 0.970151
0.304597 1
0.303878 0.993717
0.301316 0.971185
0.308732 0.970156
0.316733 0.964596
0.320238 0.960025
0.335115 0.939939
0.336329 0.934505
0.330396 0.934019
0.32316 0.931839
0.316957 0.932199
0.297361 0.936096
0.27327 0.934932
0.267517 0.920805
0.261179 0.90658
0.254572 0.894907
0.26864 0.882008
0.217986 0.800597
0.263112 0.771499
0.26882 0.736472
0.254168 0.726427
0.266078 0.711766
0.277135 0.679265
0.300732 0.667134
0.315429 0.658388
0.329138 0.649106
0.335835 0.639519
0.347386 0.623087
0.353768 0.611527
0.358667 0.591643
0.36087 0.570765
0.360285 0.542004
0.358847 0.528682
0.355071 0.516506
0.348734 0.505382
0.338666 0.494802
0.333587 0.492164
0.323699 0.489274
0.317227 0.488204
0.316912 0.485026
0.321856 0.481876
0.305856 0.473898
0.298619 0.472702
0.302485 0.477718
0.304193 0.481125
0.298799 0.481237
0.288911 0.470486
0.284551 0.471533
0.287248 0.475731
0.287832 0.479781
0.282888 0.47903
0.280776 0.47663
0.279292 0.473336
0.275832 0.465538
0.270753 0.468086
0.274259 0.476352
0.277989 0.48152
0.282978 0.484267
0.290799 0.484999
0.291743 0.488577
0.289136 0.491328
0.281045 0.491494
0.275517 0.485314
0.254842 0.459245
0.250212 0.463439
0.266483 0.483705
0.27754 0.49606
0.282169 0.497508
0.270303 0.501665
0.256235 0.483974
0.250976 0.487723
0.265494 0.506308
0.256954 0.512156
0.259112 0.515216
0.252415 0.52012
0.234212 0.49571
0.233313 0.465263
0.23938 0.450049
0.241358 0.442862
0.243875 0.424165
0.243156 0.408991
0.242077 0.402029
0.244729 0.401373
0.254123 0.400155
0.263471 0.399809
0.273405 0.401894
0.292327 0.408843
0.301001 0.410753
0.308148 0.411252
0.308462 0.411274
0.313856 0.410883
0.304822 0.399112
0.292327 0.371052
0.332509 0.339576
0.315519 0.312977
0.319564 0.313822
0.337003 0.318546
0.358757 0.325198
0.36051 0.325328
0.361454 0.330641
0.363027 0.337527
0.366668 0.370836
0.366038 0.384064
0.362173 0.405449
0.367566 0.407238
0.37296 0.409022
0.376825 0.387152
0.38105 0.385907
0.384197 0.384352
0.385994 0.382316
0.387433 0.379048
0.388601 0.371079
0.389725 0.370387
0.391028 0.369573
0.392332 0.368764
0.39795 0.365299
0.405771 0.360364
0.4064 0.359995
0.411479 0.355146
0.414625 0.352121
0.415749 0.350885
0.429457 0.335895
0.450852 0.319139
0.447166 0.314892
0.44348 0.310636
0.426446 0.293974
0.432334 0.280675
0.436469 0.263505
0.436154 0.235908
0.432334 0.214217
0.459346 0.222973
0.499933 0.218042
0.536384 0.182265
0.547396 0.191079
0.557733 0.197493
0.567486 0.201534
0.575577 0.203003
0.582364 0.201902
0.592701 0.199183
0.601556 0.195097
0.608792 0.189043
0.61468 0.180957
0.618365 0.172876
0.620613 0.164395
0.620388 0.151765
0.622905 0.144564
0.623624 0.136456
0.625152 0.122941
0.623085 0.108599
0.62295 0.103205
0.629152 0.0976812
0.649873 0.099951
0.671402 0.0977082
0.683043 0.0938698
0.712393 0.0779814
0.723809 0.0651583
0.726326 0.0570141
0.733337 0.0478765
0.733247 0.0415841
0.728528 0.0326893
0.728393 0.0255024
0.731764 0.02459
0.73918 0.0177447
0.74754 0.0119512
0.752125 0.000256192
0.752215 0
0.771047 0.00543398
0.777744 0.00106972
0.776665 0.0235652
0.776126 0.0347972
0.775227 0.0364108
0.762552 0.0590186
0.766912 0.0626818
0.771317 0.0663449
0.775677 0.070008
0.77689 0.0710058
0.778868 0.0748082
0.777834 0.0806871
0.776441 0.0883459
0.77298 0.0947103
0.771362 0.103735
0.767901 0.110999
0.766867 0.124114
0.762148 0.125719
0.758552 0.123552
0.753698 0.120662
0.744439 0.135957
0.740214 0.141719
0.737787 0.144205
0.734461 0.146353
0.733652 0.146735
0.729382 0.148762
0.726955 0.149522
0.724348 0.150021
0.720842 0.151104
0.720033 0.156979
0.719269 0.163001
0.719539 0.175339
0.719719 0.185582
0.719809 0.189731
0.719045 0.194419
0.706819 0.22224
0.705291 0.227607
0.704392 0.232785
0.703943 0.241522
0.701875 0.259775
0.700931 0.263806
0.700572 0.265312
0.694414 0.275456
0.656659 0.315741
0.654637 0.318092
0.635355 0.329855
0.626725 0.330502
0.624208 0.330695
0.615039 0.331005
0.614635 0.336628
0.61423 0.34226
0.613826 0.348246
0.613736 0.351761
0.613691 0.352521
0.612837 0.355982
0.617107 0.407737
0.627489 0.415441
0.642771 0.415441
0.65612 0.427738
0.671851 0.453793
0.699763 0.430857
0.71028 0.404069
0.762148 0.355748
0.782014 0.374171
0.776575 0.38245
0.775137 0.394064
0.775721 0.400739
0.776531 0.401516
0.730371 0.444175
0.713921 0.435959
0.680211 0.4677
0.691403 0.477421
0.686054 0.489305
0.685065 0.494595
0.683088 0.503184
0.688751 0.515976
0.665739 0.518992
0.670997 0.544957
0.674233 0.561659
0.672435 0.60643
0.657648 0.623698
0.658143 0.627051
0.657019 0.630431
0.653064 0.634373
0.651401 0.63747
0.65194 0.641128
0.655805 0.649533
0.61895 0.638589
0.609017 0.617622
0.579172 0.60341
0.567082 0.614426
0.550722 0.644625
0.546137 0.679449
0.580206 0.756482
0.575262 0.755156
0.568296 0.754383
0.561599 0.754078
0.548025 0.754783
0.544744 0.754954
0.540069 0.755601
0.534901 0.756977
0.526675 0.760249
0.516967 0.766128
0.512383 0.769449
0.512203 0.769602
0.490044 0.775292
0.480246 0.771589
0.460425 0.761817
0.454762 0.764123
0.449144 0.766429
0.449054 0.773998
0.449728 0.777023
0.451616 0.779378
0.453458 0.780412
0.45665 0.781369
0.46492 0.782079
0.46883 0.786394
0.471662 0.790354
0.473819 0.794439
0.476291 0.800565
0.477729 0.807294
0.478179 0.811433
0.478179 0.81733
0.473684 0.824621
0.467437 0.833237
0.465819 0.834693
0.463347 0.836482
0.462852 0.836711
0.460155 0.832585
0.457818 0.830639
0.454357 0.829996
0.451795 0.830122
0.448829 0.831291
0.446267 0.833812
0.445053 0.836778
0.444649 0.841601
0.442177 0.841579
0.432514 0.839884
0.428873 0.837722
0.426985 0.835835
0.395748 0.78919
0.397635 0.787594
0.398444 0.782182
0.395658 0.777746
0.39831 0.774991
0.398175 0.769602
0.390084 0.768869
0.3855 0.773656
0.381275 0.768564
0.372421 0.762761
0.364645 0.75886
0.357948 0.757408
0.352015 0.756869
0.344239 0.756676
0.34388 0.754347
0.342621 0.752581
0.341138 0.751538
0.338801 0.751134
0.332868 0.751381
