45
0.413673 0.757966
0.33343 0.747711
0.246234 0.702317
0.0295481 0.583546
0 0.461298
0.013905 0.346002
0.02781 0.230736
0.139919 0.241454
0.318076 0.247827
0.337196 0.288123
0.411935 0.364803
0.514484 0.434067
0.565759 0.441744
0.655562 0.367381
0.682503 0.316049
0.697277 0.266483
0.922364 0.277607
0.960603 0.279983
1 0.282474
0.947856 0.393801
0.92555 0.456025
0.945829 0.467092
0.957126 0.473928
0.965238 0.491049
0.965238 0.512717
0.948146 0.541686
0.942352 0.579316
0.937138 0.614745
0.934241 0.636211
0.933372 0.642845
0.926709 0.663297
0.902955 0.685458
0.87051 0.695684
0.840672 0.692381
0.789687 0.727578
0.741309 0.761008
0.721031 0.730533
0.699594 0.694177
0.658169 0.687949
0.608922 0.682474
0.557648 0.745365
0.545191 0.769264
0.506663 0.765614
0.467555 0.761906
0.436269 0.755156
