312
1 0.461169
0.987906 0.483884
0.977677 0.499563
0.975335 0.508033
0.974857 0.515327
0.976912 0.520696
0.978776 0.524003
0.98499 0.532039
0.992639 0.537569
0.985803 0.548592
0.979685 0.556169
0.957457 0.548387
0.929302 0.540605
0.909656 0.533191
0.891109 0.535045
0.892734 0.55277
0.893642 0.558678
0.894503 0.564587
0.908652 0.562469
0.918356 0.563114
0.933509 0.567684
0.955927 0.579238
0.95674 0.579778
0.945076 0.613803
0.952486 0.649008
0.970268 0.654199
0.964484 0.67963
0.955067 0.686518
0.94173 0.690614
0.925478 0.690944
0.912046 0.687392
0.896558 0.678148
0.873375 0.666188
0.875191 0.649195
0.899283 0.617694
0.896702 0.599161
0.89001 0.596197
0.873327 0.591379
0.858509 0.581001
0.854828 0.602866
0.843308 0.612502
0.826291 0.613616
0.809226 0.606575
0.79326 0.589524
0.788862 0.585476
0.784465 0.581422
0.784082 0.581781
0.775 0.586761
0.762715 0.592177
0.755927 0.599658
0.752008 0.596274
0.750621 0.593874
0.737189 0.600782
0.727342 0.624209
0.723948 0.671723
0.72304 0.677957
0.72218 0.684056
0.730545 0.693047
0.736472 0.69865
0.742017 0.704587
0.742017 0.713984
0.742734 0.726025
0.750048 0.766852
0.751386 0.776613
0.745985 0.777565
0.738289 0.773248
0.733031 0.765853
0.720124 0.750437
0.706214 0.73441
0.692352 0.730093
0.675382 0.73071
0.658461 0.732866
0.639627 0.732866
0.629493 0.731637
0.619837 0.723272
0.629063 0.71473
0.651004 0.697502
0.659321 0.70017
0.663145 0.700461
0.666252 0.69929
0.670172 0.696064
0.672801 0.69049
0.674283 0.683454
0.674283 0.682947
0.674092 0.676876
0.673853 0.670858
0.675669 0.643243
0.674904 0.62961
0.675096 0.618587
0.680115 0.607134
0.674618 0.604744
0.669168 0.602349
0.663767 0.614701
0.651625 0.619448
0.618164 0.663607
0.618164 0.708549
0.612237 0.714018
0.604541 0.720987
0.604015 0.721436
0.582839 0.718215
0.571893 0.713664
0.567639 0.705074
0.563002 0.708057
0.556453 0.712053
0.547801 0.713387
0.5326 0.708602
0.524857 0.707756
0.518881 0.707971
0.512859 0.708186
0.512667 0.712813
0.510755 0.721532
0.507218 0.727851
0.500574 0.732751
0.490057 0.738516
0.46587 0.742335
0.45086 0.706843
0.463623 0.692278
0.467686 0.674075
0.464962 0.660882
0.454971 0.6445
0.438576 0.654964
0.422658 0.649051
0.434034 0.631303
0.426769 0.621747
0.413098 0.611279
0.389818 0.599682
0.386616 0.590399
0.385277 0.584706
0.388384 0.574696
0.391969 0.569529
0.398518 0.562957
0.395554 0.55756
0.392639 0.552163
0.3913 0.547565
0.388719 0.544658
0.384512 0.542397
0.378394 0.542397
0.378059 0.536499
0.378155 0.534022
0.378394 0.52169
0.378489 0.516981
0.379876 0.5056
0.373853 0.5056
0.36783 0.5056
0.338337 0.5056
0.332075 0.500246
0.325239 0.500557
0.318308 0.500868
0.312572 0.511943
0.301864 0.518109
0.286855 0.519362
0.281931 0.516618
0.278824 0.514912
0.263241 0.506264
0.225669 0.485399
0.222228 0.483501
0.209943 0.476231
0.191348 0.465954
0.18934 0.464921
0.192639 0.460155
0.193786 0.455667
0.192113 0.452584
0.187859 0.450428
0.182935 0.447053
0.177294 0.444434
0.172801 0.441814
0.168499 0.440686
0.164197 0.443023
0.159417 0.448769
0.147371 0.442201
0.136329 0.43614
0.129541 0.432435
0.13695 0.42702
0.148566 0.407698
0.150765 0.393621
0.120937 0.36961
0.123279 0.354567
0.103681 0.331384
0.0945985 0.332211
0.0860421 0.33028
0.0804971 0.339386
0.0810707 0.348497
0.0970841 0.368368
0.0945985 0.383272
0.0625717 0.395729
0.0125239 0.368291
0.00554493 0.364362
0.00301147 0.360748
0.00191205 0.356245
0.0109943 0.356838
0.0114723 0.347875
0.010325 0.339864
0.00736138 0.336656
0.00391969 0.335743
0 0.33548
0.0465583 0.305992
0.0614723 0.27701
0.0516252 0.265839
0.0570268 0.263305
0.0631453 0.260581
0.0659656 0.259338
0.0726577 0.25647
0.0730402 0.256326
0.0749522 0.255705
0.0777247 0.265696
0.0902486 0.262302
0.0949809 0.258478
0.0952677 0.254319
0.0942639 0.249252
0.0951721 0.248917
0.106692 0.246049
0.112906 0.245906
0.120602 0.24777
0.121463 0.2482
0.125717 0.250351
0.129589 0.252311
0.135564 0.255323
0.142543 0.258478
0.145315 0.259386
0.151673 0.261441
0.153346 0.261728
0.154159 0.267326
0.158031 0.270844
0.16434 0.271197
0.165774 0.2707
0.186616 0.288191
0.2087 0.286255
0.224713 0.303368
0.225574 0.318826
0.20282 0.3393
0.200287 0.341886
0.210325 0.3543
0.218881 0.363511
0.22457 0.366876
0.230545 0.368282
0.239723 0.367087
0.260038 0.359175
0.266778 0.356145
0.287763 0.339453
0.296367 0.33244
0.301004 0.328621
0.305306 0.325088
0.302868 0.322689
0.298566 0.318516
0.305497 0.312928
0.296558 0.303999
0.292973 0.302918
0.289006 0.30364
0.285851 0.306169
0.285564 0.305891
0.278681 0.298841
0.278681 0.279682
0.328585 0.275872
0.339197 0.277565
0.355688 0.28603
0.382361 0.265313
0.443212 0.26278
0.449331 0.262684
0.455497 0.262636
0.475191 0.261919
0.475478 0.234242
0.49173 0.234768
0.506549 0.241652
0.517925 0.251307
0.521893 0.242416
0.541109 0.22908
0.556931 0.222435
0.566061 0.225304
0.566396 0.228219
0.567352 0.236393
0.567543 0.241365
0.573518 0.240839
0.572992 0.249539
0.573231 0.250495
0.575717 0.259768
0.585277 0.279061
0.586807 0.290786
0.612715 0.29006
0.630497 0.292775
0.629541 0.275069
0.626721 0.263831
0.626721 0.248535
0.656071 0.246527
0.681358 0.25255
0.694216 0.267837
0.70631 0.28277
0.70588 0.289974
0.705449 0.297106
0.70913 0.295074
0.738193 0.277168
0.767352 0.292751
0.821224 0.318468
0.86544 0.322909
0.860612 0.324778
0.857409 0.328506
0.856644 0.333301
0.858748 0.337297
0.863002 0.337827
0.866587 0.336876
0.866969 0.341207
0.866969 0.341575
0.8663 0.351623
0.865583 0.368449
0.864532 0.37452
0.850048 0.378755
0.830354 0.38093
0.823614 0.392416
0.821128 0.396661
0.819646 0.39962
0.853681 0.414266
0.862094 0.417483
0.865249 0.418683
