31
0.229975 0.34697
0.243038 0.303193
0.331613 0.00162493
0.426878 0
0.560059 0.0837635
0.619321 0.159339
0.627605 0.180686
0.641942 0.2179
0.65628 0.255082
0.458102 0.319824
0.487096 0.377812
0.52756 0.464347
0.554642 0.52208
0.571847 0.559581
0.58969 0.596954
0.646403 0.718664
0.845218 0.749888
0.848404 0.932231
0.676353 1
0.580768 0.913624
0.509399 0.844995
0.477538 0.828204
0.451411 0.814312
0.44026 0.812369
0.401071 0.805359
0.38737 0.802906
0.323647 0.810584
0.154782 0.784362
0.151596 0.614446
0.172943 0.526477
0.217231 0.390716
