78
0.794034 0.744842
0.773547 0.730483
0.755266 0.717031
0.736985 0.70358
0.705151 0.680166
0.655037 0.718444
0.582013 0.77137
0.525223 0.691455
0.495495 0.701042
0.505803 0.759721
0.617999 0.849699
0.572483 0.911088
0.559781 0.90473
0.506855 0.899439
0.46875 0.898387
0.442295 0.905797
0.399951 0.928014
0.365436 0.932613
0.342094 0.857946
0.302894 0.874757
0.332204 0.97353
0.279278 1
0.265524 0.961895
0.243552 0.969219
0.238419 0.961376
0.234959 0.932599
0.22553 0.914678
0.239068 0.907902
0.229538 0.872983
0.230591 0.823229
0.257061 0.76184
0.298338 0.723735
0.362898 0.693041
0.351898 0.658627
0.346131 0.640619
0.29766 0.633079
0.266187 0.645262
0.256282 0.648477
0.244878 0.619469
0.280878 0.594066
0.281902 0.530846
0.193019 0.516803
0.208893 0.435302
0.280878 0.360145
0.34146 0.453756
0.39156 0.391805
0.354969 0.323107
0.455515 0.280763
0.473508 0.315696
0.470408 0.395323
0.486397 0.388086
0.508816 0.355892
0.522945 0.341186
0.53125 0.323698
0.53001 0.263159
0.538026 0.231268
0.542091 0.147547
0.553495 0.127737
0.567221 0.106659
0.572699 0.0921123
0.57404 0.0468131
0.594354 0.0502155
0.598059 0.0367353
0.610502 0.0207465
0.620493 0.0107553
0.626505 0.0047433
0.630441 0.00361875
0.643085 0
0.657315 0
0.656724 0.0171855
0.658497 0.0296276
0.666196 0.0367353
0.677456 0.0385231
0.689307 0.0379176
0.697006 0.0663629
0.72486 0.110206
0.798922 0.187238
0.806981 0.20105
