88
0.297508 0.858
0.160404 0.858
0.127586 0.908093
0.112924 0.906566
0.10203 0.903265
0.0901876 0.897351
0.0709452 0.88273
0.0626375 0.873432
0.0527206 0.859114
0.0446055 0.845002
0.03909 0.828785
0.0365867 0.814811
0.0341797 0.786188
0.0609045 0.763576
0.0616885 0.746396
0.0624725 0.729217
0.0335057 0.704913
0.0327492 0.595469
0.114395 0.595469
0.124904 0.556035
0.124354 0.406484
0.124037 0.321715
0.145728 0.26055
0.146622 0.23714
0.148781 0.204693
0.272571 0.274469
0.32012 0.312019
0.325622 0.311909
0.305361 0.262792
0.300479 0.206935
0.378205 0.19252
0.393128 0.222945
0.444226 0.2256
0.444267 0.224802
0.463014 0.199659
0.479616 0.203441
0.496685 0.213798
0.506093 0.202589
0.501307 0.187858
0.492889 0.179784
0.486658 0.144146
0.482064 0.135385
0.600572 0.112896
0.589775 0.0195588
0.778747 0
0.900638 0.00645081
0.894504 0.0967347
0.947101 0.116885
0.967251 0.150198
0.94446 0.243989
0.829638 0.215064
0.826131 0.283437
0.784056 0.328139
0.782309 0.394751
0.826571 0.499491
0.82569 0.615193
0.78671 0.711185
0.701144 0.716893
0.67706 0.72322
0.60214 0.73846
0.612704 0.840463
0.646883 0.869388
0.642496 0.910583
0.598702 0.917749
0.577644 1
0.493164 0.999092
0.493618 0.99359
0.517234 0.918093
0.517358 0.916621
0.440884 0.905411
0.417652 0.902014
0.414585 0.896154
0.402289 0.874395
0.399758 0.853474
0.41497 0.785019
0.424447 0.751898
0.429412 0.734581
0.43424 0.717677
0.423113 0.716907
0.406731 0.718434
0.396718 0.721267
0.348151 0.740977
0.340875 0.762489
0.334026 0.782749
0.329294 0.796737
0.328661 0.797398
0.314976 0.820147
0.306751 0.838482
