245
0.41746 0.206187
0.453307 0.222964
0.481349 0.236124
0.494974 0.242566
0.528704 0.237967
0.539418 0.248332
0.560979 0.26377
0.582143 0.263337
0.589947 0.26053
0.608466 0.257508
0.639815 0.240991
0.687434 0.237374
0.819709 0.239966
0.878704 0.275808
0.934259 0.274675
0.958201 0.282124
0.974339 0.295025
0.990608 0.307532
1 0.314649
0.999074 0.315434
0.989418 0.327134
0.987831 0.329099
0.967593 0.353594
0.969444 0.393589
0.983333 0.425056
0.983862 0.426964
0.922884 0.454921
0.885053 0.412041
0.883069 0.34423
0.60582 0.327278
0.588889 0.36218
0.546958 0.383122
0.546958 0.507774
0.574868 0.555639
0.668651 0.50179
0.730423 0.486832
0.857143 0.504782
0.848016 0.588669
0.866138 0.646386
0.718519 0.678296
0.641799 0.596525
0.615608 0.606643
0.586243 0.628896
0.590476 0.631626
0.604233 0.655157
0.609921 0.673562
0.620767 0.686569
0.645503 0.733583
0.605556 0.748538
0.552513 0.693762
0.505556 0.752451
0.446296 0.687056
0.409127 0.755335
0.304101 0.785951
0.28955 0.78738
0.269974 0.789295
0.22381 0.793813
0.242328 0.720591
0.27791 0.709677
0.27791 0.703819
0.280159 0.675004
0.179365 0.671684
0.11336 0.648845
0.0888889 0.640384
0.0391534 0.564368
0.0570106 0.549276
0 0.45705
0.0906085 0.415689
0.122354 0.450343
0.131878 0.471583
0.129101 0.52268
0.126852 0.562131
0.229762 0.554307
0.235317 0.596786
0.320106 0.591767
0.326852 0.571529
0.342328 0.515944
0.349074 0.478147
0.349074 0.439238
0.35 0.417513
0.350132 0.416728
0.350132 0.416067
0.350132 0.415407
0.350265 0.414746
0.350265 0.414086
0.350265 0.413426
0.350397 0.412765
0.350397 0.412103
0.350397 0.411443
0.350397 0.410782
0.350529 0.41012
0.350529 0.40946
0.350529 0.408799
0.350529 0.408138
0.350661 0.407476
0.350661 0.406815
0.350661 0.406153
0.350661 0.405492
0.350794 0.404832
0.350794 0.404171
0.350794 0.403509
0.350794 0.402848
0.350926 0.402187
0.350926 0.401526
0.350926 0.400865
0.350926 0.400205
0.351058 0.399544
0.351058 0.398884
0.351058 0.398222
0.35119 0.397562
0.35119 0.396902
0.35119 0.396242
0.351323 0.394922
0.351455 0.393603
0.351455 0.392284
0.351587 0.390967
0.35172 0.389651
0.351852 0.388335
0.351984 0.38702
0.352116 0.385706
0.352249 0.384394
0.352513 0.383083
0.352646 0.381772
0.352778 0.381118
0.352778 0.380464
0.35291 0.37981
0.353042 0.379156
0.353175 0.378501
0.353307 0.377848
0.353307 0.377194
0.353439 0.376542
0.353571 0.375889
0.353704 0.375235
0.353836 0.374583
0.353968 0.373931
0.354101 0.373279
0.354233 0.372626
0.354233 0.371974
0.354365 0.371323
0.354497 0.370671
0.35463 0.370019
0.354762 0.369366
0.354894 0.368716
0.355026 0.368063
0.355159 0.367411
0.355291 0.366761
0.355423 0.366108
0.355556 0.365458
0.355688 0.364806
0.35582 0.364155
0.355952 0.363503
0.356085 0.362852
0.356217 0.3622
0.356349 0.361549
0.356481 0.360897
0.356481 0.360246
0.356614 0.359594
0.356746 0.358942
0.356878 0.35829
0.357011 0.357639
0.357143 0.356987
0.357275 0.356335
0.357407 0.355029
0.357672 0.353725
0.357804 0.352418
0.358069 0.351112
0.358201 0.349804
0.358333 0.348496
0.358466 0.347187
0.358598 0.345877
0.35873 0.344566
0.358862 0.343251
0.358862 0.342591
0.358995 0.34193
0.358995 0.341266
0.358995 0.340601
0.358995 0.339934
0.359127 0.339266
0.359127 0.338595
0.359127 0.337925
0.359127 0.337253
0.359259 0.336581
0.359259 0.335907
0.359259 0.335233
0.359259 0.334558
0.359259 0.333884
0.359259 0.333209
0.359259 0.332534
0.359259 0.33186
0.359259 0.331185
0.359259 0.330511
0.359259 0.329837
0.359259 0.329164
0.359259 0.328491
0.359259 0.32782
0.359127 0.327149
0.359127 0.32648
0.359127 0.325813
0.359127 0.325147
0.358995 0.324483
0.358995 0.32382
0.358862 0.323159
0.358862 0.3225
0.35873 0.321189
0.358466 0.319888
0.358333 0.318598
0.358069 0.31732
0.357804 0.316054
0.35754 0.314804
0.357143 0.31357
0.356746 0.312356
0.356217 0.311164
0.355688 0.309991
0.355026 0.308836
0.354762 0.308265
0.354365 0.307698
0.353968 0.307136
0.353571 0.306578
0.353175 0.306022
0.35291 0.305472
0.352381 0.304925
0.351984 0.304381
0.351587 0.30384
0.35119 0.303303
0.350794 0.302769
0.350397 0.302237
0.349868 0.301708
0.349471 0.301183
0.349074 0.300659
0.348677 0.300138
0.348148 0.299619
0.347751 0.299102
0.347354 0.298587
0.346429 0.297562
0.345635 0.296556
0.344709 0.295574
0.343915 0.294616
0.342857 0.293679
0.34246 0.293216
0.341931 0.292757
0.341534 0.292299
0.341005 0.291845
0.340476 0.291378
0.341138 0.279103
0.345106 0.209099
