67
0.487685 0
0.483124 0.031813
0.483694 0.0556442
0.482896 0.0784493
0.461916 0.0802737
0.455872 0.0923603
0.45439 0.124743
0.454846 0.147891
0.458951 0.155986
0.468985 0.159977
0.481642 0.159863
0.494527 0.159863
0.495553 0.159065
0.605359 0.151767
0.612771 0.0781072
0.68016 0.0781072
0.670353 0.273204
0.62748 0.279361
0.604105 0.270696
0.574686 0.248689
0.548917 0.269555
0.572292 0.581072
0.784493 0.59829
0.759635 0.680046
0.75496 0.695325
0.748803 0.715507
0.726226 0.755872
0.586317 0.737514
0.575371 0.861345
0.65382 0.884721
0.651425 0.938655
0.514025 0.930103
0.499316 1
0.436944 0.980844
0.412201 0.972976
0.391334 0.847891
0.413341 0.811403
0.411745 0.759065
0.344128 0.762258
0.335006 0.657013
0.333523 0.639225
0.332839 0.631357
0.332155 0.622007
0.327936 0.608096
0.323831 0.594527
0.316762 0.572862
0.235234 0.592018
0.223831 0.592246
0.275941 0.55325
0.309122 0.519384
0.342303 0.488369
0.374686 0.465336
0.390536 0.430787
0.397035 0.395439
0.398518 0.337058
0.249259 0.334094
0.215507 0.298176
0.23512 0.252109
0.232269 0.224857
0.249601 0.176625
0.265564 0.178563
0.282098 0.178107
0.307982 0.158609
0.353592 0.157355
0.37366 0.155758
0.368187 0.11984
0.357697 0.0263398
