102
0.171872 0.324775
0.176677 0.315966
0.186386 0.29955
0.216817 0.318969
0.265165 0.333984
0.2997 0.355305
0.316016 0.369019
0.366466 0.388038
0.392793 0.405455
0.404304 0.381231
0.385986 0.367618
0.381882 0.35961
0.385385 0.333584
0.372172 0.277728
0.383784 0.276727
0.396496 0.265315
0.430731 0.266316
0.443744 0.279429
0.454855 0.312663
0.546446 0.301552
0.574575 0.307558
0.602803 0.322673
0.635936 0.367017
0.71952 0.356907
0.754655 0.364915
0.737638 0.446496
0.774875 0.454505
0.790891 0.470621
0.800901 0.485235
0.906406 0.455105
0.936036 0.475025
0.964264 0.499449
0.988288 0.507257
1 0.522272
0.998198 0.529279
0.986987 0.573624
0.949249 0.57953
0.910911 0.582733
0.888789 0.580831
0.866667 0.560611
0.845846 0.577528
0.867968 0.604855
0.873173 0.621171
0.933033 0.622472
0.95996 0.640591
0.938739 0.654905
0.927728 0.665516
0.916817 0.657508
0.909309 0.655706
0.901201 0.658408
0.879179 0.683734
0.899499 0.693443
0.886587 0.706957
0.873874 0.715666
0.854254 0.726076
0.844144 0.72988
0.821421 0.721471
0.803303 0.717367
0.786887 0.718969
0.768969 0.73038
0.750951 0.724675
0.737738 0.719469
0.722723 0.714264
0.708509 0.709359
0.68038 0.697548
0.652853 0.688338
0.62022 0.680931
0.593293 0.677327
0.592392 0.677127
0.574474 0.675726
0.573373 0.688238
0.572272 0.700651
0.578378 0.729179
0.538639 0.731081
0.492292 0.731081
0.481481 0.731081
0.471471 0.731081
0.451552 0.734685
0.461361 0.71016
0.468068 0.691341
0.470771 0.679129
0.473473 0.666917
0.477978 0.654004
0.48038 0.636086
0.467167 0.631982
0.416717 0.613063
0.388188 0.58954
0.371972 0.583934
0.324625 0.586937
0.295295 0.574525
0.278278 0.574825
0.265566 0.568118
0.210711 0.529179
0.203003 0.527878
0.204404 0.522973
0.192092 0.520671
0.2002 0.489239
0.205806 0.467317
0.171371 0.464214
0 0.436987
0.0104104 0.403153
0.162262 0.342292
