28
0.254146 0.730795
0.167513 0.641455
0.0473773 0.649577
0.0815567 0.642809
0.0896785 0.632318
0.0937394 0.617428
0.078511 0.528426
0.0697124 0.458037
0.0619289 0.446531
0.0473773 0.440778
0.00981387 0.443824
0 0.390017
0.279188 0.191709
0.586464 0.498985
0.617259 0.043824
0.759729 0.0522843
0.860237 0.121997
0.918782 0.26176
0.944162 0.418105
0.86599 0.462775
0.899492 0.66379
0.994247 0.669543
1 0.839763
0.728934 0.906768
0.681557 0.728088
0.499831 0.741963
0.491032 0.873266
0.300508 0.956176
