202
0.582995 0.506872
0.56619 0.522965
0.549313 0.535213
0.531724 0.538275
0.508082 0.538987
0.478886 0.521256
0.470056 0.623798
0.4232 0.659831
0.397921 0.627715
0.42085 0.597095
0.40789 0.51912
0.36431 0.527523
0.376558 0.634622
0.342092 0.66745
0.324218 0.650288
0.324361 0.659831
0.327708 0.68803
0.318949 0.689667
0.322367 0.708182
0.289397 0.76693
0.249021 0.831019
0.233782 0.852738
0.232429 0.852952
0.227159 0.860357
0.226732 0.86107
0.227373 0.866624
0.228228 0.874172
0.225878 0.887346
0.21071 0.883287
0.194545 0.880296
0.180873 0.909563
0.198675 0.93641
0.19896 0.95642
0.165136 0.922809
0.109521 0.851243
0.0860215 0.814712
0.0592466 0.761162
0.0339671 0.707541
0.0290536 0.690522
0.032899 0.671865
0.0378124 0.670726
0.0631631 0.671367
0.0782596 0.668304
0.107384 0.662394
0.121057 0.665599
0.130884 0.666239
0.141352 0.662536
0.16656 0.650217
0.145411 0.639678
0.155594 0.628569
0.160436 0.617033
0.163569 0.609556
0.168055 0.598804
0.1813 0.574806
0.187638 0.568183
0.183009 0.560137
0.178381 0.55209
0.168126 0.534216
0.199886 0.48202
0.192053 0.485153
0.15481 0.485153
0.139927 0.47732
0.135085 0.463149
0.114434 0.463932
0.070925 0.46557
0 0.468205
0.00591042 0.446272
0.0670085 0.4279
0.072278 0.369437
0.0975575 0.376415
0.11244 0.372926
0.127252 0.360749
0.136011 0.345012
0.138574 0.32315
0.129032 0.304849
0.124546 0.29958
0.126754 0.27722
0.158513 0.256712
0.171188 0.271238
0.183009 0.284056
0.208859 0.258136
0.271737 0.305277
0.302286 0.279997
0.246386 0.231076
0.324931 0.174393
0.351349 0.188136
0.360322 0.192765
0.36965 0.197679
0.42085 0.221961
0.419284 0.213487
0.420494 0.202022
0.451328 0.178594
0.455387 0.16713
0.459873 0.134017
0.45261 0.132522
0.411094 0.123478
0.405683 0.112796
0.400199 0.100904
0.43495 0.0616677
0.460799 0.0435804
0.490137 0.0794702
0.530869 0.0655843
0.552375 0.0701417
0.556505 0.0680766
0.55857 0.0630207
0.558214 0.0573239
0.571388 0.0622374
0.603504 0.074984
0.612334 0.0790429
0.604073 0.0938546
0.620665 0.108239
0.582639 0.146621
0.561276 0.132664
0.537706 0.134017
0.591825 0.172826
0.567827 0.212989
0.550808 0.20423
0.532935 0.209927
0.523321 0.221747
0.521541 0.244891
0.521114 0.250089
0.522609 0.254077
0.526312 0.264189
0.53151 0.278359
0.570249 0.295663
0.623513 0.317952
0.663605 0.322296
0.694652 0.323649
0.711529 0.316457
0.718792 0.311187
0.726056 0.305918
0.727694 0.299366
0.730257 0.290251
0.733889 0.281493
0.739301 0.270384
0.751335 0.26077
0.788649 0.238339
0.835861 0.294239
0.880439 0.266396
0.86171 0.229865
0.860927 0.229082
0.896105 0.212775
0.981129 0.241045
1 0.26547
0.949299 0.348145
0.964965 0.372855
0.956491 0.378267
0.952645 0.380688
0.951577 0.383679
0.951577 0.38731
0.955494 0.394289
0.933632 0.408246
0.905576 0.395357
0.874884 0.37962
0.84932 0.360393
0.820551 0.338674
0.797693 0.32372
0.784305 0.32137
0.771701 0.32137
0.747775 0.328349
0.738517 0.331624
0.729331 0.334829
0.73218 0.337748
0.738161 0.344015
0.732322 0.34729
0.730186 0.350566
0.730328 0.354269
0.735883 0.360892
0.730399 0.362529
0.723421 0.364666
0.719932 0.365663
0.722495 0.374208
0.725059 0.382753
0.735598 0.379549
0.740654 0.378053
0.748131 0.388877
0.75753 0.42142
0.762302 0.442142
0.797194 0.484583
0.838923 0.462508
0.847112 0.458164
0.866339 0.48501
0.889055 0.524033
0.899523 0.541978
0.901374 0.545681
0.883501 0.555366
0.895749 0.605782
0.888343 0.615253
0.873531 0.634124
0.841985 0.552517
0.821691 0.575162
0.84106 0.610055
0.80517 0.626077
0.819341 0.681265
0.81286 0.685751
0.796269 0.700349
0.783451 0.711529
0.7769 0.677918
0.721213 0.692587
0.656199 0.614755
0.661824 0.558143
0.603361 0.524247
