122
0.697808 0.625256
0.697188 0.717124
0.690363 0.749538
0.66877 0.787226
0.632286 0.825211
0.576071 0.86857
0.539587 0.904086
0.53152 0.912178
0.524819 0.917278
0.514643 0.926064
0.488335 0.947346
0.459173 0.977737
0.433485 1
0.318324 0.889716
0.343391 0.850055
0.383598 0.888078
0.404695 0.87341
0.401964 0.752255
0.383598 0.750084
0.363991 0.742477
0.346618 0.727263
0.34488 0.725327
0.33458 0.713687
0.334084 0.712867
0.32577 0.699465
0.319193 0.687329
0.323536 0.64387
0.315842 0.61127
0.290899 0.587357
0.252926 0.576499
0.221405 0.580842
0.198572 0.588449
0.11369 0.562191
0.0619423 0.578137
0.100784 0.476527
0.185418 0.380986
0.200681 0.367422
0.225252 0.345557
0.239399 0.328928
0.210113 0.297085
0.207382 0.284725
0.209988 0.257064
0.212719 0.242843
0.230216 0.24741
0.257641 0.203988
0.263225 0.167815
0.271292 0.0665153
0.303432 0.0536466
0.324281 0.0769641
0.377145 0.0308998
0.386577 0.0335679
0.393898 0.0356527
0.395015 0.0359505
0.412513 0.0408895
0.416484 0.0420064
0.417725 0.0423787
0.420206 0.0425152
0.430382 0.0430736
0.440806 0.0438182
0.456194 0.0445131
0.473816 0.0420808
0.480517 0.0411625
0.487094 0.0402442
0.494168 0.0382339
0.494912 0.0379981
0.517249 0.0316072
0.53636 0.0198801
0.558325 0.0103868
0.580414 0.0027301
0.588232 0
0.59878 0.00460395
0.600766 0.00547262
0.617767 0.0131665
0.630176 0.020724
0.645812 0.0213817
0.661324 0.022027
0.66604 0.0152638
0.674727 0.00696177
0.683289 0.00152638
0.685027 0.00244468
0.753279 0.0369805
0.788646 0.0664284
0.809743 0.0920169
0.815327 0.112319
0.818305 0.138677
0.748812 0.198292
0.765813 0.304431
0.77785 0.365983
0.808998 0.359617
0.815327 0.298773
0.874024 0.258442
0.923166 0.352494
0.923538 0.369867
0.928626 0.379695
0.928999 0.397056
0.914231 0.399849
0.891646 0.390393
0.874272 0.388258
0.859505 0.396014
0.825379 0.426517
0.818181 0.446
0.823766 0.480399
0.843869 0.499435
0.862856 0.497537
0.890405 0.479456
0.933342 0.480399
0.938058 0.524192
0.909516 0.538476
0.897106 0.563221
0.89239 0.61029
0.87663 0.618691
0.823269 0.625603
0.824262 0.609806
0.781821 0.610786
0.783807 0.583138
0.781325 0.581587
0.757126 0.566335
0.744344 0.57424
0.743476 0.576362
0.731438 0.604867
0.727591 0.606418
0.711583 0.613045
