34
0.789231 0.510778
0.708237 0.71472
0.513576 0.692287
0.513576 0.749428
0.514036 0.775245
0.370916 0.768643
0.329498 0.858095
0.235619 0.829733
0.216061 0.875549
0.0938794 0.869005
0 0.729371
0.0556834 0.555621
0.0954901 0.446884
0.102393 0.380924
0.163829 0.373057
0.244823 0.354645
0.384952 0.302362
0.387943 0.300991
0.427059 0.282668
0.440865 0.275917
0.443166 0.27478
0.466636 0.263206
0.492637 0.250496
0.494938 0.249361
0.526921 0.233641
0.551542 0.219693
0.798665 0.229748
0.83433 0.124451
0.875748 0.135988
0.980442 0.1584
1 0.160705
0.97538 0.310473
0.868385 0.310473
0.864013 0.503734
