124
0.154816 0.925232
0.156217 0.895193
0.122125 0.824048
0.176182 0.795591
0.198949 0.767133
0.190426 0.725719
0.272504 0.721775
0.279276 0.714626
0.30216 0.724154
0.330765 0.718235
0.421133 0.679
0.453123 0.64564
0.468885 0.614952
0.479626 0.572688
0.478809 0.52833
0.468768 0.495838
0.44927 0.4542
0.410625 0.475553
0.198599 0.592625
0.141156 0.496234
0.261413 0.471473
0.164156 0.390115
0.127029 0.357396
0.0135435 0.329396
0.00875657 0.31592
0.00291886 0.295708
0 0.278384
0.00291886 0.259133
0.00210158 0.25802
0.0426153 0.189114
0.0657326 0.205203
0.0967893 0.239597
0.144775 0.299333
0.206772 0.361114
0.242265 0.386072
0.303561 0.412833
0.368126 0.438945
0.399299 0.410169
0.376065 0.379399
0.316287 0.326752
0.263631 0.2613
0.290718 0.224305
0.316287 0.265569
0.322008 0.21719
0.351897 0.235688
0.424518 0.296872
0.494221 0.242803
0.528313 0.30114
0.478576 0.348095
0.541156 0.416394
0.619381 0.420663
0.610858 0.451966
0.686281 0.450542
0.689083 0.366593
0.718155 0.368872
0.761705 0.372284
0.77303 0.43916
0.811208 0.438332
0.825803 0.438015
0.84028 0.437697
0.83596 0.269771
0.836544 0.243778
0.838412 0.243739
0.849971 0.238832
0.85791 0.225824
0.859661 0.197766
0.859078 0.173248
0.854174 0.157007
0.841214 0.152594
0.838295 0.152932
0.837245 0.103312
0.835493 0.0746953
0.832691 0.0644676
0.866783 0.0517414
0.894337 0.0564699
0.947928 0.0746019
0.944075 0.180229
0.99533 0.192839
1 0.264574
0.958202 0.362319
0.929831 0.38912
0.925394 0.498879
0.903327 0.506335
0.89387 0.518595
0.892002 0.530051
0.868301 0.533778
0.865382 0.534235
0.845534 0.536086
0.844483 0.536184
0.836077 0.536318
0.833625 0.536367
0.821249 0.536619
0.806421 0.536922
0.804553 0.550172
0.80432 0.551562
0.802685 0.566192
0.799416 0.595389
0.798132 0.598745
0.788558 0.62375
0.756801 0.682461
0.717922 0.739238
0.704729 0.754814
0.670403 0.717474
0.664799 0.721403
0.625452 0.740889
0.596731 0.763663
0.568593 0.814452
0.549796 0.811332
0.531349 0.81755
0.521074 0.831772
0.516521 0.84179
0.496789 0.842193
0.476824 0.844622
0.502744 0.792441
0.509048 0.754944
0.515587 0.736124
0.521891 0.700963
0.515003 0.705774
0.492353 0.738935
0.306246 0.892208
0.273789 0.902213
0.243783 0.919175
0.208873 0.948259
0.172212 0.933187
