304
0.957741 0.601095
0.936561 0.579687
0.93436 0.574719
0.912288 0.572408
0.871654 0.617652
0.8334 0.59329
0.83572 0.556746
0.802642 0.548625
0.772479 0.585169
0.78295 0.635634
0.808472 0.634474
0.804367 0.671597
0.821204 0.672757
0.827034 0.672177
0.83221 0.683778
0.830544 0.688867
0.82049 0.712712
0.752192 0.718123
0.748622 0.754194
0.709951 0.758574
0.726728 0.716062
0.727085 0.693736
0.727085 0.680153
0.713759 0.677833
0.714354 0.634909
0.709713 0.621277
0.69603 0.626498
0.680086 0.627368
0.655813 0.627975
0.648376 0.6274
0.640939 0.626824
0.601138 0.607411
0.596914 0.643885
0.579721 0.772377
0.561813 0.77308
0.524273 0.774552
0.526831 0.703211
0.525939 0.682618
0.523619 0.682909
0.512315 0.682038
0.498394 0.686389
0.48941 0.69335
0.483877 0.70524
0.480962 0.722838
0.480962 0.731803
0.484413 0.740478
0.491076 0.760432
0.489589 0.780542
0.479594 0.789383
0.459069 0.807494
0.466624 0.821708
0.470491 0.832719
0.471443 0.851827
0.468885 0.867696
0.464185 0.880812
0.450264 0.903482
0.429501 0.925717
0.428251 0.924748
0.3427 1
0.2183 0.90469
0.211637 0.902093
0.205211 0.900101
0.19944 0.899437
0.189267 0.900101
0.182663 0.902536
0.174929 0.905192
0.166481 0.907627
0.158747 0.908512
0.151905 0.908291
0.144826 0.907405
0.137925 0.905635
0.132154 0.903215
0.140423 0.891813
0.146492 0.881798
0.150894 0.872121
0.153274 0.862378
0.153631 0.854689
0.153393 0.851103
0.153214 0.848742
0.152024 0.843942
0.149585 0.837322
0.143695 0.827492
0.141494 0.825023
0.13489 0.817574
0.123468 0.809011
0.115436 0.802986
0.10907 0.798198
0.107761 0.795434
0.107107 0.792703
0.106988 0.788856
0.107226 0.784884
0.110498 0.771728
0.110736 0.766019
0.110082 0.762792
0.109011 0.760433
0.107107 0.75892
0.100444 0.755419
0.0937211 0.751918
0.0780744 0.74372
0.0794427 0.759723
0.073077 0.762233
0.0673061 0.764778
0.0649264 0.766515
0.0623682 0.769246
0.0609998 0.77359
0.0612378 0.777819
0.0624277 0.78054
0.0664732 0.784795
0.0430329 0.770654
0.0540986 0.744132
0.0310153 0.73322
0.0709352 0.672114
0.170408 0.736066
0.2136 0.67961
0.2324 0.681315
0.249415 0.655169
0.269345 0.656874
0.293737 0.655738
0.311407 0.654601
0.327291 0.652328
0.355134 0.56082
0.342105 0.560251
0.334668 0.563662
0.322234 0.576747
0.295284 0.558258
0.276365 0.544561
0.314084 0.488253
0.305041 0.473362
0.290049 0.459258
0.283445 0.453624
0.277377 0.448228
0.271665 0.442367
0.261789 0.468696
0.24876 0.50053
0.242276 0.497466
0.238884 0.498596
0.233352 0.511672
0.228414 0.523052
0.228414 0.527881
0.209495 0.557164
0.170527 0.581543
0.162198 0.646261
0.131559 0.647189
0.125788 0.578759
0.114544 0.53811
0.0944945 0.503193
0.094197 0.50345
0.0455911 0.54193
0.0457696 0.562457
0.0570733 0.602329
0.0673061 0.618208
0.0214369 0.631616
0.00376741 0.580531
0.00132819 0.564574
0.0055522 0.563162
0.0164989 0.553988
0.02459 0.543402
0.0313127 0.534581
0.0351798 0.520467
0.0439848 0.467186
0.0496366 0.431195
0.0570733 0.417433
0.0722441 0.418845
0.120196 0.423079
0.119779 0.413915
0.0931262 0.40011
0.107226 0.34112
0.0874743 0.336413
0.0708162 0.361829
0.0454126 0.355554
0.0623682 0.317832
0.0944945 0.31481
0.112878 0.291543
0.182247 0.290289
0.179094 0.259225
0.153988 0.251694
0.129774 0.252612
0.119422 0.230098
0.114365 0.219169
0.125074 0.192575
0.134117 0.177127
0.154523 0.157306
0.214254 0.153517
0.219549 0.148853
0.202356 0.120579
0.226272 0.0903695
0.250426 0.0807477
0.255126 0.078271
0.263396 0.0745069
0.25227 0.0545273
0.24757 0.0439589
0.254115 0.03763
0.268274 0.0317872
0.291238 0.0293349
0.319736 0.0283562
0.322353 0.0275596
0.35442 0.0173339
0.387439 0.0101013
0.422242 0.00352735
0.429679 0.00211201
0.437235 0.00112145
0.445742 0
0.457641 0.0021364
0.475786 0.0160483
0.494943 0.0378067
0.494289 0.0445312
0.498275 0.0573068
0.49173 0.068413
0.486019 0.0804318
0.468826 0.11411
0.463233 0.130888
0.454071 0.148929
0.445028 0.171729
0.43069 0.227961
0.426288 0.247093
0.425634 0.254039
0.430096 0.255003
0.442589 0.257696
0.46008 0.261454
0.460972 0.254075
0.468112 0.219001
0.482985 0.178939
0.490898 0.162168
0.517491 0.112789
0.527248 0.0978823
0.538433 0.0955526
0.571511 0.10041
0.568655 0.103413
0.566989 0.110587
0.571868 0.116438
0.578531 0.122847
0.56687 0.133286
0.574783 0.161702
0.626482 0.184995
0.628803 0.192448
0.628922 0.19285
0.630588 0.200359
0.632075 0.206889
0.632372 0.207575
0.641356 0.226455
0.662833 0.21015
0.671162 0.204041
0.709475 0.255546
0.715841 0.23562
0.719649 0.217199
0.745945 0.189379
0.766648 0.191259
0.77236 0.192217
0.780153 0.193514
0.788423 0.211184
0.793718 0.226374
0.801987 0.227345
0.809959 0.228293
0.817634 0.227817
0.82275 0.226786
0.828045 0.225699
0.834709 0.221878
0.840479 0.216163
0.864574 0.307991
0.881827 0.298216
0.901341 0.31842
0.905684 0.289558
0.911514 0.283487
0.924543 0.279648
0.94953 0.289945
0.965713 0.306487
0.966843 0.342831
0.961846 0.349281
0.961132 0.354849
0.964939 0.359559
0.959466 0.361683
0.943522 0.361494
0.927161 0.356603
0.915798 0.355168
0.885456 0.351335
0.869869 0.351653
0.853568 0.355353
0.852914 0.355541
0.845596 0.357622
0.844465 0.357985
0.837386 0.360274
0.832091 0.361988
0.831615 0.36216
0.831199 0.362238
0.828878 0.362724
0.82162 0.36424
0.814362 0.3659
0.813648 0.365891
0.806271 0.366042
0.797704 0.366217
0.7958 0.366168
0.774977 0.365626
0.77355 0.373179
0.772122 0.380422
0.772657 0.42134
0.770753 0.447656
0.833519 0.46119
0.847083 0.449912
0.892239 0.449146
0.898069 0.475828
0.931147 0.475828
0.935193 0.49555
0.986238 0.49497
0.998672 0.49248
