149
0.107316 0.0582488
0.212828 0.0554126
0.24845 0.0544533
0.241348 0.124566
0.240334 0.133957
0.36377 0.149381
0.36918 0.152144
0.377635 0.15331
0.383722 0.154153
0.391613 0.155246
0.392289 0.155342
0.412355 0.136153
0.426671 0.113385
0.472776 0.108942
0.484838 0.0805631
0.517078 0.0799465
0.570849 0.0812237
0.614474 0.131465
0.63623 0.0779185
0.639499 0.0775871
0.808139 0.0600705
0.811408 0.118905
0.746026 0.131465
0.712321 0.179722
0.796866 0.177078
0.793597 0.220707
0.699696 0.232606
0.704881 0.251669
0.720437 0.271366
0.731146 0.282744
0.783677 0.313255
0.851088 0.336393
0.853117 0.261032
0.91196 0.267642
0.934393 0.312594
0.907339 0.343664
1 0.399892
0.9752 0.445479
0.954909 0.482916
0.883102 0.457676
0.875775 0.427127
0.796753 0.393907
0.845902 0.496871
0.956149 0.503511
0.978131 0.529416
0.957502 0.558646
0.930335 0.56595
0.89708 0.563955
0.76023 0.507501
0.614812 0.393907
0.570849 0.457969
0.562169 0.470662
0.553489 0.483367
0.498478 0.56462
0.654605 0.61511
0.690452 0.554655
0.800812 0.60846
0.788637 0.701606
0.818172 0.712281
0.872168 0.706667
0.893022 0.716565
0.888288 0.720442
0.816819 0.780199
0.747266 0.770155
0.682448 0.772286
0.641641 0.794808
0.653139 0.80359
0.687521 0.832211
0.71063 0.858792
0.710968 0.860179
0.660579 0.918571
0.6085 0.892531
0.591365 0.893253
0.569383 0.938783
0.544696 0.941646
0.511216 0.945547
0.4783 0.927409
0.505693 0.854475
0.464435 0.830994
0.426671 0.833834
0.391049 0.824861
0.333221 0.809147
0.346635 0.827341
0.367602 0.858476
0.368166 0.887774
0.348439 0.913521
0.280239 0.896477
0.277195 0.87454
0.274828 0.836461
0.260512 0.82813
0.236501 0.81422
0.227934 0.712991
0.228385 0.704413
0.228948 0.693196
0.229399 0.685801
0.233006 0.650338
0.239995 0.620814
0.245294 0.621254
0.24969 0.620623
0.254425 0.61874
0.27325 0.606769
0.254086 0.587154
0.243265 0.577437
0.232443 0.567731
0.225116 0.564846
0.177658 0.546189
0.167963 0.558217
0.130087 0.589893
0.0481344 0.5384
0.0418217 0.477336
0.0688761 0.474529
0.0845451 0.467438
0.0976215 0.44912
0.103934 0.424185
0.104949 0.388372
0.105287 0.37906
0.105738 0.377234
0.109232 0.362602
0.112727 0.34797
0.115658 0.335999
0.116672 0.334804
0.114643 0.335131
0.108556 0.337475
0.103145 0.343574
0.0996505 0.349053
0.0828542 0.348173
0.0794724 0.347452
0.0762034 0.337374
0.0715816 0.334116
0.0658325 0.333034
0.0592943 0.333575
0.0518544 0.339054
0.0500507 0.338411
0.0428362 0.33468
0.0541089 0.321628
0.0436253 0.312313
0.033029 0.303001
0.0240108 0.302806
0.0185999 0.303526
0.0116109 0.307117
0.00597452 0.311428
0 0.306685
0.00822906 0.297852
0.0287454 0.272999
0.064367 0.223908
0.0800361 0.190465
0.0886033 0.144442
0.0880397 0.111918
0.0856724 0.0735188
