30
0.879795 0.29366
0.919375 0.449316
1 0.648583
0.966284 0.686624
0.936477 0.723491
0.925727 0.744845
0.901784 0.821439
0.854386 0.823442
0.794283 0.825935
0.696066 0.820169
0.703152 0.800843
0.710481 0.749389
0.702174 0.663584
0.68385 0.603408
0.6516 0.537295
0.583435 0.426228
0.388224 0.632189
0.478622 0.75259
0.396286 0.844307
0.347422 0.809101
0.274127 0.748265
0.0901539 0.848314
0 0.726252
0.39482 0.370425
0.580748 0.291119
0.610066 0.256474
0.643049 0.228989
0.676032 0.209101
0.788419 0.151686
0.868067 0.174554
