142
0.640095 0.267363
0.639087 0.254169
0.634964 0.200843
0.561114 0.18096
0.556899 0.139454
0.633223 0.131941
0.627451 0.0747664
0.668133 0.0863112
0.719535 0.116181
0.736119 0.0863112
0.765989 0.0863112
0.789261 0.22155
0.835716 0.216603
0.850742 0.25646
0.854774 0.266997
0.858897 0.2779
0.880337 0.268737
0.896372 0.263332
0.902602 0.261132
0.917354 0.260308
0.923493 0.259941
0.928807 0.260399
0.940169 0.261499
0.951805 0.262598
0.96225 0.264248
0.97123 0.265714
0.993403 0.273868
1 0.278358
0.979568 0.308411
0.932472 0.368518
0.905809 0.400678
0.842313 0.460784
0.795492 0.502107
0.783214 0.521257
0.75481 0.577607
0.73337 0.619571
0.71761 0.649624
0.703592 0.670332
0.694429 0.683801
0.667033 0.71926
0.642203 0.745006
0.630475 0.745739
0.62122 0.738593
0.615723 0.738684
0.605003 0.753619
0.601429 0.759208
0.603628 0.777442
0.605553 0.781107
0.585853 0.803463
0.567986 0.82582
0.55186 0.846344
0.490471 0.891607
0.452263 0.905259
0.424592 0.907275
0.447865 0.898479
0.470222 0.886476
0.499084 0.865769
0.537108 0.842954
0.531428 0.832142
0.506047 0.845428
0.440718 0.877955
0.382536 0.904801
0.364486 0.917995
0.34442 0.922118
0.332142 0.925234
0.327653 0.914513
0.34103 0.909016
0.338831 0.89628
0.333242 0.88785
0.326828 0.887117
0.317665 0.890416
0.311893 0.87768
0.304105 0.860271
0.255268 0.751878
0.253344 0.748397
0.26379 0.739509
0.265714 0.729155
0.260033 0.716969
0.25252 0.704691
0.245923 0.701851
0.236485 0.700935
0.229155 0.703317
0.227048 0.69901
0.208998 0.677845
0.171248 0.638813
0.155763 0.624977
0.144585 0.586311
0.135148 0.559282
0.124977 0.55296
0.114807 0.546637
0.101521 0.545171
0.0919003 0.548378
0.0915338 0.549294
0.0633132 0.545355
0.0353674 0.53436
0.0114532 0.507513
0.00247389 0.47462
0 0.433205
0.0249221 0.375389
0.125618 0.398387
0.118655 0.424776
0.146051 0.43238
0.14037 0.442642
0.134781 0.452905
0.132307 0.4639
0.131757 0.473795
0.135056 0.480484
0.143669 0.486348
0.137347 0.494136
0.127084 0.516309
0.138629 0.518783
0.150082 0.521165
0.271853 0.519699
0.312718 0.520158
0.383269 0.533443
0.395364 0.5
0.399304 0.489188
0.403244 0.478376
0.410574 0.458036
0.432106 0.398846
0.438061 0.351475
0.419644 0.295217
0.41039 0.283764
0.416621 0.274235
0.391974 0.2582
0.400678 0.250046
0.404068 0.243266
0.404068 0.237585
0.401686 0.23227
0.410482 0.229613
0.425967 0.227323
0.440993 0.228056
0.451255 0.229247
0.460784 0.239692
0.467656 0.246564
0.478926 0.253528
0.490196 0.258017
0.509529 0.262873
0.633132 0.428899
0.642386 0.422027
0.651548 0.415246
0.641103 0.280191
