30
0.237737 0.803357
0.272836 0.764334
0.31513 0.69806
0.339765 0.623283
0.333442 0.527578
0.304883 0.41029
0.299869 0.379987
0.298561 0.314585
0.339765 0.0401134
0.366797 0.0279049
0.400589 0
0.440702 0.0521038
0.424351 0.0684543
0.399063 0.104208
0.394484 0.159363
0.415413 0.242642
0.488228 0.366034
0.595487 0.382385
0.644539 0.403314
0.772509 0.517768
0.727818 0.677131
0.470351 0.625027
0.422825 0.729235
0.462939 0.794637
0.60726 0.921081
0.504578 1
0.384238 0.815348
0.269566 0.922607
0.256704 0.908437
0.227491 0.875954
