65
0.703485 0.63747
0.891389 0.832749
0.794947 0.906878
0.690393 1
0.603909 0.952978
0.521298 0.907985
0.463028 0.89102
0.382261 0.89858
0.335239 0.922921
0.303338 0.964226
0.290245 0.987645
0.290061 0.985432
0.2825 0.979347
0.240089 0.96939
0.228471 0.998709
0.199521 0.991333
0.170385 0.976397
0.163194 0.972156
0.226259 0.879771
0.200074 0.832749
0.190301 0.725244
0.223861 0.690024
0.234741 0.681357
0.153052 0.58676
0.139959 0.624378
0.108611 0.618477
0.108611 0.596902
0.108796 0.576249
0.109165 0.522773
0.117647 0.469297
0.117831 0.468007
0.1182 0.466716
0.139037 0.393325
0.157293 0.362346
0.171492 0.371197
0.180159 0.37175
0.190854 0.3688
0.222939 0.332657
0.236216 0.311451
0.237876 0.303338
0.235479 0.293564
0.223677 0.284529
0.309976 0.190669
0.361792 0.122995
0.405864 0.0569795
0.430758 0
0.477595 0.0143832
0.47612 0.0319012
0.478149 0.131477
0.487184 0.212429
0.473723 0.271805
0.478149 0.308685
0.479624 0.309976
0.45012 0.412871
0.470219 0.441453
0.476489 0.476489
0.453992 0.515213
0.407892 0.580122
0.403467 0.59303
0.42541 0.591923
0.464503 0.609441
0.506362 0.610548
0.543057 0.598746
0.588235 0.55154
0.669187 0.611838
