102
0.464128 0.844088
0.468537 0.860922
0.472011 0.877355
0.477889 0.904208
0.454375 0.91169
0.464796 0.953106
0.462926 0.985037
0.396126 0.983166
0.395992 0.985571
0.39479 1
0.370875 1
0.370875 0.98477
0.371409 0.965798
0.368069 0.958717
0.362325 0.956446
0.351369 0.956313
0.352037 0.915297
0.352305 0.89312
0.351369 0.880428
0.350033 0.863861
0.348697 0.847161
0.347762 0.83487
0.343754 0.819773
0.342552 0.814963
0.338945 0.801603
0.336673 0.797462
0.324516 0.775818
0.302472 0.754442
0.317435 0.737341
0.28497 0.707148
0.27682 0.705144
0.269472 0.707415
0.260521 0.716232
0.252505 0.708216
0.239412 0.689112
0.232331 0.672278
0.228457 0.660387
0.222445 0.642752
0.212959 0.60481
0.209352 0.578624
0.231396 0.567268
0.228724 0.542151
0.225117 0.534269
0.217368 0.531597
0.207615 0.531597
0.206947 0.437408
0.207348 0.386506
0.207482 0.377154
0.225651 0.377956
0.232599 0.374215
0.235271 0.367802
0.235671 0.342285
0.235671 0.325585
0.235671 0.308884
0.207882 0.307682
0.206012 0.253307
0.202405 0.239011
0.217769 0.233667
0.221376 0.227121
0.222311 0.218303
0.212959 0.186239
0.21857 0.1833
0.253841 0.166065
0.272812 0.156713
0.290047 0.149499
0.305945 0.172478
0.318103 0.177689
0.330394 0.176754
0.338544 0.172211
0.328657 0.161924
0.311423 0.140681
0.319038 0.137475
0.342685 0.135605
0.34843 0.13507
0.350434 0.134937
0.374883 0.137475
0.397729 0.144289
0.40334 0.0740147
0.481897 0.107682
0.508484 0.0809619
0.634202 0.192786
0.669205 0.11356
0.733734 0
0.797595 0.051169
0.709285 0.208951
0.668403 0.226319
0.64008 0.242351
0.615765 0.261857
0.606814 0.270407
0.589713 0.292719
0.576219 0.318236
0.570474 0.341216
0.567268 0.370474
0.565932 0.389846
0.568337 0.428991
0.578357 0.470942
0.597462 0.510087
0.60334 0.522111
0.445959 0.58477
0.444355 0.65491
0.495124 0.754843
0.456379 0.813761
