105
0.199333 0.39912
0.207828 0.410346
0.239229 0.39912
0.246359 0.389867
0.243325 0.377579
0.239078 0.36696
0.268204 0.357403
0.291566 0.349818
0.299606 0.347087
0.319023 0.340716
0.33753 0.334648
0.338592 0.325394
0.336468 0.312197
0.327215 0.305977
0.314017 0.307646
0.301426 0.208283
0.291414 0.178398
0.275789 0.146541
0.317051 0.123786
0.335558 0.102397
0.334193 0.0810073
0.325546 0.0626517
0.430522 0.0712985
0.462379 0.199029
0.537773 0.211772
0.567051 0.156857
0.620752 0.154278
0.660346 0.182494
0.685831 0.252731
0.687197 0.293538
0.579945 0.307646
0.550516 0.377882
0.651396 0.358617
0.73574 0.325546
0.813562 0.432797
0.761226 0.469812
0.664138 0.471025
0.660346 0.42764
0.632282 0.42764
0.599059 0.439169
0.574788 0.426426
0.556887 0.44554
0.567051 0.504248
0.600273 0.565534
0.711468 0.692051
0.775334 0.667779
0.823877 0.634557
0.855734 0.603914
0.82767 0.57585
0.751062 0.606493
0.647603 0.559163
0.690989 0.497876
0.768962 0.532312
0.842992 0.474818
0.911256 0.522907
0.925819 0.503337
0.940231 0.466323
0.957979 0.475273
0.975425 0.47588
0.998786 0.482555
0.977093 0.588592
0.943871 0.596177
0.931129 0.648513
0.911863 0.671572
0.872269 0.692051
0.786711 0.741808
0.865898 0.762288
0.914442 0.788987
1 0.831159
0.996208 0.921875
0.932342 0.906553
0.939624 0.937348
0.817809 0.907615
0.819326 0.893507
0.814017 0.885164
0.789745 0.876214
0.760316 0.86787
0.727852 0.85801
0.699939 0.8527
0.686438 0.859527
0.676729 0.872876
0.672178 0.891232
0.627731 0.881371
0.57585 0.867263
0.496208 0.835558
0.450243 0.809769
0.388501 0.761833
0.370904 0.773058
0.349211 0.786863
0.308859 0.8125
0.282767 0.788835
0.267142 0.800667
0.260619 0.811438
0.266232 0.824939
0.273968 0.8348
0.280795 0.843598
0.289138 0.849515
0.261529 0.866201
0.203732 0.795206
0.12682 0.659739
0.0617415 0.514563
0 0.438865
0.134405 0.371663
0.165807 0.399879
0.187045 0.38486
