166
0.83067 0.0451667
0.838336 0.116439
0.833501 0.128732
0.823971 0.153318
0.785779 0.152075
0.763887 0.19586
0.754494 0.221482
0.747657 0.259674
0.741372 0.268997
0.725143 0.276732
0.734811 0.297451
0.727007 0.301595
0.725972 0.302147
0.717684 0.305807
0.71354 0.310435
0.714576 0.320794
0.713886 0.321139
0.699797 0.323902
0.66057 0.32473
0.643718 0.327355
0.614436 0.340477
0.58985 0.35864
0.570443 0.380326
0.559393 0.398903
0.555457 0.414235
0.555595 0.438407
0.555733 0.452288
0.555802 0.461059
0.555871 0.46983
0.556009 0.482123
0.564642 0.482192
0.573275 0.482538
0.58543 0.483021
0.586121 0.482745
0.589712 0.523561
0.641647 0.543243
0.646343 0.553395
0.649727 0.561338
0.653111 0.569349
0.65836 0.58178
0.655666 0.596628
0.638746 0.646705
0.636191 0.657811
0.644893 0.67835
0.650556 0.685145
0.652351 0.688523
0.699935 0.671264
0.748141 0.670076
0.73861 0.708716
0.748693 0.746763
0.703941 0.755803
0.698761 0.818097
0.670031 0.8153
0.637572 0.812151
0.633359 0.887049
0.657186 0.920938
0.68709 0.902871
0.695446 0.920475
0.699797 0.927526
0.683291 0.98395
0.65539 1
0.614367 0.979192
0.614989 0.958383
0.628663 0.95482
0.629837 0.932823
0.586397 0.888244
0.570374 0.859707
0.536465 0.862083
0.522791 0.896566
0.490746 0.881109
0.516851 0.816315
0.403934 0.815721
0.383423 0.800314
0.382249 0.805286
0.378381 0.819181
0.361185 0.855453
0.36084 0.856627
0.342124 0.849603
0.347442 0.811557
0.330452 0.800017
0.270161 0.817503
0.260078 0.778269
0.215464 0.774104
0.218433 0.740223
0.243158 0.688806
0.220574 0.659675
0.192604 0.660269
0.161664 0.628742
0.219331 0.577636
0.246127 0.615068
0.284733 0.602637
0.31146 0.583023
0.335287 0.558023
0.325756 0.541379
0.349237 0.530881
0.357525 0.527842
0.365812 0.524873
0.363878 0.511958
0.363671 0.509679
0.371475 0.508643
0.37852 0.502704
0.380246 0.49048
0.379625 0.481847
0.379003 0.473283
0.377415 0.463822
0.373616 0.458435
0.367193 0.457882
0.359666 0.458849
0.351033 0.459678
0.342469 0.460507
0.336392 0.461612
0.329347 0.465963
0.327206 0.473007
0.328173 0.479085
0.302827 0.479154
0.283835 0.478187
0.279346 0.477634
0.277896 0.486267
0.276515 0.494693
0.269885 0.563962
0.237771 0.56334
0.202687 0.552083
0.218433 0.488132
0.220505 0.479775
0.222646 0.471211
0.206209 0.469416
0.191016 0.469347
0.197922 0.416514
0.226514 0.411196
0.235354 0.382881
0.252619 0.386127
0.281625 0.384193
0.292606 0.382536
0.31001 0.377287
0.312565 0.376458
0.312565 0.375767
0.317814 0.367756
0.290949 0.368792
0.25918 0.369414
0.254967 0.361333
0.270092 0.360919
0.322579 0.360643
0.330383 0.360988
0.330867 0.361057
0.339016 0.360505
0.347718 0.359952
0.362635 0.358985
0.410012 0.347176
0.42638 0.344068
0.441504 0.337714
0.458701 0.326664
0.48232 0.312506
0.525553 0.286539
0.551382 0.263956
0.566369 0.253942
0.579905 0.238472
0.594753 0.221621
0.624174 0.172656
0.627972 0.157324
0.634119 0.134671
0.644962 0.112986
0.657324 0.0903334
0.663746 0.0767281
0.681772 0.0417136
0.69517 0.0190612
0.708015 0
