68
0.655579 0.943844
0.676471 0.833309
0.604312 0.808268
0.583716 0.87776
0.542673 0.846199
0.528449 0.800415
0.474663 0.803526
0.457327 0.710327
0.373463 0.71981
0.277152 0.629575
0.269151 0.563195
0.216995 0.547489
0.202474 0.513261
0.185879 0.487183
0.504297 0.411172
0.51052 0.387761
0.516891 0.370277
0.523115 0.352793
0.538672 0.298711
0.469032 0.260928
0.476589 0.209661
0.335679 0.174544
0.0972737 0.183731
0.0947548 0.136168
0.0940139 0.122389
0.198029 0.0804564
0.196251 0.00577863
0.419544 0
0.450659 0.0809009
0.514076 0.0851978
0.540895 0.0936435
0.583568 0.0902356
0.591273 0.0896429
0.619721 0.0890502
0.653504 0.0883094
0.671729 0.0998666
0.671877 0.140613
0.653356 0.140623
0.634835 0.140613
0.634835 0.189213
0.647133 0.232923
0.668025 0.26641
0.678545 0.275745
0.683731 0.280338
0.675137 0.300489
0.671433 0.31501
0.672766 0.333235
0.682397 0.350274
0.712476 0.36198
0.730849 0.363609
0.74937 0.365239
0.751741 0.337828
0.799155 0.376648
0.810861 0.362276
0.822566 0.348052
0.85546 0.309231
0.905986 0.350422
0.889687 0.392354
0.87487 0.440065
0.856497 0.518003
0.840643 0.578012
0.828493 0.622759
0.823011 0.660246
0.813676 0.712995
0.782264 0.89717
0.771151 0.941621
0.750407 0.981182
0.739147 1
