187
0.95039 0.874413
0.907107 0.856526
0.89756 0.852586
0.888013 0.848638
0.884615 0.866825
0.879923 0.892236
0.879518 0.894316
0.879033 0.899995
0.871347 0.896257
0.847642 0.887746
0.853387 0.894793
0.855247 0.898903
0.857594 0.905909
0.858564 0.912341
0.859212 0.919703
0.858564 0.928182
0.857432 0.937275
0.855409 0.945479
0.85096 0.953311
0.847076 0.957946
0.842303 0.961959
0.836478 0.964669
0.820216 0.969952
0.803388 0.975713
0.799343 0.978358
0.761399 0.972541
0.722889 0.936733
0.704686 0.951239
0.691094 0.972541
0.682761 1
0.67815 0.993649
0.667551 0.985801
0.653959 0.979159
0.639154 0.973075
0.634785 0.970058
0.629607 0.96492
0.618928 0.950261
0.608977 0.94158
0.595547 0.931127
0.565613 0.915254
0.559545 0.923595
0.553639 0.93179
0.462865 0.969046
0.368451 0.929533
0.367399 0.930585
0.209071 0.859487
0.169509 0.918506
0.11587 0.956069
0.0930552 0.938627
0.0916799 0.90845
0.0615029 0.878936
0.0259862 0.878264
0.0139316 0.846744
0.0541406 0.809852
0.0581858 0.76559
0.0970195 0.72475
0.102764 0.715964
0.108831 0.706717
0.122504 0.620797
0.116113 0.599277
0.114009 0.592149
0.11045 0.580434
0.125498 0.544303
0.172826 0.537847
0.231643 0.529821
0.233261 0.43251
0.113443 0.430116
0.112148 0.425811
0.111825 0.419986
0.113443 0.41006
0.117245 0.403417
0.121371 0.399113
0.130999 0.392236
0.136824 0.390084
0.145481 0.389696
0.152196 0.392317
0.161985 0.397843
0.167325 0.399218
0.178085 0.400157
0.19111 0.399469
0.211255 0.395287
0.220155 0.395198
0.233666 0.397471
0.239248 0.388159
0.246287 0.379106
0.257209 0.368297
0.258827 0.367181
0.233585 0.322668
0.0895764 0.228755
0.10333 0.179201
0.128167 0.17747
0.136177 0.0985324
0.110854 0.0593508
0.158102 0.0518592
0.178247 0.039756
0.190382 0
0.216838 0.009223
0.201304 0.101413
0.17946 0.149809
0.239329 0.165949
0.27792 0.200519
0.330993 0.254676
0.353403 0.307692
0.318857 0.320362
0.316915 0.400343
0.354697 0.438165
0.334633 0.467266
0.328889 0.47564
0.323145 0.483973
0.341348 0.496133
0.36659 0.508608
0.332691 0.528001
0.323954 0.566616
0.363354 0.573703
0.387059 0.615466
0.511731 0.677907
0.566341 0.684678
0.555014 0.653539
0.50267 0.578501
0.434064 0.545654
0.432041 0.533454
0.433983 0.533777
0.446199 0.534837
0.459548 0.53423
0.468367 0.53309
0.477428 0.530266
0.491586 0.523163
0.505178 0.512856
0.520307 0.496699
0.512945 0.489782
0.505582 0.482873
0.491586 0.497783
0.480907 0.505922
0.476538 0.508074
0.491748 0.438481
0.487136 0.41544
0.456555 0.384324
0.469823 0.361275
0.516504 0.375684
0.519983 0.285897
0.529449 0.272758
0.539319 0.260501
0.546843 0.252985
0.561972 0.241651
0.579771 0.258414
0.599107 0.274158
0.620951 0.290411
0.632115 0.300573
0.646274 0.320378
0.649752 0.324973
0.657438 0.323129
0.669007 0.3238
0.683246 0.327125
0.699023 0.335345
0.703796 0.33706
0.668765 0.406484
0.636889 0.439063
0.604689 0.433295
0.604042 0.456927
0.602909 0.496683
0.557442 0.498981
0.558008 0.561786
0.56092 0.592173
0.588913 0.651735
0.605094 0.681515
0.680172 0.681661
0.695139 0.698998
0.731627 0.694233
0.744248 0.711951
0.749345 0.71759
0.759134 0.72687
0.7686 0.735712
0.773697 0.724184
0.772969 0.69183
0.767872 0.678983
0.767143 0.673061
0.775557 0.68001
0.788259 0.690479
0.807433 0.708052
0.813016 0.711911
0.831866 0.722606
0.835264 0.725745
0.84117 0.733706
0.875069 0.779222
0.884534 0.775032
0.894081 0.770816
0.986068 0.805459
