16
7.10831955075264e-06 0.345788028091192
0.222225686535239 0.0502682514488697
0.163334658369422 0.588715441990644
0.312905200757086 0.186872195452452
0.468959934543818 0.335451621562243
0.548109086696059 0.166314717847854
0.36103901360184 0.00115916086360812
0.833134035114199 0.0704961246810853
0.982881246134639 0.456031129695475
0.82750084111467 0.257149544078857
0.798026505392045 0.290959542617202
0.5929427719675 0.911885323002934
0.509587157517672 0.923904422670603
0.0262616374529898 0.655839446000755
0.00362045178189874 0.43477090774104
0.000478516332805157 0.3757234942168
