16
0.280895147006959 0.728309875819832
0.877419502940029 0.619599419180304
0.930141972377896 0.693333926610649
0.870102379936725 0.546938412357122
0.712029198650271 0.583331702277064
0.686383664608002 0.623430503997952
0.406426832545549 0.675116297788918
0.608733009081334 0.138639551587403
0.720510054379702 0.0377876623533666
0.91319241002202 0.484849235974252
0.959313970524818 0.83339900476858
0.922184594441205 0.997626439202577
0.757293753325939 0.77659205859527
0.327648826874793 0.855658545624465
0.110747286584228 0.852984659839422
0.570029668044299 0.00486460933461785
