1024
0.0933430776931345 0.389167577959597
0.0930367056280375 0.39498734800145
0.0365025191567838 0.358129286207259
0.0933121875859797 0.407234585378319
0.0974496686831117 0.408500813413411
0.101390921510756 0.404847127385437
0.177163157146424 0.323045786935836
0.110641786362976 0.306316768750548
0.105461549013853 0.304932298138738
0.13114002533257 0.327311174944043
0.093395636882633 0.35961450310424
0.099133416544646 0.336636301595718
0.0796056133694947 0.291078578215092
0.0373370032757521 0.23471437394619
0.0246008601970971 0.223326975945383
0.0641046757809818 0.287899328861386
0.0316028404049575 0.302904924377799
0.0176917822100222 0.258811919949949
0.0170976482331753 0.253091822843999
0.0239516384899616 0.322087978478521
0.0375741268508136 0.342514046002179
0.0054244757629931 0.318901726044714
0.00265436759218574 0.190789551008493
0.0105675640515983 0.189269345719367
0.0101457550190389 0.118990421295166
0.0179541921243072 0.113271915819496
0.0195296532474458 0.108094197232276
0.040051294490695 0.119714668486267
0.0161032085306942 0.141447170171887
0.0211408128961921 0.14647969044745
0.11799551686272 0.175525749102235
0.100524003151804 0.173937064129859
0.0747478222474456 0.186923144385219
0.025537911336869 0.185547492466867
0.0418926859274507 0.194962126668543
0.109902486670762 0.197330975439399
0.0197113691829145 0.199971926398575
0.048586895223707 0.226750086061656
0.0976206203922629 0.266288025770336
0.125263755209744 0.278040774632245
0.0914100506342947 0.235260956920683
0.125573934055865 0.256025415845215
0.150305504910648 0.261381590738893
0.17404321487993 0.293207352049649
0.187132251448929 0.304028742015362
0.210165896918625 0.316191374789923
0.216038691811264 0.351053138729185
0.168931981548667 0.377836666535586
0.201907134614885 0.369932181667536
0.241024531889707 0.372660061810166
0.243715465068817 0.365578114520758
0.255575458984822 0.359417717903852
0.295893597882241 0.37870664242655
0.325599849224091 0.419767194893211
0.310404358897358 0.409601273480803
0.260959499515593 0.405796191189438
0.165236836764961 0.38968891184777
0.152770226821303 0.418058229610324
0.194256966467947 0.436489961110055
0.200009722728282 0.444582930300385
0.217681996524334 0.445121360942721
0.195249926298857 0.416272812057287
0.260878196451813 0.440225693397224
0.310196512378752 0.435916814021766
0.399896786082536 0.430799382273108
0.392505350988358 0.364985136780888
0.360515102744102 0.367239999584854
0.344258635304868 0.354703978169709
0.335544077213854 0.3406224809587
0.285534254740924 0.341385711915791
0.272875759284943 0.329170248936862
0.314937549643219 0.32825281098485
0.324222086928785 0.325833355542272
0.361073871143162 0.34602734586224
0.376662425231189 0.346080852206796
0.42189467465505 0.348941093310714
0.362058597616851 0.306786523200572
0.347499198745936 0.259091200772673
0.280941168777645 0.273409339599311
0.34526530560106 0.284503154456615
0.337071416899562 0.305871729273349
0.329958637244999 0.297889350913465
0.293372523039579 0.293033034075052
0.272657205816358 0.300201078876853
0.225048007909209 0.29734200052917
0.222657388076186 0.294676120392978
0.222220656462014 0.283188815694302
0.265246148686856 0.258250850252807
0.293453492689878 0.228825804777443
0.337599507067353 0.255372910760343
0.33892669249326 0.252855636179447
0.337562473490834 0.213675388600677
0.312485015019774 0.207843701820821
0.255041046533734 0.203137945849448
0.263892502058297 0.219665698707104
0.25857556425035 0.220429970882833
0.267369887325913 0.224001897964627
0.218717558775097 0.280397317837924
0.216838274616748 0.280534665100276
0.185918197035789 0.258637375198305
0.125102773774415 0.238314269576222
0.117903054691851 0.216240377631038
0.151148097589612 0.214049217756838
0.166131499223411 0.22901678038761
0.259542975109071 0.229366193059832
0.203532507643104 0.218728527892381
0.145409801974893 0.197844587266445
0.21323505230248 0.177691302262247
0.234607577789575 0.18458367139101
0.25137381721288 0.19283564761281
0.305938784498721 0.178811742924154
0.386711963452399 0.16320811631158
0.389804750215262 0.122577194590122
0.414305031299591 0.143189412076026
0.436510507948697 0.144672070629895
0.43585078464821 0.104227061383426
0.390206924173981 0.0766800432465971
0.374886534176767 0.086609919089824
0.369132097810507 0.0910646528936923
0.428479721769691 0.111032507382333
0.384652958251536 0.110760387033224
0.383482316508889 0.116682161577046
0.386474959552288 0.148393695242703
0.32507424429059 0.129408293869346
0.319374233484268 0.143560615368187
0.3512475755997 0.144803771749139
0.36407017102465 0.165398014709353
0.310022733174264 0.177027390804142
0.267320989631116 0.155994776636362
0.224770633038133 0.150496060028672
0.195082508027554 0.159227776806802
0.16051575820893 0.169674072880298
0.131956710014492 0.145410344004631
0.134501895867288 0.142412676475942
0.165277602616698 0.14338546898216
0.212601891253144 0.146503404248506
0.247405409347266 0.126662504393607
0.272182477638125 0.12669747043401
0.24462562520057 0.0972323892638087
0.256775604560971 0.103439788334072
0.217639260925353 0.0601293360814452
0.220599389169365 0.0664133466780186
0.186777840834111 0.0572350639849901
0.202590375673026 0.0812140251509845
0.188372775912285 0.0813351576216519
0.169120073784143 0.127251116093248
0.157808950170875 0.131646009162068
0.137891278136522 0.121471703983843
0.123149619903415 0.116847937460989
0.0904609854333103 0.0882408171892166
0.0802618903107941 0.07222530990839
0.0816168608143926 0.0685398122295737
0.157527164556086 0.0984022337943316
0.171483380254358 0.0743718543089926
0.0482526458799839 0.0236476333811879
0.0529313222505152 0.0375299486331642
0.0682918238453567 0.0608831103891134
0.10907067777589 0.123220284469426
0.0999623429961503 0.126637218054384
0.0989903793670237 0.137279207352549
0.0396236176602542 0.0955925756134093
0.0780871254391968 0.0907892077229917
0.0655265031382442 0.0815619053319097
0.0237667756155133 0.0518064862117171
0.0615645172074437 0.0698610469698906
0.0272762095555663 0.00767057901248336
0.00586657086387277 0.00453082099556923
0.101372254546732 0.00632813293486834
0.174312710762024 0.0021774610504508
0.2009746148251 0.023593679536134
0.221468657720834 0.0176391652785242
0.29884706158191 0.0094958427362144
0.389797515701503 0.0314225307665765
0.387822921853513 0.0333325057290494
0.372707213740796 0.0430733226239681
0.261957831680775 0.0337067502550781
0.196305095683783 0.0270504835061729
0.0813072463497519 0.0236359187401831
0.168533310759813 0.0369020234793425
0.192531060427427 0.0431451750919223
0.241618900559843 0.0588809861801565
0.291555219329894 0.120920574758202
0.31205879477784 0.102367394138128
0.302299676928669 0.0736910616979003
0.380138972774148 0.0519273863174021
0.403344962280244 0.031388112809509
0.426167981233448 0.0532355243340135
0.535931862425059 0.0554023711010814
0.51636080397293 0.0517361904494464
0.451141508296132 0.0153463818132877
0.472149493638426 0.010023538954556
0.878507782239467 0.0123906265944242
0.851234594359994 0.0331779904663563
0.880067166872323 0.05589748499915
0.883135473355651 0.110239577945322
0.874982514884323 0.214696625713259
0.827451789285988 0.331751910969615
0.856272824574262 0.199236067943275
0.843077733647078 0.148931060452014
0.830791082233191 0.151258209720254
0.808926358353347 0.107715281192213
0.804302567616105 0.098066333681345
0.847048920579255 0.0732670454308391
0.847844410222024 0.0688382126390934
0.832197281997651 0.0280569125898182
0.811191699933261 0.0531959077343345
0.83483952190727 0.0704920324496925
0.800763597246259 0.0829629390500486
0.800342976115644 0.0737397628836334
0.809783393982798 0.0545976175926626
0.784784174524248 0.0256681679747999
0.755954766646028 0.0137714608572423
0.774449958465993 0.0455335178412497
0.756300486624241 0.0408454998396337
0.728548251092434 0.0325290644541383
0.741558307316154 0.0849193809553981
0.721712402068079 0.0316277542151511
0.725355294067413 0.0707729212008417
0.730234979186207 0.0816612797789276
0.727139830123633 0.0953261074610054
0.711843790952116 0.104786496143788
0.702345434576273 0.0985225937329233
0.661528741475195 0.120761812664568
0.649034552276134 0.11276183789596
0.672151298262179 0.15259521221742
0.664343891665339 0.176299877464771
0.656306709162891 0.147817795630544
0.646999419201165 0.143254182767123
0.624910620041192 0.145113271195441
0.618512059096247 0.144831619691104
0.597178142517805 0.128922025673091
0.603337200824171 0.154899327084422
0.632354796398431 0.160470466595143
0.659240702632815 0.173675800673664
0.591566089075059 0.1656259954907
0.549396613612771 0.155118511989713
0.512683865148574 0.156745021231472
0.504718175623566 0.130596281960607
0.522417621221393 0.136028698645532
0.553867016453296 0.116010911297053
0.545927867293358 0.108743428718299
0.54471896449104 0.107167237903923
0.616190773434937 0.0923743341118097
0.690511651802808 0.0928050703369081
0.652314519509673 0.0841139717958868
0.633911568205804 0.0761195910163224
0.704760374501348 0.0892940466292202
0.693566905800253 0.0405814726836979
0.679245898965746 0.046422007959336
0.6915064281784 0.0390966506674886
0.642194559331983 0.0520609822124243
0.601130363531411 0.0529407230205834
0.581237173639238 0.0865501053631306
0.596234346739948 0.0961993578821421
0.504115573596209 0.0714293718338013
0.494663316290826 0.0822338303551078
0.505316413938999 0.0892401477321982
0.49061992764473 0.112314469181001
0.457856309134513 0.0988166099414229
0.479398486670107 0.154951384756714
0.477456714492291 0.158061592839658
0.507578800898045 0.153023939114064
0.411642098333687 0.17002118518576
0.435132425278425 0.180759968236089
0.371640569064766 0.178963684476912
0.384675988461822 0.194262390490621
0.408712686505169 0.205778430681676
0.504750782158226 0.185805313289165
0.512323788832873 0.162188006564975
0.579924176912755 0.243206560146064
0.591646092012525 0.234630349557847
0.550486036576331 0.177872058935463
0.520159596111625 0.164467196445912
0.614371250383556 0.191976909991354
0.644228036049753 0.205854010768235
0.647075009997934 0.226833070162684
0.614057356026024 0.245881333015859
0.647007231134921 0.281302087474614
0.571713095065206 0.337273785378784
0.606850704178214 0.332869648467749
0.621374698821455 0.316337301861495
0.647317005787045 0.33469032170251
0.684553770814091 0.349224073812366
0.680152609013021 0.364889341406524
0.697871691547334 0.371841125655919
0.733064199332148 0.434587879106402
0.767383416648954 0.391988943796605
0.769285540562123 0.383906197734177
0.744822677224874 0.311034897807986
0.694232480600476 0.309115823358297
0.689173356164247 0.329088083468378
0.670667478814721 0.325067828409374
0.69073689635843 0.33672021701932
0.710020710714161 0.371522352099419
0.653557209763676 0.310795294586569
0.672037714160979 0.317726660054177
0.67095188004896 0.288084446452558
0.713154852390289 0.245254190638661
0.738438627216965 0.223017825745046
0.732961988076568 0.198573023080826
0.77087862836197 0.317249865736812
0.755691843573004 0.227491766214371
0.737506159581244 0.162842784076929
0.724901206791401 0.187146192416549
0.691679048351943 0.240164502523839
0.675166806671768 0.233785420656204
0.707019463647157 0.197598940692842
0.705411382950842 0.180857952684164
0.654604501556605 0.20798477018252
0.69308759085834 0.173862716183066
0.682748041581362 0.175120070576668
0.685739237815142 0.127621206454933
0.697685022838414 0.141620090231299
0.727035189047456 0.114247940480709
0.757707155775279 0.11149229388684
0.779217701405287 0.164939455222338
0.789792535360903 0.225991622544825
0.785555445589125 0.22813701024279
0.831436283420771 0.363127834629267
0.829597999807447 0.398882448207587
0.812745462637395 0.455095455981791
0.785298229195178 0.504386743996292
0.778856621589512 0.512897142209113
0.754589849151671 0.559750172309577
0.763115209527314 0.562443864066154
0.774087895639241 0.552362920250744
0.814323422499001 0.460886114742607
0.83218705561012 0.432373239193112
0.83058761479333 0.424102388788015
0.852085752412677 0.375554324127734
0.843680026941001 0.365836509503424
0.865370018873364 0.346852736547589
0.856944906059653 0.377874462865293
0.878107558004558 0.311338311526924
0.876449710223824 0.313083892688155
0.880674647167325 0.295425422489643
0.890093812718987 0.234668670687824
0.907740938942879 0.178396108094603
0.874825940467417 0.233568298630416
0.89766150387004 0.137559566646814
0.884897634387016 0.138066821731627
0.888892463408411 0.045054386369884
0.915714723523706 0.0708656474016607
0.924585705157369 0.0818363423459232
0.927567123901099 0.0950002050958574
0.930183846503496 0.0992979984730482
0.955072084907442 0.132016043178737
0.978203841019422 0.123321312479675
0.968478761613369 0.121326194144785
0.943941834848374 0.0544733782298863
0.95503391418606 0.0495825144462287
0.969639516901225 0.0943717346526682
0.9825016153045 0.0658685560338199
0.993174862116575 0.114335347432643
0.999375310726464 0.229907024651766
0.999378520064056 0.233452294021845
0.996843752916902 0.220739675685763
0.999249811284244 0.318454885855317
0.993704651482403 0.341459842398763
0.979897200595587 0.349639419000596
0.981888049282134 0.262579817790538
0.993029641918838 0.191394257824868
0.982617325615138 0.158510802313685
0.964030291419476 0.156732494011521
0.951588195748627 0.23246997082606
0.961602942552418 0.249964954797179
0.95982259651646 0.379311902448535
0.952775727957487 0.384238007012755
0.941588515415788 0.343832026235759
0.940308628138155 0.318248078692704
0.935192533303052 0.262321382761002
0.925769455265254 0.399057075381279
0.943726447410882 0.492097316775471
0.953752636443824 0.568903272971511
0.961492856033146 0.383809137158096
0.963658850640059 0.452050493564457
0.961943894159049 0.528988406062126
0.957682309672236 0.589914869982749
0.951752176508307 0.670873669907451
0.935208322480321 0.480426395777613
0.929513300769031 0.419389786198735
0.928995075635612 0.48253957182169
0.92904457077384 0.533286532852799
0.919370706193149 0.629553138278425
0.938230299856514 0.625867682974786
0.934341649059206 0.667281072121114
0.939489950891584 0.689847188070416
0.944157337769866 0.709500664845109
0.935802026186138 0.760016815271229
0.925591253209859 0.792282845824957
0.905787843279541 0.812984164338559
0.919128259643912 0.790917024482042
0.929166088812053 0.652877694927156
0.889409058261663 0.811296260450035
0.886337289121002 0.830713408533484
0.913942656014115 0.896828134078532
0.937698187306523 0.809488048776984
0.940593283157796 0.803546524140984
0.960093675646931 0.744249592535198
0.981948846019804 0.418140556663275
0.976667454466224 0.500503826886415
0.975381595548242 0.535416203085333
0.955558733083308 0.857343349605799
0.949733292218298 0.872586188372225
0.958646289072931 0.85853107413277
0.987026907969266 0.561609116382897
0.994232798926532 0.532334927003831
0.968290905002505 0.855832376517355
0.968325500376523 0.888751683291048
0.960761625785381 0.898620532359928
0.945820902008563 0.941390057094395
0.968257505912334 0.932340255472809
0.980007014237344 0.82266342965886
0.983348041307181 0.767204613424838
0.987929564435035 0.683634419925511
0.998461354989558 0.694130459800363
0.987157337833196 0.751120725646615
0.980487218592316 0.849980998318642
0.972775148693472 0.912793032824993
0.985814039595425 0.923887889366597
0.994017754681408 0.896167804952711
0.992451915983111 0.914946969598532
0.985218997579068 0.988686731550843
0.949105581734329 0.988360105548054
0.955421560909599 0.967717576771975
0.951707690488547 0.969113643281162
0.934675886295736 0.980929802171886
0.934573333710432 0.967794409021735
0.907819173298776 0.939905185718089
0.908486756961793 0.959926574490964
0.899793924298137 0.988468407187611
0.909380404278636 0.989510961342603
0.694441741798073 0.993583288509399
0.659766004420817 0.985395687632263
0.678397754207253 0.923072728794068
0.676613012794405 0.906055812723935
0.686194118112326 0.899387423880398
0.717481193132699 0.826661720871925
0.721672610379755 0.821770030073822
0.752181566786021 0.807224015239626
0.700515555683523 0.963062630034983
0.709262024611235 0.976816916838288
0.740162258036435 0.933223165106028
0.752626283094287 0.936487001832575
0.75344764161855 0.943342923186719
0.753642292693257 0.95144361956045
0.728236738126725 0.984436105936766
0.729761014692485 0.988538142759353
0.83706708997488 0.987885842565447
0.90422533499077 0.973825295921415
0.846533976495266 0.979484328534454
0.87052605021745 0.954161257483065
0.851607577875257 0.934473257977515
0.768786419648677 0.935442593414336
0.763559530023485 0.917887210380286
0.769030211959034 0.918882272206247
0.809168316889554 0.90588636463508
0.837963275611401 0.911427384708077
0.903992470353842 0.915850336663425
0.879876536782831 0.899735488463193
0.884393068961799 0.879681247286499
0.885581557638943 0.85391153767705
0.866650891490281 0.861455599311739
0.850302672944963 0.842476075980812
0.834881726652384 0.883358989376575
0.801509926561266 0.865582454483956
0.793817608617246 0.88041541306302
0.741867508273572 0.890718210488558
0.767796328291297 0.810089858714491
0.806295362766832 0.809548802208155
0.828200365882367 0.845194609835744
0.844976120162755 0.751526481006294
0.840340222697705 0.767170381732285
0.837370787747204 0.750642290338874
0.80582426302135 0.799055628012866
0.788383303675801 0.800624662078917
0.80928754247725 0.762193347327411
0.77438507322222 0.730381539091468
0.781665455549955 0.710351706948131
0.83928415318951 0.726876167114824
0.830468038562685 0.683737273328006
0.868604995310307 0.578505564946681
0.868235579691827 0.626043327152729
0.88715175865218 0.685424112714827
0.876442348118871 0.717395766172558
0.874047390650958 0.735322602558881
0.875601734500378 0.771738281007856
0.904367420356721 0.64227537997067
0.908756748773158 0.577336801681668
0.909264962654561 0.57080590352416
0.887416951358318 0.51835666783154
0.858168282546103 0.561354316305369
0.892342395614833 0.452880672644824
0.907478687819093 0.473653780296445
0.911390342283994 0.481730096507818
0.921059733256698 0.477471093181521
0.916282004211098 0.447164993733168
0.914482418447733 0.432016961742193
0.906802836805582 0.381971284281462
0.894202905707061 0.417683659587055
0.897713185753673 0.403896631672978
0.891591437160969 0.397864939644933
0.874283524230123 0.478760531172156
0.864673156756908 0.497373764868826
0.848106443416327 0.550492402166128
0.834408258087933 0.601299231871963
0.84693169593811 0.542913643177599
0.832528727129102 0.5565329734236
0.800111840944737 0.617096159141511
0.800397269427776 0.530340586788952
0.851873965468258 0.411401295568794
0.855452986899763 0.459195403382182
0.857318460475653 0.496239981614053
0.905397177673876 0.298989242874086
0.9074204149656 0.275976547971368
0.908406688366085 0.312803450040519
0.935231457464397 0.251452330965549
0.940234417561442 0.241138197015971
0.928443328477442 0.146875687409192
0.916616250295192 0.17100533656776
0.922871588729322 0.191098452080041
0.906624421942979 0.256736705079675
0.903105187695473 0.234396267216653
0.901927496772259 0.256342202425003
0.903083845507354 0.302907464560121
0.784293591510504 0.535594726912677
0.766090042423457 0.584458290599287
0.712939924094826 0.645090179983526
0.745026407297701 0.610547325573862
0.756909235846251 0.604953544214368
0.789176831487566 0.612839234992862
0.758123539853841 0.654621451627463
0.756663415115327 0.682149180676788
0.703712769318372 0.684183518402278
0.736768598202616 0.721458853688091
0.771534517873079 0.698279292322695
0.785758838988841 0.670717680361122
0.75809935759753 0.756601159460843
0.730379784014076 0.726344222668558
0.718913736287504 0.711762678343803
0.711059304419905 0.703042054083198
0.679432211443782 0.772243649698794
0.66439069295302 0.779592781327665
0.662556577008218 0.720017291605473
0.62793751526624 0.781387266237289
0.639638614375144 0.770966584794223
0.647073686588556 0.801336440257728
0.716778481844813 0.7944440045394
0.655185608193278 0.818455713801086
0.640193442348391 0.840849259402603
0.661152647342533 0.8664461793378
0.630092273466289 0.866241452749819
0.630642685107887 0.889927714597434
0.657319192308933 0.910247633233666
0.598887566011399 0.902203241363168
0.520015840884298 0.945701528340578
0.569422591943294 0.877381505910307
0.562805619090796 0.873867463786155
0.599363535176963 0.8629743992351
0.621548037976027 0.839819907676429
0.578611023258418 0.830851152539253
0.593507136683911 0.846828960347921
0.53715449385345 0.853887661360204
0.533265906386077 0.85232057236135
0.53380947932601 0.885735387448221
0.521334921009839 0.914841774385422
0.515962658450007 0.890005118213594
0.455957248341292 0.926733904052526
0.534457632340491 0.847602667286992
0.538443184923381 0.847716948948801
0.56657887622714 0.82295277249068
0.581522216554731 0.825524611398578
0.58326097484678 0.806141023989767
0.570368261542171 0.806824814062566
0.552218249067664 0.810109174344689
0.502852834761143 0.85077223693952
0.517019191756845 0.846537050325423
0.469721646979451 0.885249433573335
0.419743839185685 0.914629510603845
0.431995207909495 0.91004538629204
0.454709161538631 0.922837992198765
0.435143685434014 0.950258830096573
0.370579226408154 0.953974789939821
0.565423079766333 0.966488886624575
0.637800864409655 0.935535686090589
0.622769688721746 0.945697361137718
0.631360455881804 0.948952538426965
0.621779814828187 0.960945567581803
0.625013196375221 0.964774819090962
0.613094423431903 0.975235372316092
0.427550022024661 0.988558258395642
0.423490677960217 0.992394355591387
0.351636687293649 0.995944827795029
0.362214253749698 0.968876287341118
0.270023364573717 0.982130899094045
0.235661541577429 0.988498794846237
0.221968110185117 0.990708953235298
0.285209005698562 0.962550369556993
0.319411265198141 0.968063148204237
0.347569790203124 0.937344306148589
0.366474034730345 0.903845132794231
0.342080963775516 0.965719874016941
0.394469914026558 0.928928440436721
0.413204060401767 0.914741446264088
0.449430149514228 0.890039374586195
0.4601343953982 0.874602794647217
0.468616911675781 0.86629479425028
0.489014836028218 0.806550154462457
0.50559280347079 0.798401596955955
0.560768691822886 0.778591405134648
0.597652877215296 0.782431694678962
0.642133385874331 0.751907085068524
0.628417985979468 0.731357280630618
0.646175014786422 0.717253857757896
0.640216941479594 0.736644289921969
0.672604863997549 0.699866217561066
0.672035540919751 0.695238596294075
0.682719194330275 0.684710931498557
0.621855394914746 0.5990742421709
0.630792553536594 0.586738504003733
0.639630322344601 0.581175565253943
0.655459885019809 0.594309490174055
0.669664351735264 0.605635976418853
0.59438598016277 0.469672415405512
0.583998615853488 0.438951218500733
0.597228748723865 0.426338708493859
0.597507283091545 0.439941658172756
0.594399583060294 0.450620396528393
0.598336129449308 0.455178257077932
0.658941761124879 0.523456941824406
0.684915075544268 0.564927589148283
0.682753987144679 0.623288348782808
0.687790253665298 0.657407800201327
0.792819134891033 0.455001770984381
0.813946257345378 0.378403091803193
0.812800088431686 0.363854845054448
0.805445031262934 0.340933229774237
0.802795625291765 0.352984566707164
0.797921486664563 0.322440546937287
0.788450363557786 0.321360053028911
0.783801229670644 0.320806278381497
0.794395232573152 0.38549206033349
0.781778310891241 0.455809635575861
0.741878594271839 0.541451557539403
0.741335911676288 0.528967470861971
0.738325356971473 0.535389801487327
0.634717361535877 0.491507069207728
0.634619609918445 0.466673962306231
0.668290871661156 0.44316434673965
0.731219814158976 0.513285329565406
0.733448556624353 0.490642644930631
0.737214675173163 0.493390523828566
0.782746413256973 0.402565543539822
0.752234374638647 0.458938844036311
0.729715240187943 0.450133550446481
0.68639918230474 0.416417968925089
0.632579314056784 0.405911655630916
0.600145240779966 0.391384849324822
0.597565299365669 0.393005018122494
0.588145666290075 0.395936421584338
0.580454634036869 0.363777901045978
0.551498227287084 0.336320582777262
0.554714545141906 0.322715595830232
0.574428403750062 0.324573932681233
0.608972239308059 0.294322102330625
0.61062835669145 0.279838639311492
0.566942082252353 0.282666070852429
0.560778158716857 0.27992880018428
0.575849786400795 0.261755972635001
0.528741533868015 0.197710429783911
0.512043771333992 0.214526992291212
0.501475495286286 0.232168233022094
0.480132017284632 0.23836773307994
0.467813385184854 0.234807952307165
0.459385072812438 0.257429332938045
0.416887691710144 0.239521764684469
0.384530887007713 0.246394117362797
0.428448923863471 0.302728439681232
0.435723252594471 0.288710820488632
0.431723270565271 0.284547891002148
0.425377508625388 0.28471991000697
0.43172927107662 0.268130023032427
0.447199974674731 0.289140303153545
0.442472652997822 0.293602976482362
0.480651010759175 0.30236344691366
0.486249227076769 0.291220225393772
0.48631197353825 0.329085954464972
0.414926684927195 0.331784686073661
0.478937176056206 0.346027824562043
0.455595513805747 0.380931757390499
0.495090237818658 0.35764485783875
0.504751118831336 0.321107654366642
0.502801356837153 0.312821805477142
0.502618038561195 0.301630988251418
0.502356586977839 0.274413380306214
0.507024218793958 0.257182794623077
0.553316346835345 0.271838719956577
0.546522777993232 0.278220311738551
0.558175947051495 0.312635148409754
0.394909266382456 0.449899564497173
0.382343980949372 0.471808597911149
0.374098164029419 0.465212705545127
0.346302916761488 0.471414376515895
0.340578448493034 0.471365456469357
0.254817056003958 0.493086742702872
0.239514897111803 0.501928567420691
0.275747179053724 0.506547138560563
0.372346863616258 0.476679305545986
0.344681137241423 0.520600755233318
0.287628141697496 0.547429301310331
0.351911373436451 0.495285483077168
0.313409537542611 0.511458433233202
0.304430710617453 0.51747244829312
0.277648294344544 0.521075845230371
0.179857751354575 0.507471241056919
0.264158770442009 0.462740083690733
0.2094247629866 0.473986357450485
0.195116798393428 0.45502250874415
0.156486222986132 0.431342996656895
0.166275719646364 0.461155795957893
0.157955933362246 0.46947866352275
0.166940935887396 0.4735366278328
0.136799223721027 0.484066509176046
0.125321181956679 0.487793628126383
0.263276075478643 0.567957140039653
0.25592335825786 0.575856952928007
0.305534424260259 0.622362156398594
0.224609192926437 0.572240558918566
0.161142997909337 0.548697859514505
0.219297645613551 0.591664514970034
0.199905041139573 0.597142482176423
0.208965788595378 0.625619667582214
0.154111822135746 0.692305117845535
0.172972101718187 0.679898769594729
0.213065015152097 0.622998576145619
0.240476707462221 0.610624697059393
0.23815631493926 0.596107384189963
0.279430590569973 0.616630829870701
0.269452881999314 0.637580187991261
0.268674211576581 0.638332709670067
0.274305478669703 0.644339044578373
0.280120307579637 0.634443935938179
0.327010654378682 0.644322137348354
0.304498213808984 0.67157343449071
0.272649875376374 0.684816376306117
0.26324088126421 0.680914119351655
0.234574776142836 0.705579993780702
0.266952007543296 0.689283937681466
0.262831151485443 0.698615867644548
0.195618277415633 0.728060439229012
0.235795311629772 0.663032927084714
0.251645340118557 0.632637543138117
0.136492003221065 0.734995177946985
0.0831115837208927 0.767314074095339
0.0564382080920041 0.823525184765458
0.0756748276762664 0.81652706163004
0.131230149418116 0.768149440642446
0.127308438997716 0.765360936522484
0.146843013353646 0.771133108064532
0.136818085797131 0.792746932245791
0.162329643033445 0.758059069048613
0.200208466965705 0.742427081335336
0.236049992032349 0.720534831285477
0.210504305548966 0.755137962754816
0.174212709534913 0.776632840745151
0.188683353830129 0.772510888520628
0.185568195302039 0.781964619643986
0.177943284157664 0.782797343097627
0.103930681478232 0.816689084284008
0.102322288788855 0.816730101127177
0.112757665105164 0.82747517619282
0.126149472314864 0.838546912185848
0.0945565556176007 0.872161020990461
0.110515625681728 0.904794057831168
0.141646447125822 0.887171852402389
0.140707454644144 0.866142973303795
0.136371415108442 0.835863743443042
0.187612880952656 0.795430701225996
0.192243395373225 0.780502643436193
0.294367149472237 0.697469626553357
0.252297563478351 0.744485383387655
0.230626252479851 0.7597592221573
0.196198559366167 0.787710624746978
0.187176804989576 0.805085024330765
0.195540970657021 0.841781306546181
0.21901375753805 0.812894181348383
0.245553355198354 0.784006508532912
0.302973506506532 0.719770391937345
0.333734227810055 0.695210048928857
0.389547119382769 0.663238666485995
0.373231989331543 0.650455820839852
0.348293059971184 0.678395738359541
0.320594111923128 0.673750982154161
0.340319059323519 0.643415259197354
0.342653386294842 0.602122345007956
0.292150713969022 0.588603451382369
0.28898704983294 0.581027564126998
0.313545390032232 0.556728274095803
0.373856298159808 0.520681777969003
0.355839634779841 0.55328003782779
0.383779204916209 0.526658177375793
0.409371211659163 0.506957321427763
0.420038578100502 0.482001094613224
0.421448020730168 0.456527454312891
0.46978658111766 0.44274140894413
0.474639206659049 0.421947949100286
0.47344676265493 0.4212058163248
0.430889578536153 0.432660374324769
0.41163244144991 0.437922246754169
0.493004960939288 0.375945883337408
0.509109147358686 0.36282028676942
0.537462775595486 0.339025903958827
0.521091975271702 0.366438983939588
0.503055325709283 0.378722864668816
0.512883741408587 0.381589542608708
0.507534769363701 0.395597298629582
0.464907931629568 0.45313278073445
0.422852235846221 0.49879122665152
0.476301142480224 0.478065315168351
0.476460713427514 0.474900381173939
0.479503440205008 0.456574350595474
0.490772810764611 0.437895494978875
0.504756996408105 0.425024849828333
0.468410140369087 0.494415395427495
0.449224007781595 0.500593868549913
0.434773268643767 0.513661922421306
0.386476233135909 0.562785813119262
0.417006472125649 0.559568249620497
0.468757279682904 0.526690535247326
0.460390865802765 0.54497884772718
0.459346134681255 0.578730153851211
0.483744408003986 0.582879928871989
0.493396257515997 0.589538839180022
0.496740758884698 0.589032786432654
0.488361295778304 0.526922269724309
0.484739103820175 0.518429358489811
0.514597774483263 0.480430571828038
0.507651906460524 0.451108888257295
0.536129237618297 0.428174846805632
0.542669296264648 0.402274889405817
0.609199992381036 0.516675374470651
0.586365115363151 0.495013845153153
0.572802967391908 0.511001327075064
0.559002557769418 0.526108413469046
0.599922900088131 0.520180165302008
0.608871093485504 0.556180152110755
0.605105932801962 0.55692523252219
0.6226910604164 0.576633384916931
0.595767434220761 0.577110568992794
0.61089109769091 0.589593758806586
0.614682286046445 0.612968591041863
0.610248962882906 0.631837171502411
0.631254149600863 0.663970168214291
0.634556176606566 0.708704856224358
0.622981632594019 0.725261451210827
0.598950793966651 0.707234187051654
0.622182619292289 0.680914922151715
0.582648013718426 0.672163144219667
0.568456803448498 0.6814756821841
0.517857486382127 0.709405293222517
0.539325070101768 0.68942428054288
0.557475499343127 0.658774096984416
0.497116654645652 0.696592221502215
0.463165588211268 0.715373293496668
0.401503877248615 0.723446356598288
0.399662281386554 0.694678417406976
0.393533859401941 0.691149260848761
0.473273524548858 0.694199959747493
0.504243644885719 0.683634845539927
0.512646255083382 0.633687742985785
0.562038398347795 0.639383320230991
0.577449606265873 0.651131142862141
0.588404799811542 0.625486948993057
0.565750284586102 0.560232766438276
0.538039962761104 0.536555713508278
0.540297389030457 0.596543133724481
0.508341561071575 0.628290245775133
0.512941325083375 0.600405958481133
0.50402719900012 0.593162111006677
0.447947311680764 0.614303642418236
0.457051801495254 0.590235731098801
0.458587933331728 0.583699864801019
0.403414472006261 0.587654611095786
0.423728071618825 0.602438900619745
0.471828177105635 0.634372254367918
0.471489602699876 0.65074302861467
0.453297343570739 0.639301103539765
0.427909948863089 0.640723825898021
0.381864664610475 0.676646920386702
0.367621496319771 0.692608639132231
0.360621603671461 0.692770881112665
0.296783077530563 0.751395151484758
0.361543674953282 0.724963752087206
0.351253014057875 0.810018959455192
0.392323824577034 0.771712239831686
0.412570795975626 0.761994446627796
0.592460351530463 0.684545921627432
0.584473868366331 0.71712568262592
0.594509444665164 0.732240230310708
0.586445062421262 0.729265476111323
0.539764931425452 0.723518481012434
0.522828696295619 0.751505909953266
0.522658639587462 0.764098469167948
0.492402261588722 0.760773851070553
0.443775308318436 0.828831532970071
0.470564741175622 0.817051645833999
0.429397605825216 0.848822454921901
0.470262674614787 0.823705201502889
0.441923141945153 0.867900053970516
0.407467121258378 0.898385175038129
0.380640747025609 0.923291001934558
0.395834495313466 0.88175026094541
0.352194391191006 0.87807224644348
0.396091127302498 0.872023883275688
0.326970052905381 0.872413048986346
0.403961362317204 0.830193166621029
0.442134149838239 0.828480148222297
0.44765282003209 0.816416725050658
0.464060766156763 0.775895121973008
0.441765899769962 0.766139094717801
0.402580142021179 0.798344404902309
0.385126409586519 0.802562640048563
0.376310123130679 0.803673744667321
0.317575201857835 0.87944792676717
0.338370128069073 0.904252133797854
0.215594618581235 0.984648922923952
0.215716038364917 0.965634529944509
0.25247967755422 0.954755532089621
0.299805199727416 0.916014323942363
0.273342493455857 0.929044485557824
0.143986237701029 0.998600247781724
0.2542609507218 0.929639615118504
0.303909024223685 0.90019285492599
0.188470721244812 0.961653623729944
0.11541994754225 0.965433625504375
0.0996657949872315 0.992282616440207
0.106612515170127 0.963311383966357
0.161869685165584 0.950372658204287
0.18042355356738 0.934112122748047
0.255597017705441 0.895205781329423
0.298285093624145 0.888896603137255
0.30471448879689 0.87936930404976
0.240847266279161 0.875082750804722
0.207530493848026 0.906475184485316
0.201549595221877 0.878666710108519
0.28586002998054 0.818880109582096
0.210947598330677 0.837085977196693
0.253608946688473 0.83713581925258
0.141827641520649 0.905320995487273
0.155252259224653 0.911110689397901
0.186580636072904 0.901588822714984
0.110205270349979 0.948028832674026
0.0986891645006835 0.956230135634542
0.109509076923132 0.9396259537898
0.141766916029155 0.894632344599813
0.102815828286111 0.940116320736706
0.0890464764088392 0.961200163234025
0.0803672922775149 0.980729138944298
0.0431132549419999 0.983835020102561
0.0380254606716335 0.977913304232061
0.00893679307773709 0.972026660107076
0.0828636242076755 0.970167151652277
0.0909766224212945 0.909548113122582
0.0669651888310909 0.93531497893855
0.0613244716078043 0.912881792988628
0.0120604024268687 0.943060106132179
0.0491004749201238 0.879188027698547
0.0785429254174232 0.864473429974169
0.0845585116185248 0.84316514339298
0.0659057321026921 0.846585398539901
0.00139565393328667 0.916801613289863
0.0126790790818632 0.901302807964385
0.0301011111587286 0.847394796088338
0.0154290464706719 0.781214633956552
0.019048138987273 0.77981064049527
0.0460714064538479 0.783192798960954
0.0204817815683782 0.776323092635721
0.0195240746252239 0.764650877565145
0.0253699207678437 0.703993826638907
0.0451242458075285 0.697901806328446
0.0672725336626172 0.723330909386277
0.0915569788776338 0.75003164447844
0.132647069171071 0.698089302517474
0.16773935733363 0.658320281188935
0.174544443842024 0.636687450110912
0.187588887754828 0.604241132270545
0.125182655639946 0.666314731817693
0.130477082449943 0.666441753972322
0.096301375888288 0.7047084919177
0.0479738265275955 0.659740691073239
0.081350427120924 0.627675554715097
0.101439644116908 0.61012465134263
0.102116206660867 0.558497273363173
0.0831024218350649 0.549387028906494
0.0527729555033147 0.600464046932757
0.0534666986204684 0.592942216433585
0.00899553950875998 0.711607761215419
0.0130697945132852 0.660151168704033
0.00428080605342984 0.562176732812077
0.00579611677676439 0.484268830623478
0.0810242043808103 0.511563028208911
0.023991129361093 0.459654859732836
0.0734387654811144 0.492767123971134
0.0938257812522352 0.514808220788836
0.106939692981541 0.544141456019133
0.113574494142085 0.566444393247366
0.142911330331117 0.554649068973958
0.136941368691623 0.552864999044687
0.13783419597894 0.532150093000382
0.114677440840751 0.495897292625159
0.0845600864849985 0.47301302710548
0.0456442711874843 0.464761162176728
0.0144897890277207 0.432301439810544
0.0106439907103777 0.412711577955633
0.0143468654714525 0.410230467095971
0.0194406597875059 0.411696256604046
0.0758605943992734 0.452381965238601
0.0892352620139718 0.432515076827258
0.0616409685462713 0.423340321984142
0.0369984772987664 0.402475501410663
0.0296575594693422 0.394004066940397
0.020953101105988 0.38347544753924
0.0164152202196419 0.351229341235012
0.0630066622979939 0.363123848102987
