256
0.13973294897005 0.91983942175284
0.292399267200381 0.876302601769567
0.313527584541589 0.838604782707989
0.32413940411061 0.815255757421255
0.485054403077811 0.825756677892059
0.397393160965294 0.777814096305519
0.496845839545131 0.792307233437896
0.534181573428214 0.780359004624188
0.54014924261719 0.81485716579482
0.608507356140763 0.866479703690857
0.511523151770234 0.951050904579461
0.612154767848551 0.911906343419105
0.649659296497703 0.960802080575377
0.642049469519407 0.895465090405196
0.603114689234644 0.821613171603531
0.603568857070059 0.813019275665283
0.654870214872062 0.677878461312503
0.699153569992632 0.609545834828168
0.702561331912875 0.569437008816749
0.704030927736312 0.499592044390738
0.725757025182247 0.533754646312445
0.721298865042627 0.438721901737154
0.695139113813639 0.255650780163705
0.665906664449722 0.194077655673027
0.661697569768876 0.187892924528569
0.657654907088727 0.487249922472984
0.631642208900303 0.500854481011629
0.653468023985624 0.490600616205484
0.653708506841213 0.547579986508936
0.628217279911041 0.738803514745086
0.583200190681964 0.751821895129979
0.569546952378005 0.681293706409633
0.594745067413896 0.67417859705165
0.60341452807188 0.629995699506253
0.572528630960733 0.601168164983392
0.536758929956704 0.605262984056026
0.428063271567225 0.732519045937806
0.391523405443877 0.724791699554771
0.31029109749943 0.710339687764645
0.298846457153559 0.650458633434027
0.360997748095542 0.608287747483701
0.349010403733701 0.556551481597126
0.355729328002781 0.501924377866089
0.516047242563218 0.533303760923445
0.424660706426948 0.602850060909986
0.43635190743953 0.62396068032831
0.498044381849468 0.598475504666567
0.537495715543628 0.545335928443819
0.61285391356796 0.526149974670261
0.531146486755461 0.468264870345592
0.512289185542613 0.461924204137176
0.459551110863686 0.51666355971247
0.425136431585997 0.454494830686599
0.474208584055305 0.42590066883713
0.519795414060354 0.397273187059909
0.454559172037989 0.391004397068173
0.533913209568709 0.267681198660284
0.58432016056031 0.247193119954318
0.618837963789701 0.331902489531785
0.618583366740495 0.373116280417889
0.530475337989628 0.443364134524018
0.591506422962993 0.434154280461371
0.581969609484076 0.45988035434857
0.617684632074088 0.427787133958191
0.638997819274664 0.408217834774405
0.654797652270645 0.261447364930063
0.627660417929292 0.158030206337571
0.487735007423908 0.168401139322668
0.386253611184657 0.115864766761661
0.37816448090598 0.0929831322282553
0.35708031989634 0.0745104593224823
0.346098172478378 0.093728263862431
0.447430139873177 0.188493213616312
0.508741520810872 0.271393139380962
0.373353893402964 0.173718878533691
0.349796013440937 0.275353583041579
0.358873603865504 0.153963148128241
0.175793536007404 0.128410690464079
0.351913975551724 0.294343496672809
0.405447765253484 0.375133413821459
0.394143674522638 0.396207542158663
0.36405968805775 0.458907374646515
0.380718568339944 0.408553867600858
0.210101658944041 0.454823707230389
0.214106725994498 0.497336679603904
0.110165712423623 0.514478414785117
0.181276240386069 0.542773358989507
0.238262423779815 0.547962103039026
0.337595034856349 0.498919941019267
0.305961263831705 0.519443426281214
0.286765617784113 0.590365351177752
0.157368353102356 0.6787602705881
0.223745551891625 0.661981990095228
0.298455539625138 0.696665985509753
0.233079161029309 0.754513852763921
0.290257156360894 0.75480276113376
0.258669020608068 0.837762077338994
0.207995200529695 0.835274842567742
0.149923511780798 0.847204966470599
0.0343965939246118 0.901958057191223
0.123633612412959 0.803776626475155
0.141904622782022 0.766715395264328
0.0958729777485132 0.753746276721358
0.0652285651303828 0.759596032090485
0.121901177335531 0.716759384144098
0.116884873714298 0.631928430404514
0.0935583007521927 0.658593843691051
0.0289285522885621 0.696870774496347
0.00205042352899909 0.664480738341808
0.0493387985043228 0.584374296478927
0.0973157454282045 0.513086842373013
0.0431440258398652 0.48739638319239
0.00933341309428215 0.441879690159112
0.00138977542519569 0.405061249621212
0.0108246738091111 0.379554256796837
0.039942498318851 0.358343816827983
0.0441541438922286 0.348414339590818
0.0181312784552574 0.362476679962128
0.0224545961245894 0.313178962096572
0.0184649103321135 0.289351382292807
0.0843824031762779 0.218827986624092
0.0811958541162312 0.19768777070567
0.0705414712429047 0.175482077524066
0.0336242406629026 0.00425877887755632
0.0840058620087802 0.144000400323421
0.0818867362104356 0.157833430916071
0.141591508872807 0.172476059757173
0.0965592456050217 0.204518869053572
0.115139064379036 0.243436394724995
0.106403811834753 0.236759610008448
0.121297359932214 0.265689333435148
0.174440282396972 0.272653620690107
0.112027540337294 0.360049630980939
0.153738024644554 0.427571927197278
0.106117465067655 0.427185242529958
0.107011191081256 0.465498025529087
0.14224177505821 0.4563282513991
0.247513840440661 0.426196109503508
0.275676236022264 0.265151201747358
0.180715888738632 0.412349169142544
0.195619306061417 0.308722067158669
0.266265377867967 0.236742905341089
0.214980473276228 0.184384224470705
0.164850964676589 0.140462165232748
0.203126008156687 0.241634051781148
0.184917585924268 0.253083866089582
0.0844905306585133 0.0378875099122524
0.191850658040494 0.0285509596578777
0.260450513567775 0.060549764893949
0.243926901370287 0.0486949365586042
0.246260384097695 0.0154173369519413
0.33119009481743 0.0166386640630662
0.347934388555586 0.0344636673107743
0.408852324821055 0.0710384878329933
0.470104627776891 0.0773232732899487
0.542821299284697 0.118068339303136
0.463956240564585 0.0409171851351857
0.450433045160025 0.0331571237184107
0.453187810722739 0.0297290338203311
0.46240349393338 0.0337590957060456
0.478537976276129 0.00868035852909088
0.492735627107322 0.00310270953923464
0.725160180591047 0.016298851929605
0.508764183614403 0.0181420049630105
0.594118913635612 0.0907111307606101
0.649204663001001 0.0972070479765534
0.703438810538501 0.0823289435356855
0.636355763766915 0.125963738188148
0.723899584729224 0.111481744330376
0.750347279943526 0.209743190091103
0.748954927548766 0.186421645339578
0.789970500860363 0.357184597291052
0.769664568360895 0.40150198712945
0.731273493729532 0.321465292945504
0.762653032783419 0.412445052992553
0.79420391144231 0.515537713654339
0.812098903115839 0.509177479427308
0.814640762284398 0.637656637933105
0.776424320414662 0.77565463911742
0.819298872724175 0.826472364831716
0.807546735741198 0.869056844618171
0.830541548319161 0.830475063063204
0.940379083622247 0.623142689000815
0.935442809946835 0.612250192090869
0.896950335707515 0.634254559408873
0.86833381652832 0.529654430225492
0.906109413597733 0.571730405092239
0.826947888359427 0.404593545477837
0.853082546032965 0.391676427330822
0.942517524119467 0.33909428678453
0.910061697941273 0.342830733861774
0.865271913819015 0.36656797863543
0.809937962796539 0.356918217148632
0.884537918958813 0.210344372317195
0.905786963645369 0.141783372499049
0.814269236288965 0.250633339397609
0.78774484153837 0.0631026728078723
0.61606514127925 0.0729365861043334
0.853735158685595 0.0270624002441764
0.862383336294442 0.0489413267932832
0.870554498396814 0.0439085182733834
0.85783023852855 0.00386701989918947
0.908085621427745 0.0132758594118059
0.911857918370515 0.113782164175063
0.998431171756238 0.0498964292928576
0.862093973904848 0.296725741121918
0.870040260720998 0.261975380592048
0.842802216764539 0.320096069015563
0.916716613341123 0.280535534024239
0.912103754933923 0.25825907336548
0.954153614118695 0.195019457954913
0.977058215532452 0.233979457058012
0.994414845015854 0.246243784669787
0.987784346565604 0.382329446263611
0.975367120467126 0.415013256948441
0.972521170973778 0.538439664058387
0.95609864173457 0.658299340400845
0.985179507173598 0.746354180853814
0.853416847530752 0.887921720277518
0.937971201259643 0.87065167631954
0.981868220493197 0.879695603623986
0.924297954887152 0.87704499065876
0.800741011742502 0.900607723277062
0.771101613529027 0.897846044506878
0.754401424434036 0.795529801398516
0.776367679703981 0.577115819323808
0.752297323662788 0.703533963765949
0.726509537082165 0.626194163225591
0.70951232034713 0.667777591850609
0.705734683666378 0.675817832350731
0.732809799723327 0.760479215532541
0.730300877708942 0.912453697994351
0.762530186213553 0.942765534389764
0.820415291003883 0.951842585578561
0.83253261866048 0.968378787394613
0.833224419038743 0.985178557690233
0.908246563747525 0.929989758878946
0.845499228220433 0.943980710115284
0.903730406425893 0.905713776126504
0.990013097412884 0.948955523781478
0.834588210564107 0.990911794826388
0.77952165948227 0.985043991822749
0.427469497080892 0.990046068560332
0.488248474895954 0.978237567935139
0.622990651521832 0.957595492713153
0.448321110103279 0.974271877668798
0.416092504281551 0.973239564336836
0.438352641649544 0.94742642249912
0.338719686493278 0.86057212902233
0.412068655714393 0.960237548220903
0.402811491396278 0.959495760966092
0.36424396187067 0.993990491144359
0.24590900214389 0.993985570967197
0.14542270405218 0.981332738883793
0.106531353667378 0.98558980692178
0.00168073363602161 0.932232731487602
