64
0.922001606784761 0.405290949624032
0.892072793561965 0.323124893475324
0.787760625127703 0.11418022075668
0.588742127642035 0.122716084122658
0.578190704807639 0.150235610082746
0.485093402676284 0.128698559477925
0.420049934647977 0.182905924506485
0.460966756567359 0.270015839952976
0.573074402753264 0.285642967093736
0.44598462479189 0.418337407521904
0.205256935674697 0.635824019555002
0.438463288825005 0.578083199914545
0.476441917009652 0.665752832777798
0.304451836738735 0.817305566277355
0.318419624585658 0.69188035139814
0.229773733764887 0.685113599523902
0.130111645441502 0.617699904367328
0.117294235154986 0.624147190246731
0.154535101726651 0.521982569713145
0.018588044680655 0.677338249050081
0.0192781751975417 0.498187568504363
0.0999177829362452 0.291284733917564
0.0487309172749519 0.160409636795521
0.145787358283997 0.203226550016552
0.169747965876013 0.205686796922237
0.184553493745625 0.2012824784033
0.301576852332801 0.24449522420764
0.100961932912469 0.48900533048436
0.149152777157724 0.473735386040062
0.299398757517338 0.361024556215852
0.374621751718223 0.431031012907624
0.412442968226969 0.423623683862388
0.334955458994955 0.324283068068326
0.371320941019803 0.113213482778519
0.339959807693958 0.0414688144810498
0.829961536917835 0.0325738755054772
0.852821445092559 0.0106589277274907
0.955131035298109 0.220802383497357
0.983165085315704 0.404515810310841
0.998161857947707 0.966805130708963
0.815773682668805 0.977201698347926
0.850413832813501 0.47481624269858
0.775488432496786 0.878983107861131
0.774382800329477 0.866623639594764
0.612803163006902 0.877589462324977
0.555624156724662 0.944130766671151
0.531550890300423 0.981326943263412
0.250555761624128 0.896491851657629
0.205064692068845 0.863156406208873
0.0594477034173906 0.885616420768201
0.0132956998422742 0.706877123564482
0.0723104365170002 0.695484940428287
0.268413834739476 0.799979803152382
0.378063003066927 0.890579615719616
0.511260166298598 0.746179523412138
0.616067877970636 0.68169885315001
0.708242013119161 0.866322383284569
0.727669366635382 0.860139216296375
0.663330640178174 0.610119533725083
0.742844980675727 0.545600775629282
0.581164584029466 0.595137401949614
0.521434193011373 0.504733397159725
0.743751225993037 0.258039690554142
0.848658757749945 0.371572653297335
