64
0.426939399447292 0.911052638664842
0.420884948223829 0.907453196588904
0.135114951059222 0.703421625774354
0.197525155264884 0.881142256315798
0.153017518110573 0.925484410021454
0.0852855206467211 0.756089228205383
0.0136807509697974 0.589289031457156
0.242996572516859 0.66828161245212
0.127378776669502 0.568197670858353
0.0279426267370582 0.457241682801396
0.0744482725858688 0.435374629218131
0.0959443454630673 0.442415435798466
0.335204279981554 0.375522269401699
0.402429568581283 0.399197832681239
0.654600861016661 0.506655314005911
0.690808181650937 0.237035584170371
0.494421131908894 0.220366277731955
0.63919588457793 0.14265369111672
0.704047701787204 0.227019323501736
0.730015871115029 0.430372195318341
0.728704025037587 0.567787376232445
0.579334251116961 0.515308911912143
0.73139530653134 0.625275751575828
0.796178744640201 0.669935971964151
0.896955295465887 0.733286620583385
0.856439515948296 0.636470082681626
0.775260007474571 0.322718551848084
0.61011367617175 0.0850272411480546
0.746027304790914 0.186528827529401
0.625666160602123 0.0721906907856464
0.153952369466424 0.280869832262397
0.0900680739432573 0.38490715669468
0.120332420803607 0.266268286854029
0.0591500508598983 0.122610510326922
0.263568500988185 0.191291651688516
0.244241332635283 0.0423262999393046
0.509247379377484 0.00471034366637468
0.611369423568249 0.0551880858838558
0.833004924003035 0.193455052562058
0.761827400885522 0.123886972200125
0.889950453303754 0.19281481159851
0.812589663080871 0.341161652002484
0.898750326130539 0.491843272000551
0.899657118599862 0.0935457884334028
0.947994303423911 0.434234583284706
0.969592992216349 0.700181750115007
0.935601075645536 0.709544959012419
0.88332556001842 0.986959360074252
0.554259167984128 0.756096634548157
0.628829681780189 0.71133998921141
0.585253687575459 0.625659320969135
0.438944926951081 0.521287312265486
0.413835006766021 0.423177869059145
0.380979539360851 0.501684701535851
0.313902162015438 0.508991720620543
0.30107399681583 0.500226446427405
0.286709942854941 0.520854763220996
0.282975465990603 0.564430757425725
0.419364566449076 0.800581136718392
0.576042849104851 0.933808958623558
0.598604678642005 0.911187673453242
0.60225629247725 0.996647634077817
0.502006629947573 0.898079366888851
0.469934397842735 0.97294535767287
