16
0.313308824785054 0.347942505497485
0.859193143900484 0.235369857866317
0.932515533175319 0.734019956085831
0.412883284501731 0.767518298234791
0.250502960756421 0.789644658565521
0.151113666128367 0.825439115054905
0.0639598267152905 0.854407464154065
0.100827443879098 0.689457446802408
0.0887855896726251 0.0947059895843267
0.441235199570656 0.117207667790353
0.187275004573166 0.316067108418792
0.366253997664899 0.607429733034223
0.442891029641032 0.567412254400551
0.775342646986246 0.539395560510457
0.735053204465657 0.576609338633716
0.886354346759617 0.550444012973458
