1024
0.332255943212658 0.429193248040974
0.345039278734475 0.414899742230773
0.367123320233077 0.412165705580264
0.382314566988498 0.3912707651034
0.359356177970767 0.399185022804886
0.336845373269171 0.401903530582786
0.306475117336959 0.3592996946536
0.306282816920429 0.358055046759546
0.307210640050471 0.347578409127891
0.334240586031228 0.328764636535197
0.305652555078268 0.299311347305775
0.31641637859866 0.261823831591755
0.332323399372399 0.256042633671314
0.301283626351506 0.219199253711849
0.288254654500633 0.213685906957835
0.238625262398273 0.174869489390403
0.239219252951443 0.167303582653403
0.279159983154386 0.19770215684548
0.327014993410558 0.216249817982316
0.349062330555171 0.246635197196156
0.324076058343053 0.209864576347172
0.360159042291343 0.203125305008143
0.388998498674482 0.233174003660679
0.334909056313336 0.17445858148858
0.295197532512248 0.154130599461496
0.283251010347158 0.153637405019253
0.239710755180568 0.132074606604874
0.21973375743255 0.121552721597254
0.204516255296767 0.10899155260995
0.32026095315814 0.12435759184882
0.274600837379694 0.115776887629181
0.214394438546151 0.0976615119725466
0.181590158492327 0.0830069379881024
0.184648276306689 0.1088588796556
0.207828713580966 0.149345212150365
0.0812296294607222 0.0422278940677643
0.0773671651259065 0.058974651619792
0.0984833636321127 0.0730852247215807
0.0888815047219396 0.094189771451056
0.030472369864583 0.0452584070153534
0.0447849975898862 0.0780419418588281
0.119841547682881 0.143775502685457
0.136842492967844 0.111834077164531
0.15747187519446 0.160833081696182
0.183027365244925 0.173009240068495
0.207188563421369 0.21440317388624
0.2128532435745 0.212770615238696
0.239753371104598 0.230385111179203
0.249805049039423 0.234551751054823
0.228028883226216 0.186315685510635
0.26990528171882 0.258219336159527
0.236703347880393 0.288413569331169
0.251810641027987 0.280717369634658
0.251385544426739 0.313357969280332
0.231764685362577 0.317789253313094
0.222809642553329 0.326339058578014
0.217043774202466 0.324575064703822
0.158018073067069 0.36161409271881
0.128230134025216 0.35401966702193
0.15416985983029 0.336604939773679
0.157101623248309 0.331175498198718
0.188248588237911 0.308313908055425
0.203174944967031 0.295788782183081
0.220090137794614 0.280417363159359
0.209353656508029 0.279709822032601
0.214361214544624 0.270338911097497
0.204160273540765 0.268023225944489
0.174039538484067 0.292827928904444
0.18170969048515 0.270404104609042
0.154227772261947 0.215108931995928
0.158398761879653 0.217921351082623
0.206256528850645 0.247801586985588
0.181123877875507 0.1973962248303
0.110054468270391 0.156667175237089
0.105419146362692 0.154577163048089
0.078692635986954 0.152831289917231
0.0497143655084074 0.142532213125378
0.124373701401055 0.270788312889636
0.119577328674495 0.292422058526427
0.137712175492197 0.323393275495619
0.13668391527608 0.331486457958817
0.130814271513373 0.341637297999114
0.115742342080921 0.329706151038408
0.112059842795134 0.318500010296702
0.0963688367046416 0.276878837496042
0.0572010232135653 0.221799190621823
0.042075109668076 0.222191776614636
0.0347874243743718 0.330018141306937
0.0161322779022157 0.374598477035761
0.0515119759365916 0.351392846088856
0.00850848620757461 0.392937244847417
0.0136446477845311 0.376908391714096
0.00145306112244725 0.39469100907445
0.00784632470458746 0.352072665002197
0.000249392352998257 0.211402073502541
0.0252578449435532 0.190043087583035
6.28973357379436e-05 0.097012179903686
0.0129158133640885 0.121153921820223
0.0415865271352232 0.198897792957723
0.0437396015040576 0.202081778086722
0.0452479752711952 0.203516632784158
0.0117149059660733 0.0964436219073832
0.00484744925051928 0.0237200441770256
0.0100252530537546 0.0262291040271521
0.0248490502126515 0.00321172969415784
0.0515219694934785 0.00985744828358293
0.173949438147247 0.0138356699608266
0.188424583990127 0.0381599618121982
0.199113896582276 0.0271876365877688
0.295243614818901 0.0416421629488468
0.325584398582578 0.0424080458469689
0.345600844360888 0.043640605174005
0.246526133734733 0.0278021604754031
0.346482104621828 0.0355457761324942
0.400927915237844 0.0341740790754557
0.446405251510441 0.0388920791447163
0.210795576684177 0.0529529573395848
0.165881183929741 0.0374961742199957
0.142980403266847 0.0442603300325572
0.0694503430277109 0.0146950129419565
0.14857416972518 0.0557916886173189
0.204944096505642 0.0673367590643466
0.207068617455661 0.0677074994891882
0.341094271279871 0.114018990192562
0.422704606316984 0.231658084318042
0.357374153565615 0.132536419667304
0.429323122836649 0.195271263364702
0.409310789313167 0.166745001450181
0.387864925898612 0.155708861537278
0.382343002595007 0.15224031265825
0.413805576507002 0.151622792705894
0.418388608377427 0.16104197409004
0.468292447272688 0.200925264507532
0.528558761347085 0.248956695199013
0.551874574739486 0.197339316364378
0.554734820500016 0.194933261256665
0.542133511509746 0.161175934132189
0.557821445632726 0.197533372789621
0.579217138700187 0.176890263799578
0.612312415614724 0.207316735293716
0.609016609378159 0.217518478166312
0.626165504101664 0.233211831189692
0.634881828911602 0.289867922198027
0.643045726232231 0.30859251646325
0.667499591130763 0.336520800366998
0.654012816026807 0.282665158621967
0.649799661245197 0.276056263130158
0.697138007264584 0.2850516079925
0.698163960594684 0.276775506325066
0.736749792471528 0.308350246399641
0.74531295709312 0.284681490622461
0.733146172016859 0.275561969261616
0.696029257029295 0.271421096287668
0.670080874115229 0.279539887793362
0.636992785148323 0.227264290675521
0.604496012907475 0.184897669125348
0.651834953110665 0.198274401947856
0.659811942838132 0.226169557310641
0.642965501174331 0.227560284547508
0.679417525418103 0.25810833228752
0.664403299801052 0.150240878108889
0.65867391275242 0.183556271251291
0.610290592070669 0.16121278423816
0.560529935639352 0.121056100353599
0.628381050657481 0.15328208822757
0.613452520687133 0.139092929661274
0.594368252437562 0.124651722144336
0.56443805154413 0.103081935551018
0.545857408549637 0.0915704052895308
0.585340803489089 0.089163648430258
0.646972804330289 0.119635990355164
0.631379210390151 0.08462536893785
0.541612802073359 0.0834564655087888
0.473858530633152 0.0660488945432007
0.527791770175099 0.109457572456449
0.533307019155473 0.139711797237396
0.538697362877429 0.141973981168121
0.462335250806063 0.111669923178852
0.48635843442753 0.178706699050963
0.405083523131907 0.100135405547917
0.394945561885834 0.10542199248448
0.345180353615433 0.106874994933605
0.336266505066305 0.0970166670158505
0.300697872415185 0.0753534473478794
0.439836477395147 0.0601750435307622
0.377133017405868 0.0847380212508142
0.418071672786027 0.0844844714738429
0.428142314311117 0.0919571626000106
0.442290123086423 0.101803779602051
0.430698418058455 0.0855149440467358
0.470207573380321 0.0645253136754036
0.467810939531773 0.0514949485659599
0.515684053301811 0.0488459221087396
0.50979417655617 0.0192173551768064
0.532750794198364 0.0134562598541379
0.568154582288116 0.0423512728884816
0.578361737076193 0.0253293751738966
0.582569136749953 0.046784648206085
0.61284780036658 0.0338020916096866
0.618364472873509 0.0206618937663734
0.63323171576485 0.00306203262880445
0.685001182835549 0.00916977971792221
0.638073311652988 0.0274426843971014
0.693598250392824 0.0300324349664152
0.69594920007512 0.00979274604469538
0.754673822782934 0.0117777683772147
0.749438371974975 0.00317953433841467
0.776157877873629 0.0043113031424582
0.846663742791861 0.0117885731160641
0.846676286309958 0.0163709945045412
0.88487939722836 0.0545685812830925
0.847509820945561 0.00388747360557318
0.865584954619408 0.00849276734516025
0.900486868806183 0.055293352343142
0.891471774317324 0.0511176553554833
0.91544224973768 0.116242194548249
0.942417787853628 0.120692965108901
0.957633432932198 0.0888333534821868
0.939395348075777 0.0892266882583499
0.904274139553308 0.0180998095311224
0.951550056226552 0.077930276747793
0.955214553046972 0.0304543334059417
0.995333758182824 0.173665977548808
0.997694320045412 0.246861291117966
0.987020736094564 0.357997087296098
0.993470665998757 0.21738493302837
0.989123245701194 0.196542622987181
0.977974193636328 0.144989790860564
0.970342236105353 0.190917174797505
0.964102033060044 0.13622022094205
0.964632793795317 0.155737631954253
0.966154741123319 0.212805611547083
0.97430390259251 0.483729879371822
0.967911122366786 0.578426253050566
0.965007012244314 0.631189048290253
0.958742500282824 0.682703396305442
0.96391981607303 0.648960353340954
0.9798633325845 0.541672944556922
0.984047235455364 0.543249377515167
0.985995144583285 0.542924666311592
0.991885362192988 0.500861629843712
0.992879969067872 0.45544649893418
0.993436348624527 0.424566595349461
0.997891101520509 0.407587151508778
0.998181208502501 0.706452414393425
0.997450385242701 0.924130947329104
0.990704306401312 0.718472754117101
0.972131513524801 0.673594647552818
0.964692363981158 0.801178925205022
0.98163796402514 0.754608446266502
0.983451731037349 0.78052185010165
0.971797116100788 0.81078964099288
0.964052298571914 0.961695250123739
0.939018684439361 0.978821873664856
0.946229626424611 0.881611293647438
0.929165590554476 0.834171963855624
0.942887619137764 0.768713359721005
0.943392302840948 0.785118082072586
0.95063912961632 0.742510929703712
0.954224393703043 0.761746728792787
0.951492574531585 0.684125805273652
0.959388905204833 0.643270201515406
0.961181740276515 0.531577866990119
0.946273988578469 0.698566945269704
0.945238131564111 0.706558282952756
0.928159505594522 0.8382433289662
0.918499348219484 0.858448673505336
0.917220013681799 0.774192153476179
0.92358086258173 0.76977829542011
0.932955943513662 0.679771579336375
0.937344725243747 0.701948679517955
0.947126540355384 0.515904407482594
0.940337035339326 0.48283712612465
0.938306131865829 0.523004763759673
0.919888559728861 0.636002481915057
0.915954978205264 0.644612177740782
0.899217432830483 0.667182096745819
0.902655948419124 0.623380384407938
0.898738445714116 0.579895878210664
0.907362688798457 0.551246075425297
0.925538714043796 0.483710696920753
0.929994015488774 0.464187826495618
0.933862313628197 0.478631797712296
0.926675445400178 0.405188914854079
0.901726865209639 0.304042790550739
0.897906293626875 0.253201085142791
0.887051229830831 0.260923887602985
0.842119150329381 0.199487509671599
0.868635426275432 0.214358761906624
0.924997808411717 0.235945886466652
0.921629932709038 0.251297297887504
0.925552402157336 0.329960736911744
0.922249883878976 0.349889198783785
0.944519563112408 0.273037148173898
0.942654415499419 0.273644287139177
0.945057951379567 0.267453398555517
0.961366083007306 0.340990476775914
0.951594416983426 0.166495271958411
0.935678090900183 0.213481308426708
0.902949122246355 0.122108338400722
0.894026291556656 0.129597411025316
0.901238708291203 0.159333521965891
0.888742903713137 0.14947149483487
0.849217336624861 0.159523992799222
0.832455221563578 0.14886139286682
0.82462815893814 0.177244656253606
0.84355831798166 0.254389525856823
0.835476770997047 0.251272498629987
0.812491790391505 0.251693171914667
0.782798936124891 0.235146650113165
0.789975397754461 0.212725386023521
0.76361949602142 0.170580697245896
0.818082832265645 0.114995543379337
0.831045036669821 0.137693696655333
0.843082271981984 0.14270735392347
0.836758996360004 0.13423576252535
0.845413356088102 0.140194279607385
0.861053661908954 0.120623813476413
0.844179730862379 0.0381837054155767
0.84884428139776 0.108517560176551
0.827065447811037 0.0985285528004169
0.81499247578904 0.108788465615362
0.837625319603831 0.081666047219187
0.812056326307356 0.0776479155756533
0.801056035328656 0.0253912415355444
0.797020844649523 0.0218394165858626
0.758380129933357 0.0215705176815391
0.794324175454676 0.0517670814879239
0.781043421477079 0.0615625916980207
0.75727332290262 0.0595642616972327
0.782654290087521 0.056318249553442
0.767147885169834 0.0433764029294252
0.702230396214873 0.0661201286129653
0.669954396784306 0.0501808244735003
0.572247526608407 0.0539821167476475
0.669973335694522 0.0618844632990658
0.685502212494612 0.091315861325711
0.701826349832118 0.100105635356158
0.701380757149309 0.10093395691365
0.710637953132391 0.0902502499520779
0.718158049043268 0.0974288242869079
0.716679350938648 0.0828731902875006
0.717567745130509 0.0889534675516188
0.7330606081523 0.0878636823035777
0.776837724260986 0.127312163822353
0.722755640745163 0.114035296719521
0.738447405863553 0.187099537346512
0.727869124617428 0.186099355574697
0.666030579712242 0.081594280898571
0.646176172886044 0.0778979053720832
0.687340751290321 0.144473854452372
0.665503249503672 0.147076110355556
0.711123365908861 0.172637318260968
0.744548969436437 0.200603901874274
0.736038211733103 0.221707091201097
0.725520793348551 0.249860866460949
0.733562412671745 0.251031398773193
0.764223517850041 0.26464090636
0.766205104999244 0.272591549437493
0.760878810659051 0.244992348365486
0.753706163261086 0.23993167700246
0.744741035625339 0.234428169671446
0.740918218158185 0.225426916498691
0.761859850492328 0.220931211020797
0.793409508652985 0.329624300822616
0.804909279104322 0.303002475760877
0.838950289413333 0.335083786863834
0.839592285454273 0.335699530318379
0.851603340357542 0.33681120397523
0.855885953642428 0.327944639604539
0.836968446150422 0.421167520806193
0.83022546954453 0.372464218176901
0.812155712861568 0.372787090949714
0.806896192021668 0.365557310171425
0.764476933982223 0.390018197242171
0.745940769091249 0.340546540450305
0.774327076040208 0.337061816360801
0.762755921110511 0.305390579160303
0.732817579526454 0.354615788441151
0.716462462674826 0.356312309391797
0.733389744069427 0.372404542285949
0.651736184023321 0.437307035084814
0.636931377928704 0.450342814438045
0.619893821422011 0.467412461061031
0.641686431132257 0.455573220271617
0.62357049016282 0.477878044359386
0.588739750441164 0.541320975404233
0.653867339715362 0.474027905147523
0.742084552999586 0.411858456674963
0.756846398580819 0.427014190237969
0.773789173457772 0.436538458801806
0.775225915946066 0.426110778003931
0.794511550571769 0.428414089605212
0.798971983604133 0.40318860206753
0.812693258747458 0.394056981895119
0.825209253933281 0.414338076952845
0.786524703726172 0.553848364390433
0.777250897139311 0.561013229656965
0.760125730186701 0.595898386556655
0.748856673482805 0.619030625093728
0.751589624211192 0.609799516387284
0.76676911348477 0.538943998981267
0.754952963907272 0.510014392901212
0.737594407983124 0.506796972360462
0.712153019849211 0.523602766450495
0.706812169868499 0.528605678584427
0.744560796301812 0.532833805307746
0.740511110052466 0.571117551531643
0.713654526509345 0.6481096977368
0.710891160648316 0.639822710305452
0.696449286770076 0.631946543231606
0.70695399492979 0.641343981027603
0.691524805966765 0.705052131321281
0.703808157239109 0.704789518378675
0.708048978354782 0.7170744035393
0.707431553397328 0.673329493496567
0.717479907907546 0.694983151275665
0.744197091087699 0.647190955001861
0.752104789484292 0.629781434312463
0.776516039855778 0.669748015701771
0.785862256307155 0.658064267598093
0.801783008966595 0.618076867423952
0.844593825284392 0.480209119152278
0.813064291607589 0.519907822366804
0.839718475937843 0.436909507960081
0.84648446040228 0.436762701254338
0.84894602606073 0.446899318601936
0.873491965699941 0.399190890137106
0.851840069051832 0.427222097758204
0.867272846866399 0.366893659811467
0.857133833691478 0.302382241934538
0.885067934636027 0.333418569061905
0.857370129786432 0.272353155072778
0.869962028693408 0.2668401976116
0.909583787899464 0.388311359100044
0.912750604562461 0.390396486502141
0.908375739119947 0.480509599205106
0.907222884707153 0.481601390056312
0.903912606649101 0.510280920192599
0.897064929828048 0.556549199856818
0.857103050686419 0.550542611628771
0.857725332025439 0.537670268677175
0.873014955315739 0.491079124622047
0.86434472585097 0.508700581267476
0.872667260002345 0.482450688257813
0.888136258348823 0.432925241533667
0.896647948306054 0.383248712867498
0.887256549205631 0.373640026431531
0.873014805372804 0.368377802893519
0.879782021511346 0.381078691221774
0.849208419211209 0.541427482385188
0.809272889047861 0.652914084959775
0.816826594993472 0.665473490953445
0.803803168237209 0.677908315323293
0.826515619177371 0.657107415609062
0.768874363973737 0.762635861989111
0.805723475292325 0.704876254778355
0.878901709336787 0.589849277865142
0.866438184864819 0.633978303987533
0.84398271003738 0.691362725105137
0.832672435324639 0.690229266416281
0.838835009839386 0.722817004658282
0.851271294523031 0.712162599433213
0.84230147022754 0.763108309358358
0.828546695411205 0.742274631280452
0.830764271318913 0.749433582648635
0.818373031448573 0.761219509411603
0.797980653122067 0.805534791201353
0.810326742939651 0.801191750913858
0.814871453680098 0.82700746320188
0.849858490750194 0.770571806002408
0.860749962739646 0.778787550982088
0.876224644016474 0.770132539793849
0.854917463846505 0.800548849161714
0.86444328352809 0.812175700441003
0.858648857567459 0.87409496307373
0.883732123300433 0.742288794368505
0.889403961598873 0.705427679233253
0.886248693801463 0.767598553095013
0.879919984377921 0.890465836971998
0.859742879867554 0.9571517938748
0.875266121700406 0.959707395639271
0.905982405878603 0.923620583489537
0.927612766623497 0.954922848846763
0.924615379888564 0.972881963476539
0.89847915712744 0.998169829603285
0.784219182562083 0.996963048819453
0.798996324185282 0.921974258963019
0.813687548041344 0.955456671770662
0.817593740299344 0.954244584776461
0.833298067096621 0.956895284820348
0.833144104573876 0.969177974853665
0.844845427200198 0.946824789512902
0.826519652269781 0.911854767240584
0.79381988523528 0.916577917058021
0.739197954069823 0.989429727662355
0.712754268199205 0.980063603725284
0.726518534123898 0.926603623200208
0.723725153133273 0.890112338587642
0.743991727940738 0.880933294072747
0.730367178097367 0.882453211583197
0.770077884197235 0.832321596331894
0.773920524865389 0.83348321262747
0.770623186603189 0.860702629201114
0.777219044044614 0.818522068206221
0.796860692091286 0.771806791890413
0.796558594331145 0.756575449369848
0.748240971472114 0.821784656960517
0.705477205570787 0.897765669971704
0.674620974808931 0.943193308543414
0.716065860819072 0.964740046765655
0.67657002992928 0.966769724152982
0.689879979938269 0.995083478279412
0.633967913221568 0.993118173908442
0.616514896508306 0.983888001646847
0.575268716085702 0.998743076343089
0.538284779526293 0.996009745169431
0.539586550090462 0.969887010287493
0.561949722934514 0.939825982321054
0.576906790491194 0.930888162460178
0.589233977720141 0.944172102026641
0.582565403543413 0.969380332157016
0.622298111673445 0.940659516025335
0.6487224297598 0.914420158602297
0.62638997239992 0.869115710258484
0.685044062323868 0.880740096792579
0.739335841033608 0.777379082981497
0.762544588185847 0.736360450275242
0.771759279537946 0.729276339989156
0.776608174201101 0.711694080382586
0.649512051604688 0.733019391074777
0.662646506447345 0.71649880381301
0.674474647268653 0.725205907132477
0.652618203312159 0.676436476875097
0.637163279112428 0.685774239711463
0.64630817156285 0.662441216874868
0.659060172270983 0.648159451782703
0.705626977607608 0.580095985904336
0.698257854674011 0.573804315645248
0.685987240169197 0.593995602335781
0.665734416339546 0.566704586613923
0.68210692377761 0.51567567512393
0.727786748670042 0.491515393834561
0.758923099376261 0.487773677334189
0.731882809661329 0.453726497944444
0.740507737267762 0.475851911120117
0.717752987053245 0.451036908198148
0.713602023664862 0.477050136774778
0.704570348374546 0.478256536182016
0.709771481342614 0.480138421058655
0.665519864298403 0.507770241703838
0.66533766547218 0.530366690363735
0.621877316385508 0.599365563131869
0.642561936751008 0.588360115420073
0.654610630124807 0.583325789310038
0.606083511840552 0.632043831981719
0.638634112663567 0.62761829700321
0.656087621580809 0.606049401219934
0.598801341373473 0.711119569838047
0.586017911788076 0.710706560872495
0.585565292742103 0.706991322804242
0.575362737756222 0.719170455355197
0.530277202837169 0.736093088518828
0.602913201786578 0.677881943061948
0.583064191974699 0.675964505411685
0.569224724546075 0.681709640193731
0.569921911228448 0.664729944430292
0.569877220317721 0.660686165094376
0.595546627417207 0.630210360977799
0.576608176808804 0.646864306647331
0.47298356005922 0.756083387415856
0.468651085160673 0.769128084182739
0.439307832159102 0.798299910966307
0.43816751614213 0.800699410960078
0.416307130362839 0.786637126002461
0.409557837061584 0.784106940496713
0.434427732136101 0.740391296334565
0.387632356956601 0.78209834638983
0.416690232232213 0.804268239997327
0.322110836859792 0.851528991479427
0.33183143241331 0.862924498971552
0.336269802413881 0.859156634192914
0.427884979173541 0.805256409104913
0.425412268377841 0.815076053142548
0.436752390116453 0.826477595139295
0.412319913040847 0.87030066922307
0.409321707673371 0.889858955983073
0.411123898345977 0.890497776214033
0.3660424859263 0.951329424977303
0.445011226460338 0.848301447462291
0.45312422234565 0.837428637314588
0.427455488592386 0.912419439293444
0.363110816571862 0.96024819649756
0.432747759390622 0.92905618948862
0.439576709643006 0.921966522466391
0.485704165417701 0.873830652330071
0.5144103304483 0.825948751997203
0.534625765867531 0.810758611653
0.543998900800943 0.811836527660489
0.530938067939132 0.800456141121686
0.474555763415992 0.850709596648812
0.463875363115221 0.856526710093021
0.453837591223419 0.852666856255382
0.466273113619536 0.83012881083414
0.472759125754237 0.82420110842213
0.482940598856658 0.836632204707712
0.485698981210589 0.798564470838755
0.495696767698973 0.790244655683637
0.530714090913534 0.777988048270345
0.549936258234084 0.779754298739135
0.558871040120721 0.779646615497768
0.587191483005881 0.756183780729771
0.629673068411648 0.755042749457061
0.617194535210729 0.774547300767154
0.681088899727911 0.749412660486996
0.628756459802389 0.766864246688783
0.676824545487761 0.741412004921585
0.72036511125043 0.745311581529677
0.649180049076676 0.780523953493685
0.711142038460821 0.793438465334475
0.719531146809459 0.797352764755487
0.693010444752872 0.809125770349056
0.683248825836927 0.818730097264051
0.620707080233842 0.856792350765318
0.576637316960841 0.851143059786409
0.605208798777312 0.776795291807503
0.586316127330065 0.800256979186088
0.586655753199011 0.800470790360123
0.573326841462404 0.843622936401516
0.524886541534215 0.838645646814257
0.505542215425521 0.863722083624452
0.494213946629316 0.874148013535887
0.474640931002796 0.89924657670781
0.507591269444674 0.868456187192351
0.568339356221259 0.847217991948128
0.58473327383399 0.87195668136701
0.599716900847852 0.887497794814408
0.609594435896724 0.932835090905428
0.578643647022545 0.873103911522776
0.57559402519837 0.894761868752539
0.579197078943253 0.895674879662693
0.578575005754828 0.898749810643494
0.567736493889242 0.89368072617799
0.505807581357658 0.908399315550923
0.484904659446329 0.928687712643296
0.580742082558572 0.920562859624624
0.410689831245691 0.957350248936564
0.414866217412055 0.962083179038018
0.399423222523183 0.984038560651243
0.38609397271648 0.9830302442424
0.38159600738436 0.981586317531765
0.347488386090845 0.991669868584722
0.202611218672246 0.995681766420603
0.276993395294994 0.989029246382415
0.318579071667045 0.976936536841094
0.363773171789944 0.92664251755923
0.313624845817685 0.974288110155612
0.293088569771498 0.978654573205858
0.299908531829715 0.969272089190781
0.256771466694772 0.974680622108281
0.289962250273675 0.94020825996995
0.310667823534459 0.917733139358461
0.250790022779256 0.968332883901894
0.219938173890114 0.98713864479214
0.22526175994426 0.956267066299915
0.197968115564436 0.970786203164607
0.191937267314643 0.973643490113318
0.196812884882092 0.958969261031598
0.13943249406293 0.992418334353715
0.114516906440258 0.993494511581957
0.0763653330504894 0.980675848666579
0.13051227433607 0.963954563252628
0.0979604125022888 0.969296750146896
0.0445940787903965 0.979616446886212
0.0793432136997581 0.970170160289854
0.141315585002303 0.935244099237025
0.144939063582569 0.954953423235565
0.231580499559641 0.932446761056781
0.215401662979275 0.920044884551316
0.323406557086855 0.911473081912845
0.292745434679091 0.883131564594805
0.285059436690062 0.910608844365925
0.173912594094872 0.901157797314227
0.275724702980369 0.87984834657982
0.293330283369869 0.879792233463377
0.351769085042179 0.814896854571998
0.363758417312056 0.795324839651585
0.356662896927446 0.791692636441439
0.299843789078295 0.837588664609939
0.275558930356055 0.848143379669636
0.253745056223124 0.854710436426103
0.279837982729077 0.873854764271528
0.253663793671876 0.882056657690555
0.14713249495253 0.902764914557338
0.195372261106968 0.916545790620148
0.0935830264352262 0.946067349519581
0.0946891335770488 0.937333951704204
0.123542014975101 0.917555931489915
0.13256924925372 0.926361437421292
0.127759053371847 0.907818662002683
0.145802876912057 0.890877584926784
0.263388570863754 0.840922607108951
0.28516850201413 0.818714896216989
0.125230335630476 0.869760399218649
0.0782534894533455 0.90765697741881
0.083051931578666 0.910480188671499
0.075792436953634 0.926809956785291
0.0743809225969017 0.949315723497421
0.0389910880476236 0.974700820632279
0.0394245153293014 0.97264376655221
0.0665220264345407 0.889287631958723
0.0782777816057205 0.880079630762339
0.00936626410111785 0.88880342617631
0.0232198927551508 0.901038144249469
0.0390196498483419 0.949642410501838
0.027141829021275 0.935793444514275
0.000335157383233309 0.944329352583736
0.0134589993394911 0.794391980860382
0.0209162733517587 0.757578865624964
0.0493467287160456 0.778172856662422
0.00168608967214823 0.741255995351821
0.000508130993694067 0.703355132136494
0.0515603390522301 0.643864111509174
0.0510982437990606 0.640519109554589
0.0798685792833567 0.623173580504954
0.130116885062307 0.605532987974584
0.104348827619106 0.626353756990284
0.105749173555523 0.634402903728187
0.105911919381469 0.637186836916953
0.0519719095900655 0.667092446237803
0.0252441484481096 0.723025808576494
0.0830162330530584 0.658386879134923
0.0782935572788119 0.667269615456462
0.154990601353347 0.633802173193544
0.156290530227125 0.645249578170478
0.153312086127698 0.676879422273487
0.14820387493819 0.686006121337414
0.0661802971735597 0.835286526940763
0.0887361173518002 0.872558346483856
0.0907629965804517 0.881045360118151
0.14100268157199 0.784149052109569
0.147335819900036 0.780315079260617
0.0907353195361793 0.801573175471276
0.114049792755395 0.773712605703622
0.141027464997023 0.767443652264774
0.169272175990045 0.758115663193166
0.19057593960315 0.747501375619322
0.188596835359931 0.742350524291396
0.209708851296455 0.713955122511834
0.172995135188103 0.723937661387026
0.162324476055801 0.720280694309622
0.142091101501137 0.712311320472509
0.157247786410153 0.709416208788753
0.214358658995479 0.71224869787693
0.197207771241665 0.760086383670568
0.176908016670495 0.808396315667778
0.144884101580828 0.842307646758854
0.222457201685756 0.7754224720411
0.274781787768006 0.734219420235604
0.294962197076529 0.719044938217849
0.303291482850909 0.716207501944155
0.292870748322457 0.740562657825649
0.294186423532665 0.746457908302546
0.311892946250737 0.751827614381909
0.281926104798913 0.752742741722614
0.251806683838367 0.759102890733629
0.251100020017475 0.759698033332825
0.20183054311201 0.820693727117032
0.332738449797034 0.749342035502195
0.349957604426891 0.732813507318497
0.364914255216718 0.725978631991893
0.395568405278027 0.690221354365349
0.309984087012708 0.730910718906671
0.340380374342203 0.704633245710284
0.317543943412602 0.706082988064736
0.31368234148249 0.690534271299839
0.36851447308436 0.655603868421167
0.367690300103277 0.646682796534151
0.373968583531678 0.593849289696664
0.428274208214134 0.582277950830758
0.450990309938788 0.571407989133149
0.439503175672144 0.59286490175873
0.38172025885433 0.63494083005935
0.389836398884654 0.638248576316983
0.429054309148341 0.609223049134016
0.460435108747333 0.617895299568772
0.456978673581034 0.621433226857334
0.390723257791251 0.662535824347287
0.465528538450599 0.636643625795841
0.458375550806522 0.670995458494872
0.427419160027057 0.689600014593452
0.414297377690673 0.710546292830259
0.451372483745217 0.701086524873972
0.45137440925464 0.708418724592775
0.41961907595396 0.726880442351103
0.417220040690154 0.729830638505518
0.445747113320976 0.719445852562785
0.462051373906434 0.71469907136634
0.45295142615214 0.698428039439023
0.489556039683521 0.705271667335182
0.544014474842697 0.651699662674218
0.590710072312504 0.610630883835256
0.608221452217549 0.582430296577513
0.617762894835323 0.566083454992622
0.612709108740091 0.546672470867634
0.577348206657916 0.577151800505817
0.527684936765581 0.591970391571522
0.520443815272301 0.585733655840158
0.483748640399426 0.5959108248353
0.486627088859677 0.612910697702318
0.427834058180451 0.606395774055272
0.498666400555521 0.556200303137302
0.507981660310179 0.553919765166938
0.553403334226459 0.540219456423074
0.671602763235569 0.408457758836448
0.664608393795788 0.375997003167868
0.647387324366719 0.344036851078272
0.641221123747528 0.344662664458156
0.601773310918361 0.332401764579117
0.625707908067852 0.342337428592145
0.634280111640692 0.382821241393685
0.554072092287242 0.360745517536998
0.57020517392084 0.37567908456549
0.581475647166371 0.411901384126395
0.603913776576519 0.41451573651284
0.61693074228242 0.384787987452
0.621044039260596 0.415538009256124
0.604919977486134 0.430481172166765
0.597579269204289 0.437385491561145
0.514027198310941 0.526427338831127
0.427950890734792 0.574251834303141
0.398104105144739 0.568427942693233
0.49620142346248 0.51534408191219
0.530103921424598 0.49619014095515
0.568506786134094 0.431448354851454
0.565924185328186 0.414137458894402
0.563453583046794 0.401640213094652
0.54419621406123 0.35789108928293
0.603669696021825 0.300998476333916
0.562362515833229 0.301749103236943
0.601498149801046 0.275979494675994
0.622789984103292 0.295738903805614
0.630997018422931 0.287275409325957
0.612945061642677 0.256479499395937
0.613743950147182 0.233513405546546
0.589816828258336 0.24459168035537
0.556078057270497 0.298588973935694
0.575905623380095 0.321003525517881
0.566812485456467 0.324099672492594
0.559421740937978 0.328842185903341
0.553017766214907 0.335499292239547
0.534885150380433 0.346454128157347
0.499753448180854 0.329673628788441
0.540219883434474 0.32567410171032
0.502556142397225 0.314936209004372
0.500062552280724 0.297638384159654
0.478129568975419 0.282975184265524
0.508669960312545 0.281988967675716
0.46689666993916 0.216592130251229
0.446897738613188 0.226341436617076
0.462385985068977 0.252838605549186
0.458822885528207 0.290448617655784
0.462779683060944 0.296448205132037
0.476892617996782 0.312219784595072
0.486365964170545 0.334570532198995
0.514495292678475 0.399139827582985
0.537890214007348 0.420803246553987
0.542662130203098 0.450066221877933
0.513415289111435 0.442434379365295
0.512267168611288 0.447418143041432
0.512668016366661 0.457465020008385
0.428869280964136 0.488964619114995
0.436034133657813 0.496878905687481
0.505633540451527 0.472626265138388
0.510922487359494 0.496850985102355
0.39947615750134 0.524566074367613
0.429064815398306 0.530841484665871
0.45388251170516 0.53386227786541
0.403206791728735 0.555951425805688
0.364678611978889 0.574714718386531
0.336209051776677 0.559337510261685
0.331284679938108 0.543825144413859
0.303963573183864 0.542625486385077
0.263105388730764 0.548599245492369
0.218253399245441 0.535717401187867
0.16278509516269 0.571114384569228
0.17744340794161 0.563071120064706
0.231620852369815 0.552219906356186
0.232924610842019 0.552821444347501
0.246308374684304 0.550991849042475
0.237988789565861 0.557217753026634
0.217319949530065 0.557387202978134
0.162910074926913 0.602172431070358
0.160807657055557 0.608687292318791
0.213338807225227 0.613410708494484
0.295229170937091 0.603828484192491
0.324052304960787 0.600912601687014
0.225080026313663 0.600253746844828
0.187927039340138 0.590980162378401
0.221905352082103 0.577258184552193
0.22998422710225 0.561417340300977
0.241921505425125 0.57184038637206
0.283723229542375 0.563522435724735
0.288956349249929 0.565220085438341
0.349966306239367 0.60023134900257
0.343875074293464 0.602523918263614
0.319213814567775 0.665203802287579
0.271629490889609 0.659207955002785
0.291586199775338 0.712057405617088
0.281768541317433 0.701972258742899
0.181633728556335 0.705947332084179
0.254645695444196 0.680588650051504
0.155277330428362 0.69437770685181
0.236104543320835 0.65354115376249
0.242759271059185 0.641861607320607
0.223698867484927 0.625402320176363
0.180591193027794 0.64625343028456
0.188763599842787 0.641256345435977
0.126596038229764 0.595348932314664
0.110180214047432 0.579096661880612
0.0552839580923319 0.604664644692093
0.039021551143378 0.625359713565558
0.0359728801995516 0.617478930391371
0.023869127035141 0.590349796228111
0.00983020476996899 0.675577589776367
0.00283607142046094 0.600661098025739
0.0134101617150009 0.539152762386948
0.0261637410148978 0.561688941903412
0.0540871885605156 0.603809381835163
0.0664630099199712 0.565490392036736
0.0570984836667776 0.500954070594162
0.035123011097312 0.508583030663431
0.0695422114804387 0.481468179263175
0.0949810752645135 0.452531165909022
0.0936816404573619 0.437960452400148
0.07757897535339 0.437023225706071
0.0410133344121277 0.454709072597325
0.055879055056721 0.480970485601574
0.0234839976765215 0.500331526622176
0.00467281555756927 0.491687132045627
0.0202813404612243 0.473967362660915
0.0124680199660361 0.458631983492523
0.013021538965404 0.440089563839138
0.0100968261249363 0.439089070539922
0.0158117446117103 0.40173306548968
0.0216359551995993 0.394746751524508
0.112346773967147 0.347421927843243
0.0336660635657609 0.399396298918873
0.0888378615491092 0.431553704664111
0.0567108211107552 0.399159032385796
0.104248434305191 0.424515582155436
0.173169019632041 0.373322385363281
0.2066495209001 0.404944295529276
0.167790175415576 0.409946826752275
0.160244138911366 0.404328593518585
0.11973194591701 0.422804712783545
0.112499535549432 0.432453998364508
0.130541887599975 0.424255509860814
0.148158474359661 0.424267846159637
0.170581191778183 0.422380992677063
0.173131066374481 0.432101766578853
0.168977345339954 0.450114346574992
0.158959452062845 0.480870124418288
0.153581855818629 0.493599457200617
0.15911005763337 0.49158856831491
0.182578710373491 0.488407500088215
0.15448310598731 0.514428570866585
0.131057812366635 0.513274689670652
0.117892017122358 0.53478817269206
0.142513003200293 0.533474276773632
0.203963306732476 0.520494331605732
0.199318245053291 0.525834178552032
0.258415337186307 0.544301271438599
0.27338168816641 0.539010324981064
0.278899885248393 0.541436418425292
0.372309644240886 0.469777881167829
0.375239575747401 0.483839431311935
0.369157142937183 0.490169750992209
0.377307364717126 0.487676719203591
0.405874422751367 0.460962342098355
0.430191431194544 0.415208301972598
0.398584250360727 0.442249318119138
0.417164449114352 0.416754513513297
0.453300085384399 0.327749082818627
0.457979162223637 0.39937451062724
0.458584704902023 0.408099072054029
0.461727310437709 0.430189348291606
0.406934234313667 0.480905186850578
0.349770898930728 0.546492696274072
0.482100893743336 0.422639158554375
0.476382241118699 0.37600427493453
0.489716027863324 0.384206304792315
0.469711858779192 0.324601163621992
0.449139637406915 0.301900988910347
0.448054530657828 0.323188806883991
0.417585328686982 0.337882541120052
0.415181270800531 0.318579922430217
0.404012131970376 0.256943944375962
0.372073560487479 0.237752351444215
0.374557991046458 0.29179242067039
0.38009393401444 0.290926370304078
0.411052537150681 0.334647656884044
0.372114664874971 0.370822520460933
0.416481360793114 0.362791633233428
0.42249798309058 0.374760334845632
0.41653967788443 0.382643832825124
0.395008420571685 0.436531476210803
0.350152672734112 0.474266064818949
0.346477780956775 0.449786993674934
0.34322287933901 0.469780202489346
0.257023363374174 0.500258147250861
0.23201908217743 0.501655078027397
0.226770647335798 0.492353655863553
0.21503106597811 0.486701121553779
0.229519944638014 0.468840738758445
0.27897828258574 0.434080458246171
0.268650807440281 0.407988593447953
0.232667003758252 0.368664307519794
0.178296795114875 0.355648548807949
0.209722522180527 0.344537181779742
0.22893643239513 0.336767948232591
0.227112797554582 0.333259176462889
0.32179553527385 0.393202243838459
0.276665369048715 0.464306832756847
