16
0.455370272044092 0.895738901570439
0.896217417903244 0.708574809599668
0.689201055560261 0.48493286035955
0.528269684873521 0.654868029989302
0.541708845179528 0.525866397190839
0.260164729319513 0.594267687760293
0.0805332050658762 0.705335160251707
0.16697077639401 0.400033605284989
0.681400398723781 0.0763858798891306
0.798147534485906 0.093014910351485
0.988753811921924 0.204895890317857
0.872044574469328 0.935720034409314
0.774506258312613 0.980160598177463
0.488553312141448 0.976479752920568
0.167603966780007 0.945648438297212
0.10916133178398 0.852098459843546
