128
0.310703046154231 0.740735055878758
0.263940760400146 0.774651893880218
0.409536968450993 0.872048783116043
0.54371101083234 0.909640074241906
0.46759276278317 0.951643713749945
0.597469808533788 0.958739763591439
0.653496765065938 0.971799058374017
0.772468803450465 0.916720987763256
0.781009556725621 0.831227992195636
0.754190125968307 0.879571909550577
0.748541351873428 0.859261989127845
0.929474683944136 0.601071514189243
0.889618459623307 0.505875765345991
0.852444846648723 0.598722982220352
0.822626210749149 0.538508004508913
0.802479024510831 0.497079478111118
0.870907817967236 0.429281042888761
0.777076669968665 0.499324806965888
0.713238206226379 0.661704292055219
0.765764778479934 0.464633929077536
0.656070502940565 0.331597341690212
0.575835109688342 0.273261666763574
0.5634113564156 0.223000547848642
0.367873847018927 0.264299656730145
0.357927699573338 0.25286380155012
0.300310113001615 0.165543040726334
0.195870560128242 0.151704491581768
0.175157489255071 0.135995420627296
0.163581984117627 0.134651520289481
0.138507805764675 0.265721467789263
0.249248303472996 0.334742692299187
0.104461297392845 0.37664795992896
0.00226742587983608 0.383589125238359
0.0644534495659173 0.339429405517876
0.0922658862546086 0.195178852416575
0.0550119713880122 0.306845039129257
0.0712721142917871 0.20600406313315
0.0633794059976935 0.0962183084338903
0.118509883526713 0.0732621648348868
0.166342400945723 0.0889287069439888
0.308637426234782 0.130953511688858
0.351655231323093 0.135860457550734
0.439065541606396 0.128756184130907
0.443512001074851 0.119452634826303
0.191722095478326 0.0141349048353732
0.149975586682558 0.00808178493753076
0.109859341755509 0.00333717884495854
0.40396263403818 0.0139801660552621
0.552507297601551 0.0520058874972165
0.545975595247 0.120169088244438
0.606394234113395 0.147620999719948
0.659140429459512 0.122147273737937
0.685126921627671 0.185615778435022
0.694941291119903 0.178131075575948
0.685640960466117 0.0466315322555602
0.773450604174286 0.327339453157037
0.741302841342986 0.148883403744549
0.840184377506375 0.276201743166894
0.737272883765399 0.0435276622883976
0.951103882864118 0.0481681446544826
0.921675017569214 0.138304879423231
0.917802484706044 0.0571787781082094
0.9059336790815 0.158152760472149
0.929227561224252 0.344169561285526
0.959725499153137 0.579120123293251
0.961645962204784 0.575259420555085
0.990215501282364 0.789046300575137
0.912956773303449 0.835574622731656
0.974722895305604 0.915824252646416
0.893552075605839 0.897851893678308
0.946305215824395 0.608054639771581
0.813215170521289 0.800135379657149
0.799928998574615 0.869274596683681
0.785098849330097 0.92451135488227
0.717837371397763 0.961635338608176
0.654798798728734 0.980237821117043
0.405200954061002 0.982649425975978
0.275073629803956 0.817699503619224
0.225541933905333 0.829365842510015
0.302222371567041 0.985450908541679
0.0504757729358971 0.997163662686944
0.231005114968866 0.904637827072293
0.134353917557746 0.856212519109249
0.0955276493914425 0.693134696688503
0.0168297500349581 0.630847081076354
0.184648295864463 0.73736239830032
0.229570063762367 0.796591819263995
0.168883709236979 0.686804226133972
0.174567043781281 0.675832681823522
0.168337232898921 0.536757556721568
0.0166922523640096 0.615499129518867
0.065187687985599 0.579803552012891
0.038352251984179 0.537711231503636
0.178349102381617 0.479012260679156
0.216485113371164 0.488119985442609
0.346002030652016 0.485875717364252
0.179783531464636 0.460374404676259
0.0238049463368952 0.496012693736702
0.398349016904831 0.338810230139643
0.580106705892831 0.364324861206114
0.737646403722465 0.43826643936336
0.644418351817876 0.422927346080542
0.477655446156859 0.439317048061639
0.438099667895585 0.549558416474611
0.443629262503237 0.562925573438406
0.561845836229622 0.557932493276894
0.410348115954548 0.617568349465728
0.353954060003161 0.620490667875856
0.246544343885034 0.645005524624139
0.341864520683885 0.658967443276197
0.423230472952127 0.652504888828844
0.418112851213664 0.646312143653631
0.482363692484796 0.663363438099623
0.557578866370022 0.644086892716587
0.651418758090585 0.643376621417701
0.593950937967747 0.73630060441792
0.641250555403531 0.808000335935503
0.635162496939301 0.855642537586391
0.732229608111084 0.756856185384095
0.666846778709441 0.849552298896015
0.661096012219787 0.865659178234637
0.61563114868477 0.892194884829223
0.60822915378958 0.89394459174946
0.616338420659304 0.861624852288514
0.568073232192546 0.813729039859027
0.562706852797419 0.750692338682711
0.345417038071901 0.745711852796376
0.500285733491182 0.774736229330301
