16
0.133934628218412 0.385631369426847
0.207930392585695 0.226086735725403
0.0949485241435468 0.154528969433159
0.177513426635414 0.0324650933034718
0.553235336206853 0.233247999101877
0.837363647762686 0.4053337960504
0.919132370036095 0.482274261303246
0.611718105617911 0.382548084948212
0.545790526550263 0.488749361597002
0.493412728887051 0.728202315978706
0.227280297782272 0.930378558114171
0.260182308964431 0.804103600326926
0.174007690511644 0.850924506783485
0.282583804801106 0.728767568711191
0.395744961220771 0.480798104777932
0.277378370985389 0.429132763296366
