512
0.809888388030231 0.71604286506772
0.796690293587744 0.717574220150709
0.797100770752877 0.666532057337463
0.761711028870195 0.731180297676474
0.78635537577793 0.658111389260739
0.739113506861031 0.72489962587133
0.759433356579393 0.65787156810984
0.782368662301451 0.554501973558217
0.771731404587626 0.524261232465506
0.698057371657342 0.68320921016857
0.683544060215354 0.717340970411897
0.658686916809529 0.778993466403335
0.603884094394743 0.811252546496689
0.616654545068741 0.912212904542685
0.587721154559404 0.91543139051646
0.55484864115715 0.925493977498263
0.494307788088918 0.944960702676326
0.486193810589612 0.973809651564807
0.455657359678298 0.979667112696916
0.454608007334173 0.969008345622569
0.407692741136998 0.979594419710338
0.370947201736271 0.999509003013372
0.338124024216086 0.976522243116051
0.330072842072695 0.976751465816051
0.468565748538822 0.913854804821312
0.454005857929587 0.961551683023572
0.520616000518203 0.872854248154908
0.543682917486876 0.861504808068275
0.558321309741586 0.840050091966987
0.575667662080377 0.785150280222297
0.541495404206216 0.7892672480084
0.524925032164901 0.825423527508974
0.419610583689064 0.898268083110452
0.330828443169594 0.967279792297632
0.336545241996646 0.933380931615829
0.33275105478242 0.922044137027115
0.308921446092427 0.969281788915396
0.213710836134851 0.973613317590207
0.15818397141993 0.976190473884344
0.137986209243536 0.986273981630802
0.0927260494790971 0.996359709184617
0.0647894195280969 0.994146760553122
0.107325847726315 0.985440657939762
0.275603220798075 0.928180281072855
0.305727408733219 0.906691843643785
0.289078906644136 0.912033641710877
0.194197706412524 0.93449749564752
0.208127250894904 0.899903819430619
0.320490203332156 0.841408581938595
0.342902657110244 0.83691513678059
0.354705126490444 0.873171724844724
0.385637077502906 0.871214596554637
0.45127929514274 0.872137140017003
0.449674105271697 0.830795800779015
0.435077269561589 0.821043031755835
0.422338699921966 0.800259015522897
0.4877326679416 0.810592619236559
0.502024539746344 0.797182108275592
0.450139795895666 0.769361379090697
0.402164630591869 0.796101679094136
0.408772016875446 0.770302550401539
0.479206712916493 0.741011175792664
0.395597890019417 0.653520337771624
0.366926733404398 0.777894000988454
0.356980295851827 0.707596353255212
0.341280030086637 0.675603006966412
0.353553960565478 0.744096923153847
0.337847506161779 0.823821005411446
0.298985380679369 0.801273081917316
0.319981850218028 0.771827221382409
0.283077755942941 0.794085844885558
0.289264367427677 0.812329463660717
0.207409038208425 0.781570854131132
0.122014205902815 0.82261317782104
0.166733091231436 0.782431134022772
0.193870865274221 0.772573965135962
0.210001140832901 0.770486684050411
0.180775547865778 0.728234361857176
0.144010092131793 0.772249762434512
0.109323559328914 0.82834942964837
0.0856753359548748 0.871489000041038
0.169698709156364 0.881035096943378
0.151942925062031 0.88451078440994
0.11394126014784 0.919271007645875
0.0308721815235913 0.978871752507985
0.0284694489091635 0.866307710297406
0.0196947883814573 0.813528678845614
0.0563477897085249 0.846017071045935
0.0500417528674006 0.721289757173508
0.0617704894393682 0.689570788759738
0.0354173202067614 0.674901444930583
0.0356747922487557 0.642153168097138
0.0323438583873212 0.633541753515601
0.0441278079524636 0.478041622787714
0.00515211978927255 0.390779961831868
0.0120653873309493 0.333827924914658
0.0397622147575021 0.354531925637275
0.0565618490800261 0.371068494860083
0.0483713410794735 0.313135063275695
0.0272109406068921 0.317158772610128
0.0685649188235402 0.304341635201126
0.0918087554164231 0.301748171448708
0.196874133311212 0.349556392990053
0.0810706596821547 0.257884224876761
0.0812627095729113 0.219065654091537
0.16651457361877 0.323113342747092
0.153127488680184 0.288912881631404
0.201162298209965 0.254355857614428
0.159732383210212 0.22050553932786
0.183228773996234 0.26058664964512
0.107855874113739 0.202520877122879
0.0824768338352442 0.194418792612851
0.0696532251313329 0.175001746509224
0.0554215093143284 0.200321428012103
0.0409992812201381 0.18836221145466
0.00148574588820338 0.25440125213936
0.00296563794836402 0.172100521158427
0.00267393747344613 0.101020832080394
0.0127537697553635 0.0923707690089941
0.021101847756654 0.0816980232484639
0.105433302000165 0.18948797788471
0.140618424396962 0.156559139490128
0.0874850652180612 0.139023119583726
0.0157082239165902 0.0595856867730618
0.0540047693066299 0.0486805010586977
0.126657948363572 0.104499304667115
0.130628703627735 0.102995000779629
0.165390164125711 0.126952299848199
0.222074154298753 0.223369951359928
0.222209432628006 0.239478683099151
0.169756001792848 0.295599478296936
0.169144290033728 0.316535518039018
0.234459714964032 0.339221134316176
0.27030927548185 0.383988921530545
0.334253183566034 0.438325162511319
0.250129806809127 0.439855941105634
0.240586993750185 0.473666279111058
0.192100578919053 0.404282174538821
0.244569221511483 0.420212222263217
0.261769297532737 0.424875899683684
0.274157973006368 0.395470549352467
0.23091130098328 0.400321376975626
0.19411886157468 0.364737029653043
0.127389071509242 0.337706594262272
0.123995758127421 0.390606894623488
0.12535384343937 0.391749339178205
0.164979699067771 0.448298600967973
0.115780204068869 0.409291309304535
0.0790609167888761 0.397137550171465
0.0896853236481547 0.429938200861216
0.0939471758902073 0.432663208339363
0.138128635939211 0.452833757735789
0.230483731254935 0.484159113839269
0.186913126148283 0.499502795748413
0.253611378837377 0.504401625134051
0.224920834880322 0.532510928809643
0.108158139977604 0.449255416169763
0.175709239207208 0.498856295831501
0.186317287851125 0.552641658112407
0.141108866780996 0.656340260989964
0.137216823641211 0.646511257626116
0.140276944730431 0.503142906352878
0.118617539294064 0.472260239999741
0.054998115170747 0.423479907680303
0.0844653155654669 0.506476636510342
0.0607625711709261 0.536037158686668
0.0490234885364771 0.567028973251581
0.0693969214335084 0.539929191581905
0.129728447645903 0.607612792868167
0.10731110163033 0.613822158891708
0.120900246314704 0.735220886766911
0.155140900518745 0.655553735792637
0.16757683083415 0.659998104907572
0.190038818400353 0.597263392526656
0.22229181881994 0.61487841932103
0.201139811892062 0.682517446111888
0.220483876764774 0.662946061231196
0.275830781087279 0.629805500619113
0.230490850284696 0.709885370451957
0.285454063676298 0.730357686523348
0.339067897759378 0.690503815189004
0.250658207107335 0.69786119973287
0.280072018969804 0.669740390963852
0.31814861856401 0.662638690788299
0.313143002334982 0.507124844938517
0.320502447430044 0.560361134819686
0.444691705983132 0.668243541847914
0.472923354711384 0.69103077519685
0.524504577741027 0.739410506561399
0.596607216168195 0.72575024748221
0.531239156611264 0.775778015144169
0.61770670581609 0.759092553518713
0.62961747078225 0.724278543610126
0.607968919910491 0.689830574672669
0.56094715744257 0.665678034070879
0.499992401804775 0.613948954734951
0.500464996322989 0.610863858368248
0.479166620410979 0.604581265710294
0.452805117238313 0.655595426913351
0.459008627105504 0.636030775960535
0.456376281566918 0.625839872285724
0.391216844785959 0.580677931662649
0.359322095755488 0.573348817415535
0.380696321371943 0.532024830579758
0.386684876400977 0.524037254508585
0.417540045455098 0.487284617032856
0.391736751887947 0.471241644117981
0.310865433886647 0.470765517093241
0.364220212213695 0.429527871310711
0.428590023424476 0.457573645282537
0.469569831620902 0.477923870552331
0.47122040996328 0.497907161246985
0.447078248485923 0.478442264720798
0.393473013304174 0.544371742755175
0.43117746245116 0.532696303445846
0.383497924543917 0.565254727378488
0.454273567534983 0.594818888232112
0.457054040860385 0.580641945824027
0.463032668456435 0.564339588396251
0.557024580892175 0.600381661206484
0.572257627733052 0.603114248253405
0.648842808790505 0.591103854589164
0.684972211718559 0.566768510267138
0.645413928665221 0.618236686103046
0.609432960860431 0.657527116127312
0.693201309069991 0.653944929130375
0.691748806275427 0.646953004878014
0.705181389115751 0.643851432949305
0.787241593934596 0.423483745660633
0.775388786569238 0.408552075736225
0.775055198930204 0.439164078328758
0.71855344902724 0.525476614013314
0.723379790782928 0.550840699113905
0.718531211838126 0.561738871503621
0.720551555976272 0.587392754852772
0.667253042105585 0.6469566533342
0.706751437857747 0.523952188901603
0.578474471345544 0.566396773327142
0.729206958319992 0.475949847605079
0.695606657769531 0.479028936941177
0.624387460295111 0.491064812522382
0.58479938423261 0.534204794559628
0.46842785179615 0.520086095668375
0.509137055370957 0.45945742353797
0.543616340495646 0.493849273771048
0.542630606330931 0.499731003306806
0.567407324910164 0.521330427844077
0.60550698498264 0.44331182539463
0.623942916747183 0.425885275471956
0.657421056181192 0.363630704116076
0.661616337951273 0.342922709416598
0.584516081027687 0.350035391747952
0.581933487672359 0.361445466056466
0.551083813887089 0.39701901609078
0.444262225180864 0.407264097128063
0.476459663361311 0.456593036651611
0.398933209478855 0.43376604327932
0.359292000997812 0.427215897012502
0.338112873025239 0.391453137155622
0.345303951762617 0.38556919619441
0.397382056806237 0.3942298037
0.376843493431807 0.348333545029163
0.452738533262163 0.362929246388376
0.459017104934901 0.371787416748703
0.456238338723779 0.366492509376258
0.500286945141852 0.314164665527642
0.498156672809273 0.310405528172851
0.445726233534515 0.31064159469679
0.401608237065375 0.308972085826099
0.373681693803519 0.327947481069714
0.327454274054617 0.354076977353543
0.299605323933065 0.327539301011711
0.296019724570215 0.378786271903664
0.2601687326096 0.363992067985237
0.231717018410563 0.321036683861166
0.226215564180166 0.303549775853753
0.239624686073512 0.255901196971536
0.24124467279762 0.251050963066518
0.208191021811217 0.163286106195301
0.250050807371736 0.168214057572186
0.260238011367619 0.221313883550465
0.313304502516985 0.289329239167273
0.37941278424114 0.290473316796124
0.354969867039472 0.319493841379881
0.37981868814677 0.32251955755055
0.390259899199009 0.312530404888093
0.419915016740561 0.244936244096607
0.409992917906493 0.181473316159099
0.358927013818175 0.0872484892606735
0.371024003718048 0.164191340561956
0.350085931364447 0.153295650146902
0.337735388427973 0.104525761213154
0.298944554291666 0.147211225703359
0.211563160642982 0.120328221004456
0.242290469817817 0.142631737980992
0.321327383164316 0.18068933300674
0.368815780151635 0.266091697849333
0.245844681747258 0.152461282443255
0.240411487873644 0.155855908989906
0.196053872816265 0.115390681661665
0.163660165853798 0.0805221241898835
0.140894375741482 0.0548967155627906
0.148932059295475 0.0691015594638884
0.158704632427543 0.0987982242368162
0.13388033490628 0.0451782639138401
0.260187728330493 0.0868096849881113
0.348821577616036 0.0665069785900414
0.314338566269726 0.0322378072887659
0.165957233868539 0.0497943977825344
0.130763622000813 0.0385261722840369
0.190313514787704 0.027176558971405
0.164084991905838 0.00180535251274705
0.255167338531464 0.0149442879483104
0.337668533436954 0.0142591590993106
0.392728568520397 0.0203598607331514
0.384525713976473 0.0117022697813809
0.374106361996382 0.0133894076570868
0.371630805078894 0.0106272622942924
0.431293935049325 0.00471040466800332
0.365241270512342 0.0426188060082495
0.386749976314604 0.0845888648182154
0.398562947753817 0.0956078702583909
0.428082784637809 0.0939364396035671
0.445116752758622 0.248868980444968
0.528493377380073 0.259393899235874
0.590661053545773 0.316920015960932
0.600047806277871 0.329726070631295
0.615325949620456 0.28478740574792
0.553034751210362 0.250424340367317
0.529117945116013 0.223107320722193
0.519955193158239 0.173403768334538
0.509636841248721 0.167045443318784
0.479241877794266 0.136071257293224
0.427018862683326 0.0826599630527198
0.412771951407194 0.0532311000861228
0.412535220384598 0.0457074572332203
0.5342972939834 0.127551964484155
0.5999775393866 0.072429995983839
0.653832130599767 0.0985908838920295
0.641536842565984 0.112420837860554
0.649255227297544 0.122503504157066
0.723878421355039 0.141472944058478
0.724069505929947 0.176879059057683
0.637574383988976 0.170689944643527
0.60261402418837 0.175028967671096
0.56840891065076 0.220162807963789
0.605901692062616 0.227363631594926
0.664056258276105 0.223766494076699
0.680313412100077 0.233955083414912
0.716732307802886 0.184586135670543
0.77188434265554 0.146024569869041
0.771403397899121 0.0589233264327049
0.738790535368025 0.0973579958081245
0.741680259350687 0.146707594860345
0.735637283418328 0.142212175298482
0.706344687845558 0.0549156735651195
0.716121219098568 0.112984401639551
0.713356852531433 0.121145612560213
0.689201032742858 0.0527620678767562
0.687357194721699 0.0471575167030096
0.713157523423433 0.0348811056464911
0.744237075094134 0.021009920630604
0.787097556050867 0.00669868616387248
0.818890606053174 0.0465034120716155
0.819759407546371 0.0635715336538851
0.799485575873405 0.104717174079269
0.784502399154007 0.199688198976219
0.674857872538269 0.283862362615764
0.65178722795099 0.274645137600601
0.658743278123438 0.323274188209325
0.710988595616072 0.326343442779034
0.693062783684582 0.289095100946724
0.730144464876503 0.289324592798948
0.732259620446712 0.318076349794865
0.759003356099129 0.36650323541835
0.802691482938826 0.441013559699059
0.814504185691476 0.419811753090471
0.779497002251446 0.362934938631952
0.803896137978882 0.328406890854239
0.821824555750936 0.269017395563424
0.842310138978064 0.185312586370856
0.856784212402999 0.172802754212171
0.861268154345453 0.205182653386146
0.878437484614551 0.282850527204573
0.859423918183893 0.124933396466076
0.871300383470953 0.162850759923458
0.889844489749521 0.145458356942981
0.888474200386554 0.141958459746093
0.872492305934429 0.119810309261084
0.870277751702815 0.0985430148430169
0.88163185166195 0.101476239971817
0.883214086759835 0.0354409981518984
0.891350862570107 0.0369383944198489
0.976673050783575 0.0299083138816059
0.991778439842165 0.0889874030835927
0.965883145108819 0.198382675647736
0.950415790081024 0.142366172280163
0.964979350101203 0.122053668834269
0.930832097772509 0.0867647011764348
0.896162069868296 0.0377350896596909
0.926264683715999 0.166599072515965
0.934733995236456 0.153518885839731
0.925191357266158 0.235161750111729
0.928649476729333 0.258659299463034
0.938152607530355 0.359106089919806
0.99559371592477 0.200442365836352
0.981834877748042 0.28511895891279
0.957751972135156 0.415803680662066
0.969527646433562 0.397431370336562
0.993662218097597 0.339095381088555
0.992185972165316 0.430366864893585
0.970864945091307 0.429921628441662
0.981039490550756 0.479166334494948
0.988971973769367 0.558488931972533
0.954947627615184 0.584157242439687
0.949548245407641 0.543297583702952
0.930082279257476 0.381995613221079
0.910397514235228 0.312863728497177
0.890955933369696 0.260240945033729
0.899456516373903 0.406350505072623
0.891610426362604 0.297967499122024
0.895454472862184 0.424743233714253
0.861697243992239 0.434549181722105
0.822179902344942 0.438890891615301
0.814857559278607 0.451290711760521
0.79818547423929 0.512934609316289
0.807435827795416 0.531317699234933
0.836252307984978 0.495177806355059
0.871075914241374 0.589313673321158
0.864735530689359 0.681080281734467
0.902413603384048 0.473179194610566
0.914185874164104 0.525025999173522
0.916932514868677 0.374949111137539
0.920928698964417 0.564891804475337
0.919320853892714 0.631848962511867
0.93434074241668 0.628951075021178
0.928218266926706 0.615438829176128
0.932826756499708 0.5537054608576
0.938387840054929 0.595226598437876
0.946109847631305 0.672435003332794
0.959053975529969 0.802189146634191
0.952804794535041 0.742907819803804
0.942552483640611 0.708190435077995
0.945442998316139 0.838827315252274
0.92561260284856 0.781623722985387
0.920883822720498 0.789915531408042
0.928418528288603 0.805105508770794
0.945333713665605 0.845767081249505
0.886469583027065 0.744569261558354
0.849852774292231 0.803042176179588
0.875441309064627 0.762144729029387
0.835279983468354 0.6892124498263
0.84005169942975 0.62157220300287
0.801042226143181 0.608999577816576
0.811231273692101 0.681811553426087
0.836520439013839 0.759507903829217
0.836440982762724 0.835492482408881
0.866777001880109 0.811346149072051
0.945971371140331 0.890250265598297
0.947878536302596 0.928459123242646
0.958550333511084 0.862783035263419
0.959424784872681 0.827473840676248
0.980425943620503 0.768513289745897
0.987214796710759 0.743836179375648
0.999020770657808 0.641256477218121
0.970032014884055 0.912272022571415
0.957968676928431 0.948610437568277
0.932359909638762 0.971980749629438
0.873941623140126 0.973182312212884
0.904450233560055 0.933844285551459
0.842072968836874 0.906152408570051
0.868019605055451 0.885050819255412
0.872076955623925 0.892255078069866
0.87685806164518 0.886677278205752
0.897213449701667 0.861045023426414
0.838208730798215 0.9081418402493
0.773888730909675 0.921194407623261
0.85105940233916 0.953411588910967
0.757164742331952 0.993711819406599
0.727519011124969 0.973025483079255
0.713545104954392 0.95595308765769
0.701772286091 0.956706997938454
0.695846479386091 0.973776180297136
0.626292458269745 0.999481642153114
0.622196041047573 0.985342347994447
0.607706462964416 0.984038108959794
0.4962183595635 0.992776374798268
0.561992815230042 0.983182450290769
0.649412658531219 0.959915781859308
0.642439690418541 0.923674329649657
0.622935933060944 0.947790302801877
0.656567760743201 0.890584080014378
0.655652867164463 0.865233672317117
0.660960764624178 0.85745286475867
0.651978019624949 0.841715821996331
0.683203547727317 0.884585224557668
0.683011189568788 0.888416572473943
0.681866120081395 0.895109909586608
0.708538324572146 0.808369841426611
0.751910950988531 0.794553969986737
0.761011084076017 0.800841918215156
0.750605835579336 0.912837781943381
0.790980154648423 0.891224259976298
0.80690495390445 0.898382990155369
0.817483709659427 0.81219191942364
0.78531119087711 0.865871467627585
0.761229574680328 0.887181645259261
0.760589466430247 0.860051312018186
0.78038940532133 0.840074015781283
0.806692682206631 0.793292277492583
0.788878053892404 0.795202684123069
0.773799103684723 0.765068787150085
