32
0.204361016396433 0.372993976343423
0.198149306233972 0.394654145464301
0.332690468523651 0.548178032971919
0.310223215259612 0.672760574147105
0.219792983494699 0.880503557156771
0.0940817855298519 0.970848031807691
0.175103117246181 0.675434268545359
0.118108316324651 0.645649361889809
0.150181587319821 0.368034078739583
0.16021014470607 0.235430619679391
0.135014167055488 0.149585010483861
0.130781927146018 0.345468515064567
0.0403035073541105 0.208130016922951
0.165121455211192 0.060011722613126
0.363488275557756 0.0109668942168355
0.522578986827284 0.15361449168995
0.756308049894869 0.316257623024285
0.734390128869563 0.386659437790513
0.942661971785128 0.186702785547823
0.778260978870094 0.592475465964526
0.678570085670799 0.853886571712792
0.80243314197287 0.475344670470804
0.732772296760231 0.615730356425047
0.581097856163979 0.898363069165498
0.678783454466611 0.580443241633475
0.504036909434944 0.968834129627794
0.397306441795081 0.888103393372148
0.429869038052857 0.605673840269446
0.530668428167701 0.699758446309716
0.521648570429534 0.339375183451921
0.234444000758231 0.194438418373466
0.255877510178834 0.33310157014057
