256
0.17466789111495 0.999760810285807
0.170466657262295 0.934415921103209
0.158371593803167 0.979896189179271
0.109087841119617 0.947303837165236
0.285815333016217 0.791993557475507
0.154273313935846 0.725619073025882
0.287870379164815 0.746938979718834
0.314848144073039 0.773524074815214
0.346431158483028 0.762347149197012
0.366894540376961 0.79149421909824
0.391989166848361 0.775386351160705
0.486756510101259 0.780235692858696
0.432713869027793 0.749903301242739
0.48968603881076 0.729474246967584
0.506273630075157 0.75035368418321
0.521146141458303 0.608452673535794
0.478122552856803 0.670055505819619
0.443505331873894 0.671497444622219
0.481594192329794 0.542682351078838
0.512717325240374 0.570612930692732
0.511510309297591 0.563736025243998
0.487345100846142 0.5160475326702
0.40519540105015 0.43903050897643
0.434602165594697 0.479244950227439
0.381383078172803 0.423986718989909
0.394336651079357 0.414000682532787
0.293231079820544 0.441339281853288
0.445356312207878 0.571793249342591
0.407275663223118 0.648932876531035
0.406762413680553 0.653812752105296
0.38640348566696 0.703496174886823
0.259428632445633 0.719731820747256
0.271811259910464 0.671656962484121
0.253352690022439 0.665620629210025
0.161486893426627 0.65012916084379
0.193535442929715 0.609338155947626
0.245311504229903 0.625445894896984
0.320582293905318 0.562220543622971
0.287705349270254 0.550798140000552
0.272301426623017 0.501562743447721
0.204363054130226 0.444685329683125
0.194861811585724 0.481806112453341
0.219202424399555 0.538286139257252
0.168712571728975 0.606702777091414
0.129972860682756 0.793006607331336
0.169476521201432 0.749719075858593
0.18686087615788 0.752503479830921
0.0977628268301487 0.833712693769485
0.00961854821071029 0.987116208299994
0.00923688476905227 0.867602751590312
0.0239569018594921 0.763763452880085
0.105102025903761 0.749163159634918
0.127298851497471 0.667944667395204
0.149521966930479 0.630048529710621
0.112225118558854 0.462657147552818
0.0602836571633816 0.552901055663824
0.0571995186619461 0.541801710613072
0.00368355959653854 0.648870619945228
0.0210722628980875 0.580941153690219
0.0642166351899505 0.414515124168247
0.0325111979618669 0.409309352282435
0.0324853025376797 0.274655239656568
0.062244804110378 0.402271909639239
0.180369467008859 0.457386629190296
0.159184580668807 0.424799066968262
0.100398478098214 0.342069430742413
0.162861806806177 0.408193489536643
0.181720092892647 0.415658461395651
0.26742191798985 0.367435439489782
0.453703049104661 0.421779777854681
0.452821728773415 0.435641050804406
0.504307006020099 0.487499229609966
0.562913775444031 0.545336328446865
0.623470969963819 0.554928944911808
0.646266330964863 0.545911367516965
0.671605780720711 0.54283388145268
0.695872774347663 0.520855139009655
0.719259168021381 0.502170112449676
0.701415881514549 0.512781322933733
0.635804157238454 0.433755838312209
0.668209198862314 0.523713409435004
0.624088330660015 0.519729875028133
0.60038133431226 0.485764394979924
0.601407242473215 0.456676666159183
0.604345818050206 0.386802566237748
0.539318001829088 0.464276666287333
0.525584689341486 0.396736086346209
0.476041335146874 0.3973204982467
0.397102972026914 0.364927248097956
0.392378960736096 0.344383778981864
0.318926125764847 0.341134190559387
0.387120589148253 0.328989127650857
0.473017625976354 0.319134626537561
0.512066225055605 0.332490246277303
0.553414274007082 0.317057422362268
0.604918302502483 0.313450895715505
0.595917783677578 0.222147146705538
0.641388880088925 0.302293847780675
0.603262934368104 0.378135900944471
0.621526900213212 0.399422496557236
0.67556697782129 0.451533184852451
0.716455124784261 0.502731994725764
0.68382286420092 0.413399268873036
0.690617558080703 0.348704795353115
0.659126853104681 0.282682889141142
0.580107347574085 0.163617006037384
0.567315290216357 0.157568834722042
0.454850355163217 0.290365860797465
0.537078233901411 0.159466629382223
0.538202953524888 0.127171141561121
0.506878562737256 0.167621883563697
0.363154928199947 0.0632248837500811
0.340633956715465 0.124079524539411
0.227853253018111 0.0375065938569605
0.309159523341805 0.105046079494059
0.259913612157106 0.0819359901361167
0.276387353427708 0.140182643197477
0.277667743619531 0.155174070037901
0.350931162014604 0.139610195998102
0.351154464296997 0.240956291090697
0.346922502852976 0.227954631205648
0.239289088174701 0.336154784541577
0.151925976853818 0.243930698838085
0.0859477273188531 0.277096124831587
0.0616673249751329 0.295076751150191
0.05158856138587 0.191669883672148
0.00780679238960147 0.144236304331571
0.063561231829226 0.164140270557255
0.0548296361230314 0.0628918842412531
0.0548225026577711 0.0143024511635303
0.151801259256899 0.102536368649453
0.138846812769771 0.170723778195679
0.115812924690545 0.199801538139582
0.0942870802246034 0.227667567320168
0.111854642629623 0.232912330888212
0.286068281624466 0.191257088445127
0.165525280404836 0.090907737147063
0.168008780106902 0.0648944615386426
0.0686668851412833 0.0178351793438196
0.333838418126106 0.0418846337124705
0.284851882606745 0.0124902483075857
0.401675836183131 0.00430344836786389
0.517731912434101 0.00219291262328625
0.549709497950971 0.034195979591459
0.548081231769174 0.103804911486804
0.563411268871278 0.128188579343259
0.565218886826187 0.0535834608599544
0.644735414534807 0.152975579258054
0.649889971129596 0.136653899680823
0.641879900358617 0.0710726380348206
0.648843529634178 0.0324291344732046
0.666504164226353 0.0121156349778175
0.721169108524919 0.00216986425220966
0.778196525294334 0.0236126794479787
0.78575107967481 0.102635188028216
0.861343114171177 0.173747487366199
0.855252606328577 0.0891963052563369
0.91026946855709 0.111830952577293
0.897067837882787 0.16110630845651
0.844271028414369 0.198172845877707
0.835114450659603 0.195975829381496
0.76703729853034 0.116666944231838
0.751047858968377 0.237240721471608
0.669190589804202 0.281774119939655
0.699454307090491 0.278064486570656
0.890536327380687 0.25793284829706
0.896575949620456 0.239714674651623
0.939596480689943 0.0900194444693625
0.830667316447943 0.0401929039508104
0.868030072189867 0.0552721209824085
0.764171525835991 0.00178428087383509
0.967440865002573 0.0235765343531966
0.970081563107669 0.0369281750172377
0.978323401883245 0.00632638670504093
0.998669790104032 0.512480227742344
0.941999053116888 0.785990269389004
0.925877516157925 0.782660983502865
0.913986205123365 0.808387776371092
0.94392908597365 0.83102868264541
0.997001656796783 0.582220695912838
0.986894369125366 0.835475481580943
0.99997945735231 0.887411536183208
0.984173163305968 0.868551631458104
0.977327109314501 0.927682557608932
0.958969210274518 0.930299295578152
0.840325925964862 0.924606439191848
0.783575484994799 0.983222900424153
0.702264325227588 0.964836861006916
0.777727562002838 0.918610486667603
0.825762670952827 0.913844937458634
0.804991196841002 0.895363006275147
0.82224576966837 0.878346710465848
0.840540503617376 0.853727621026337
0.698130514007062 0.863152618985623
0.684946524444968 0.871553156990558
0.799592407885939 0.716470429673791
0.819487276021391 0.489133113995194
0.895216103643179 0.408899215050042
0.917828304227442 0.520878880750388
0.894116213079542 0.581586336251348
0.8962262715213 0.515907680150121
0.834675175603479 0.65949058579281
0.855330760590732 0.678127309773117
0.876600443851203 0.825092829763889
0.855127315502614 0.888497316744179
0.895022923592478 0.889187979977578
0.958868141751736 0.903025288600475
0.930319838225842 0.849348144605756
0.890943896956742 0.83019545301795
0.896181889809668 0.831062905024737
0.880690524354577 0.662117821164429
0.935636562760919 0.494882145896554
0.991002307273448 0.447208596859127
0.9685293356888 0.421143914107233
0.990250505972654 0.325504212174565
0.951685408130288 0.442820608615875
0.97098693670705 0.14200287591666
0.946858139242977 0.401043923571706
0.943509394302964 0.416300251148641
0.9289551503025 0.203211635351181
0.9346524765715 0.341607794631273
0.905185388866812 0.286005901638418
0.89554297644645 0.32758279517293
0.818011617753655 0.416100061964244
0.736759680788964 0.50297679612413
0.75237343320623 0.455992414150387
0.72989148600027 0.507674141321331
0.806354125496 0.632980168331414
0.76394760934636 0.732700861990452
0.697207138407975 0.829531950876117
0.583847807720304 0.800133022014052
0.80140271410346 0.639195967465639
0.75560847716406 0.609169777017087
0.70151738775894 0.536239868029952
0.739753272384405 0.603314737323672
0.756931271404028 0.664402110036463
0.526621319819242 0.763931650668383
0.519046762492508 0.777950812131166
0.473793677054346 0.839441518299282
0.437765682116151 0.890912655275315
0.469241922255605 0.886826455593109
0.556269350461662 0.82936597103253
0.646701948717237 0.853992133866996
0.638665048405528 0.862886818125844
0.721886255778372 0.907762052956969
0.713719026185572 0.909286302980036
0.420309124980122 0.930823455099016
0.643228200729936 0.967352434061468
0.476159784011543 0.954209513496608
0.422928194981068 0.970941002015024
0.384462287649512 0.959700291510671
0.385352449957281 0.937652428634465
0.28296768758446 0.949058961123228
0.293056962545961 0.933799962513149
0.457368517760187 0.832116107456386
0.278986880090088 0.929750279989094
