16
0.0347863505594432 0.826668084133416
0.0714827761985362 0.645667805336416
0.0853647142648697 0.580237394664437
0.298321263864636 0.0673870053142309
0.464245243463665 0.129524659831077
0.310770761687309 0.491572003345937
0.327041800133884 0.456024021375924
0.499643731862307 0.394592247437686
0.742857564240694 0.183093762490898
0.814904671162367 0.243383756373078
0.747789255809039 0.761618725489825
0.680473609361798 0.828338604886085
0.975124614313245 0.864227643702179
0.515062419697642 0.976228769868612
0.144226331263781 0.61528518050909
0.0535560273565352 0.897642784751952
