128
0.447665280196816 0.659197061322629
0.446216023061424 0.613035295158625
0.434759957250208 0.610645988956094
0.409052194096148 0.615180872380733
0.392421014141291 0.624248790554702
0.290306584443897 0.719981993082911
0.335845349356532 0.722794770728797
0.236232254188508 0.781958141829818
0.363620263524354 0.736175666563213
0.489790983032435 0.694988391362131
0.261927443556488 0.801727819722146
0.529488619416952 0.870782266836613
0.691483133472502 0.830831307452172
0.584610110148787 0.957264224998653
0.459951011929661 0.953789779916406
0.210347313899547 0.920801579486579
0.249825632665306 0.996589269023389
0.155870271380991 0.996544384863228
0.141702002845705 0.956432741135359
0.0729799503460526 0.940106867346913
0.120268292725086 0.895837575662881
0.149089549202472 0.785582302138209
0.132237711455673 0.687558276578784
0.0989127256907523 0.704946932382882
0.0662451102398336 0.784004700835794
0.0641942312940955 0.797393054701388
0.0778776030056179 0.869084026198834
0.0344917862676084 0.952413936145604
0.0527174421586096 0.913836758583784
0.0255430280230939 0.830372130963951
0.0185547056607902 0.553458058275282
0.0230749542824924 0.525751776993275
0.0519598997198045 0.540493333246559
0.0590628529898822 0.256557533983141
0.012681941036135 0.0443007936701179
0.0091821220703423 0.0118617392145097
0.0444476534612477 0.075438919942826
0.147140924353153 0.141266634687781
0.135263103526086 0.201595135498792
0.19969039503485 0.213427318725735
0.390103238169104 0.349680801387876
0.168660643044859 0.361235221382231
0.174218684900552 0.373041828162968
0.150755064561963 0.409905497916043
0.081189607270062 0.364401623141021
0.128280026372522 0.650823452975601
0.170394292566925 0.537908347789198
0.17813466116786 0.493201714009047
0.171275463420898 0.449667069129646
0.261524788569659 0.445587275549769
0.403660154901445 0.427960293833166
0.39432138344273 0.443815696053207
0.324330178555101 0.539192787371576
0.353253428824246 0.558863738086075
0.442337749525905 0.447903357911855
0.441759831272066 0.394035682547837
0.461730072740465 0.328172553796321
0.460286154877394 0.474735097493976
0.450673581566662 0.514741394203156
0.446082765236497 0.528951267246157
0.537879341747612 0.519013864919543
0.506313642952591 0.438469160813838
0.544660109560937 0.426912800874561
0.613213968928903 0.499625180382282
0.601963043678552 0.539899759925902
0.594108059536666 0.58316454058513
0.658736712299287 0.617077762261033
0.670495997648686 0.62030145060271
0.702815093565732 0.658673331141472
0.624022055417299 0.615251457784325
0.787418521009386 0.739505504723638
0.794357990380377 0.710037839133292
0.730968753341585 0.558967227116227
0.692264991346747 0.563594846520573
0.77154870564118 0.550801079720259
0.843702752143145 0.531934163998812
0.626998762134463 0.49658343847841
0.607895640190691 0.448089272715151
0.58573252055794 0.386695218272507
0.630794160068035 0.380741606466472
0.569226928520948 0.377513023093343
0.495625528972596 0.2082430543378
0.57466003485024 0.265935505274683
0.612748298794031 0.315505188889802
0.724552296567708 0.407106289174408
0.861379063688219 0.0844877478666604
0.645991390105337 0.0839792327024043
0.651526587083936 0.122735043056309
0.629712030757219 0.17211625771597
0.637581008020788 0.0784478383138776
0.458709927275777 0.111780295148492
0.397471750620753 0.0519916405901313
0.36059155780822 0.0223569758236408
0.121257096529007 0.0123827969655395
0.193810529541224 0.0363901075907052
0.384289365727454 0.0837970315478742
0.421884350012988 0.168824451975524
0.38479323964566 0.300493196584284
0.0329344924539328 0.0288680167868733
0.0827352437190711 0.0109867602586746
0.626288890372962 0.00551632838323712
0.911619457416236 0.0472011133097112
0.918804013170302 0.160256708506495
0.901993095409125 0.354990808758885
0.907172374427319 0.53746148571372
0.99743202002719 0.0750348544679582
0.987803117837757 0.21752989385277
0.995032745413482 0.466032181866467
0.969134056940675 0.399786649737507
0.926475263666362 0.545224282424897
0.887722039595246 0.708671763539314
0.899696493986994 0.713162003550678
0.920114514883608 0.640856957994401
0.95407440001145 0.787854327820241
0.987128555309027 0.914281859062612
0.943353426177055 0.94632407836616
0.823208509944379 0.998522053472698
0.870294547639787 0.894180165138096
0.891441002022475 0.891132770571858
0.932010313495994 0.922259169630706
0.921847683377564 0.69603902567178
0.863293247763067 0.865944284945726
0.750231907702982 0.757650811690837
0.663020335137844 0.795152047183365
0.551575584337115 0.786789691075683
0.509890799410641 0.710560958832502
0.576662726700306 0.747267054859549
0.566329502966255 0.723299148958176
