32
0.2203832664527 0.030067125800997
0.353845428209752 0.226840266492218
0.829685106873512 0.174040496814996
0.51730526285246 0.276369418948889
0.2467055846937 0.347161745186895
0.471965228673071 0.532046083826572
0.236547231208533 0.838444832246751
0.503205533139408 0.767507349140942
0.579630129039288 0.772777258884162
0.486833659932017 0.816177360713482
0.446684312075377 0.839163810014725
0.697921278886497 0.889385486021638
0.843956212047487 0.871150691062212
0.638658040203154 0.601144925691187
0.63876098766923 0.692348495125771
0.503209685441107 0.352006748318672
0.886424735188484 0.655787867959589
0.562113209627569 0.373258395120502
0.575786161236465 0.265502592548728
0.920823992695659 0.54220679635182
0.880296246614307 0.853805841878057
0.976739762816578 0.943463743198663
0.0306436773389578 0.975879264995456
0.611222091130912 0.944626863580197
0.0132043068297207 0.910939923953265
0.0979352397844195 0.491949463263154
0.113778636325151 0.868032675702125
0.338802441488951 0.606365338433534
0.199786791577935 0.645560659002513
0.229271688032895 0.342807665932924
0.0351561615243554 0.137899370864034
0.0420731725171208 0.0657998388633132
