512
0.580638339277357 0.997256133239716
0.642184277996421 0.966332075186074
0.607970927841961 0.959290480241179
0.630069185979664 0.938704141881317
0.418293111491948 0.991260794922709
0.453811989165843 0.98619892867282
0.488664177246392 0.983770860359073
0.406096489168704 0.996785577386618
0.423926007933915 0.967374126892537
0.496440525632352 0.908886661753058
0.504208292346448 0.858283078297973
0.473006424959749 0.865233072545379
0.380405306816101 0.969678496476263
0.365318751428276 0.982467269990593
0.413507874589413 0.888381961733103
0.383139475714415 0.895615573041141
0.369313776027411 0.900559497997165
0.341052853967994 0.869072911795229
0.296391879674047 0.896979649551213
0.317914401646703 0.868848062586039
0.20070685306564 0.985791294369847
0.0141631946898997 0.993640338536352
0.0587485381402075 0.983021051622927
0.128084185533226 0.935523592866957
0.232067841105163 0.875545715447515
0.20923725515604 0.913317483384162
0.21637644385919 0.936508879996836
0.230208109132946 0.911839479580522
0.277863971423358 0.876559622585773
0.28245904436335 0.838373945560306
0.25143735576421 0.839769822079688
0.270579600706697 0.818392595741898
0.328254621475935 0.831767668481916
0.317387697286904 0.866607203613967
0.363711493555456 0.821753984782845
0.290723121725023 0.801185876596719
0.280243205372244 0.792459250427783
0.294931670185179 0.769428708124906
0.307390679605305 0.759243777953088
0.318221955094486 0.761402204632759
0.375950319692492 0.77296967478469
0.475632752757519 0.720999061129987
0.494619381148368 0.731790927704424
0.419116891920567 0.791152556892484
0.446291853208095 0.861567869316787
0.470925538334996 0.829027451109141
0.509787265211344 0.79123530164361
0.536416111513972 0.733427326660603
0.579485137481242 0.727192608639598
0.538877146318555 0.66859388910234
0.590628026053309 0.720597884617746
0.594130361452699 0.690786360763013
0.572978521697223 0.648973050061613
0.536315547768027 0.646298325620592
0.60794670227915 0.611074235290289
0.542134202551097 0.607623792253435
0.534315419849008 0.633247540332377
0.487973961979151 0.588539838790894
0.513404838275164 0.628542061429471
0.463030179031193 0.698364919517189
0.449532036669552 0.698149256873876
0.454815964680165 0.671689708251506
0.426775538828224 0.636548715643585
0.443242235574871 0.631565007381141
0.479107521940023 0.540646656416357
0.527553837746382 0.457267350982875
0.491474039852619 0.424006095156074
0.436083385720849 0.422034303657711
0.387014091014862 0.360298144631088
0.356882189866155 0.360088102519512
0.452331456355751 0.326161669101566
0.479552777018398 0.306948110926896
0.512487617321312 0.362384198233485
0.561578815802932 0.339236704166979
0.561845961026847 0.324131301604211
0.562422034330666 0.293865544721484
0.552354096900672 0.293421268463135
0.466262316796929 0.27798519609496
0.464733300730586 0.285434114746749
0.388106590136886 0.267999859061092
0.446797031909227 0.190741667989641
0.396459047216922 0.174011255148798
0.37685818085447 0.164532875176519
0.358606968540698 0.13723589386791
0.378978997003287 0.150131180882454
0.40919957542792 0.106411031913012
0.471041333395988 0.137034274172038
0.502000442240387 0.166430734097958
0.505907799582928 0.164715993683785
0.524366560857743 0.113020916935056
0.485561775509268 0.102856229525059
0.452378659974784 0.0569583084434271
0.317906297277659 0.0999682005494833
0.246926483698189 0.0565319363959134
0.287682611960918 0.032809981610626
0.266785895451903 0.0371808130294085
0.185326779261231 0.045010183006525
0.163438938558102 0.03075594548136
0.268151356838644 0.103037778753787
0.0469509749673307 0.105436167679727
0.110782235395163 0.213788505643606
0.135680545121431 0.268009541090578
0.156381820794195 0.184078791644424
0.264430436771363 0.262184328399599
0.232653495389968 0.229632433503866
0.197333370801061 0.19503031950444
0.258266367018223 0.212785787414759
0.32488579954952 0.20423732092604
0.176442610099912 0.179464254062623
0.112356347963214 0.146416435483843
0.162743826396763 0.148012505844235
0.206589696928859 0.17768917279318
0.157540616113693 0.140277814120054
0.222525150049478 0.135413527023047
0.265274974051863 0.136603625956923
0.303454274311662 0.148790736217052
0.315190213732421 0.118919911794364
0.336571940220892 0.14830038510263
0.332867143675685 0.153414717875421
0.282764589414001 0.175473706331104
0.341031126212329 0.193723031785339
0.386613267473876 0.183066254481673
0.379665665794164 0.216514983214438
0.345663585234433 0.237822531256825
0.344152274075896 0.251067198812962
0.3281254703179 0.286812500096858
0.311682524625212 0.313310116529465
0.281363487243652 0.305217341985554
0.243698486592621 0.267532496713102
0.273776100948453 0.31062586652115
0.257429555058479 0.324622968677431
0.230718556325883 0.319227888714522
0.231408569496125 0.285485458560288
0.116481897421181 0.31584955053404
0.101271229796112 0.296057838946581
0.10760494414717 0.288194241467863
0.068180434871465 0.272575431503356
0.138018584344536 0.40583369275555
0.170204169582576 0.348475027829409
0.225383386481553 0.362043810542673
0.236553563270718 0.333999601192772
0.255684935022146 0.328580430243164
0.359393692109734 0.313995738979429
0.323157232720405 0.332815335132182
0.307993160560727 0.339114202652127
0.30396320996806 0.351750812027603
0.295707541983575 0.360210092272609
0.241779977455735 0.375585916917771
0.246468717698008 0.418758705258369
0.245760079938918 0.423928077798337
0.265155097469687 0.46843138569966
0.263239334803075 0.473140521906316
0.306544744875282 0.443092996254563
0.271042932290584 0.388492859899998
0.336946776602417 0.385964088607579
0.366289322730154 0.449855615384877
0.379264467861503 0.441515967715532
0.400159259326756 0.421084130182862
0.463494124822319 0.457893058191985
0.441594181582332 0.546766959596425
0.406653580721468 0.569198649842292
0.380662972573191 0.55993640050292
0.341389998327941 0.621443056035787
0.292087885085493 0.545333587564528
0.424926744773984 0.545949604827911
0.421001311857253 0.526288688648492
0.373101558536291 0.531650914344937
0.266422923188657 0.490648459177464
0.236857767216861 0.488461622968316
0.266948666423559 0.516248712316155
0.261121397372335 0.526379633694887
0.292890522163361 0.583265421446413
0.295882514677942 0.615608921274543
0.305301784072071 0.638069083914161
0.310190214775503 0.654018050990999
0.311769094318151 0.656034287530929
0.332974093966186 0.649117860011756
0.360267028678209 0.624254564289004
0.387054426595569 0.619411999825388
0.328683781437576 0.686229875311255
0.402895647101104 0.622142618987709
0.403638779651374 0.621289242990315
0.434909922070801 0.66487806243822
0.412384881172329 0.705489522777498
0.313517875503749 0.706892305519432
0.303352650254965 0.679203774780035
0.22036816040054 0.779585252515972
0.251853039022535 0.766538628842682
0.197604907210916 0.827174962498248
0.0792792211286724 0.910480824764818
0.125810259953141 0.900632805656642
0.156032241880894 0.874813301023096
0.219290072098374 0.816454446408898
0.211205380037427 0.859836746472865
0.104515091981739 0.92542807944119
0.00542319752275944 0.96306717954576
0.0592225850559771 0.909431802108884
0.0891671599820256 0.894271729048342
0.0231225765310228 0.900540133938193
0.0327355344779789 0.882206000387669
0.0702841328456998 0.858487965539098
0.0861264304257929 0.808677780907601
0.0694754850119352 0.775401750579476
0.0210693115368485 0.790130872279406
0.066842082887888 0.754285013768822
0.0339313168078661 0.732627625577152
0.0803662999533117 0.713557038921863
0.0264430325478315 0.652740608900785
0.0552773494273424 0.667645657900721
0.136698253918439 0.705287968739867
0.150566290132701 0.703724488150328
0.134542153216898 0.723691872321069
0.143975818995386 0.772070656064898
0.104059151373804 0.843337708618492
0.126173596829176 0.787200452294201
0.124232405796647 0.788360230624676
0.0859545315615833 0.865173293743283
0.0773083688691258 0.884077679831535
0.104083332233131 0.88302942039445
0.109508737921715 0.874732597731054
0.148469878360629 0.798360608983785
0.168975925538689 0.774777711369097
0.20305609004572 0.745293173473328
0.212941457983106 0.741549257654697
0.207502149045467 0.700136763975024
0.166169472970068 0.69882227294147
0.248730461578816 0.660707064904273
0.243675343692303 0.659998433664441
0.221317041665316 0.655498036649078
0.239607060328126 0.638682094868273
0.251859310548753 0.541195733938366
0.22790962131694 0.509021109435707
0.147308029234409 0.534954906906933
0.174784213770181 0.528407908044755
0.179392119403929 0.527086359448731
0.199447764083743 0.615933963563293
0.167341899126768 0.610321092419326
0.156688070390373 0.614901357330382
0.134616744704545 0.650986568070948
0.131522024050355 0.650535879191011
0.101830386091024 0.662595869973302
0.0875133732333779 0.612049402669072
0.117328884080052 0.624390115495771
0.118600123096257 0.600355090107769
0.0959903011098504 0.555815146304667
0.0951074063777924 0.55748589290306
0.0993327856995165 0.542569041252136
0.113729371223599 0.523605052381754
0.145147042348981 0.512896701227874
0.20337474392727 0.458660093136132
0.214071517344564 0.44089024560526
0.205408040434122 0.437894803471863
0.200682071968913 0.395152374170721
0.161807214841247 0.436902336310595
0.0477735623717308 0.506388056091964
0.0535433576442301 0.590838320553303
0.0393091170117259 0.607220006175339
0.0288608465343714 0.638124503660947
0.0207401746883988 0.593248095363379
0.0251264288090169 0.531681267078966
0.0364486896432936 0.507718642707914
0.0304941153153777 0.507863570470363
0.00261027971282601 0.464251468889415
0.0981817822903395 0.44715395802632
0.0703203952871263 0.399224151391536
0.0442170528694987 0.399429623503238
0.0650402717292309 0.302655663341284
0.0342414840124547 0.248956803698093
0.0233797417022288 0.228243827819824
0.0271166749298573 0.319182498846203
0.00989434449002147 0.432337953709066
0.0195344537496567 0.206249828450382
0.0333807445131242 0.200376988854259
0.0565964295528829 0.229453153442591
0.087193850427866 0.239038075786084
0.0950156887993217 0.212600418832153
0.0476864469237626 0.120233835186809
0.0542769776657224 0.149907839018852
0.0460660951212049 0.172477909363806
0.0425271862186491 0.160770987160504
0.037021298892796 0.108671059831977
0.0274426215328276 0.0940973851829767
0.0220916839316487 0.0611918945796788
0.00707524316385388 0.0249797250144184
0.113453001249582 0.00762778287753463
0.0378787540830672 0.0411195894703269
0.0674269278533757 0.0798924807459116
0.10925898887217 0.0793755650520325
0.175495918374509 0.0547247594222426
0.163722641766071 0.0521704703569412
0.138286824803799 0.00549691077321768
0.203035405836999 0.0137884588912129
0.223153969738632 0.0152587378397584
0.154289651662111 0.00120066944509745
0.244098513852805 0.00776774110272527
0.262118764221668 0.00981229636818171
0.483270658645779 0.0436983434483409
0.49655704991892 0.0480569452047348
0.524194872938097 0.0513316933065653
0.519793779123574 0.0553648681379855
0.568746636155993 0.0839551477693021
0.584745844360441 0.0901110749691725
0.602608164772391 0.0971028218045831
0.614355910569429 0.146949698682874
0.669717049226165 0.0399836525321007
0.718775810673833 0.0403826469555497
0.65790940169245 0.0319023453630507
0.518890555016696 0.0352325066924095
0.563130565918982 0.0111910575069487
0.458161843940616 0.0118453688919544
0.347666954621673 0.00456434721127152
0.361418142914772 0.00214250152930617
0.64067884394899 0.0106915924698114
0.677719267550856 0.00260976003482938
0.944601260591298 0.0240981550887227
0.962668717838824 0.0592067092657089
0.971644104458392 0.0208901655860245
0.98065725620836 0.0374393314123154
0.991983165964484 0.203577597159892
0.993127661757171 0.25014090584591
0.996621762402356 0.925212775822729
0.986306874081492 0.675106117036194
0.979090537410229 0.695786169264466
0.984419485554099 0.467693113721907
0.985148380044848 0.320321452338248
0.975778739899397 0.329889021813869
0.974824069999158 0.300528515595943
0.981155255343765 0.17714961618185
0.969764458015561 0.0711521385237575
0.944282859563828 0.0958878812380135
0.921942762564868 0.119430648628622
0.880955114495009 0.105214457027614
0.895270493812859 0.092115196865052
0.795089061837643 0.0683711008168757
0.82969593629241 0.141960101667792
0.819712044205517 0.172477473970503
0.823607208672911 0.18966471683234
0.87367392424494 0.185025793500245
0.886699858121574 0.186915524769574
0.915798871777952 0.238756881095469
0.971770620904863 0.246276546269655
0.966523663606495 0.564735008403659
0.970699556171894 0.782065442297608
0.970102450810373 0.836259213741869
0.978194210678339 0.805298088584095
0.977918799500912 0.970401669386774
0.951927327550948 0.905838475096971
0.945734646171331 0.946219746489078
0.945081775076687 0.944166328758001
0.943688245024532 0.928971033543348
0.956349946092814 0.763312629424036
0.959746843203902 0.733013739343733
0.964239195454866 0.573286870960146
0.954258391167969 0.640076013747603
0.919776713941246 0.590957877691835
0.913315919227898 0.516997581347823
0.945296608377248 0.512183003127575
0.951585629023612 0.481052516959608
0.952380463480949 0.472310959361494
0.964630260132253 0.346466285176575
0.946051032748073 0.382759504951537
0.9366191374138 0.374473777599633
0.93338017957285 0.414091846439987
0.851736993994564 0.633744212798774
0.897929853759706 0.575057648122311
0.899811222217977 0.626582867931575
0.887803279794753 0.677938311826438
0.918523835018277 0.708166854456067
0.926360111217946 0.770246990956366
0.919661088380963 0.787058887537569
0.873585763387382 0.712224586401135
0.877825936768204 0.742638511583209
0.864723740145564 0.785193773917854
0.848979359958321 0.82526992727071
0.883917507249862 0.780294335447252
0.882443711161613 0.80161446519196
0.914083094801754 0.812015089206398
0.914576536975801 0.855185533408076
0.906723358202726 0.861916917841882
0.834581091068685 0.960773718077689
0.80684057623148 0.946448298636824
0.779617351479828 0.966416859067976
0.830114524811506 0.880573322530836
0.854570371098816 0.875449704471976
0.85920051112771 0.872628657147288
0.881063839420676 0.853065063711256
0.867781729437411 0.848497098311782
0.807324387598783 0.865145391318947
0.82400620309636 0.650874562095851
0.868616346269846 0.544535337947309
0.866803838405758 0.519961282610893
0.829035297036171 0.583483393769711
0.786456554662436 0.564953657332808
0.7739884913899 0.546766147017479
0.724626456853002 0.547140706330538
0.806048547849059 0.499322381336242
0.825516459066421 0.53712630784139
0.863586987368762 0.453068242873996
0.884503200650215 0.417092366144061
0.931458471808583 0.338290341198444
0.923842844087631 0.295515153091401
0.918712857179344 0.317024444229901
0.87376865465194 0.208012016955763
0.873783693183213 0.232327839825302
0.845885784830898 0.265541596803814
0.845580773428082 0.222470086533576
0.834809508640319 0.2330082943663
0.782244396395981 0.330451036337763
0.812733897939324 0.293419692665339
0.857390890829265 0.314465922769159
0.867413828615099 0.316954698879272
0.875128156971186 0.336864675395191
0.866891082376242 0.372218146454543
0.894430938176811 0.38812579959631
0.864749547094107 0.425158248282969
0.832595826126635 0.462576987221837
0.840126312803477 0.386631971225142
0.84292404865846 0.353637229651213
0.822665089741349 0.351837614085525
0.802163456100971 0.368686537723988
0.822660648263991 0.411365373060107
0.708563130814582 0.394198345486075
0.692494846880436 0.381662073545158
0.658354504499584 0.413991983048618
0.68793663289398 0.369214249309152
0.691512919962406 0.371782672125846
0.756706336978823 0.315743638202548
0.79167405096814 0.253181602805853
0.754399725235999 0.233868859242648
0.739683113060892 0.24235092708841
0.796291916165501 0.155672753695399
0.746013516560197 0.165657146368176
0.760324644856155 0.164168344810605
0.786551575176418 0.160064778290689
0.782781971152872 0.168698157649487
0.746035960037261 0.18947801599279
0.67791456123814 0.198054346721619
0.662505318410695 0.187143407296389
0.714797088876367 0.171520398929715
0.657515147235245 0.162749484181404
0.617469355463982 0.167016472667456
0.550196824129671 0.187114228494465
0.555964874103665 0.215166662354022
0.501664374954998 0.187103638891131
0.488887682091445 0.181702329777181
0.534470787737519 0.233713273424655
0.58516534185037 0.234037516172975
0.60686057806015 0.258512598928064
0.603946748655289 0.199433122761548
0.623685766011477 0.195292150136083
0.682666328269988 0.204242412000895
0.658765686675906 0.24505398934707
0.664628729224205 0.275625622831285
0.628787750378251 0.307345158886164
0.591911694966257 0.273230673279613
0.576532757375389 0.367541857995093
0.554685265291482 0.427195416763425
0.595411185640842 0.535867359023541
0.601098107174039 0.523440529592335
0.586945596616715 0.504215960856527
0.626659440342337 0.454939946532249
0.59536878624931 0.429805948399007
0.638882156461477 0.420188210438937
0.666870771441609 0.412364412564784
0.693704622332007 0.415902570355684
0.692992234136909 0.425630943384022
0.685753271915019 0.437152836006135
0.669400298502296 0.449106308165938
0.654156978242099 0.467032027896494
0.57691959105432 0.568456581793725
0.622592575382441 0.584411449730396
0.657842505257577 0.546618338674307
0.684915082529187 0.498197994660586
0.729335655458272 0.510188418906182
0.716564375907183 0.531228220555931
0.784223502967507 0.432232642546296
0.824855094775558 0.449961889535189
0.713642489630729 0.549404537770897
0.664696994703263 0.585439961403608
0.726018867455423 0.613885736092925
0.783771210815758 0.638317232485861
0.800847000908107 0.664547231514007
0.790573471225798 0.680803571362048
0.687973115593195 0.678202148992568
0.703842098359019 0.70295919990167
0.717666757293046 0.719775561243296
0.747804063372314 0.837588176131248
0.752327216789126 0.87040545605123
0.672998304944485 0.710511818062514
0.672552433796227 0.71316278539598
0.5953304823488 0.671634790021926
0.620258227456361 0.739540273789316
0.635835559573025 0.746660267934203
0.697616307996213 0.820505454204977
0.64722269307822 0.829138332046568
0.64390470739454 0.827006147243083
0.631748021580279 0.820134716108441
0.629385298583657 0.811369282193482
0.587480583228171 0.793648043647408
0.506626104004681 0.908830201253295
0.496905494481325 0.917883945163339
0.491553334519267 0.931671602185816
0.581692479085177 0.86837208038196
0.54052862431854 0.930280953645706
0.638577413745224 0.900790599174798
0.587383442092687 0.882516596931964
0.598637035116553 0.842416828032583
0.648255048319697 0.881264910101891
0.710448953788728 0.923373396974057
0.730786086991429 0.939104349818081
0.740575226955116 0.957510768901557
0.647930343169719 0.998104901053011
