512
0.12498380895704 0.900316320825368
0.129915607627481 0.904776553157717
0.0676438459195197 0.958520166575909
0.136548778507859 0.95230588875711
0.0350755015388131 0.996404803358018
0.045004625339061 0.972226261626929
0.0702189193107188 0.934029928874224
0.0722329877316952 0.911686568520963
0.0813149977475405 0.874100738670677
0.0997669394128025 0.852013163734227
0.147470488678664 0.825659792404622
0.232548015657812 0.763997728936374
0.293387431185693 0.725597260519862
0.310770260635763 0.708392465487123
0.334334312938154 0.706273168791085
0.365617712028325 0.692007143516093
0.39054087176919 0.662535987328738
0.350212404504418 0.686402755323797
0.31193204363808 0.68525268509984
0.279062278103083 0.712935804855078
0.263448820915073 0.718984213657677
0.247084675356746 0.71359009295702
0.273747907951474 0.70411485247314
0.298939139116555 0.68814621726051
0.290577696636319 0.666639546398073
0.241045053116977 0.658760078251362
0.209946301300079 0.704777266830206
0.184289101976901 0.729714757297188
0.114974963944405 0.747806274332106
0.106130820233375 0.70255376258865
0.0854361187666655 0.700090696103871
0.0541025060229003 0.902913582976907
0.0126215075142682 0.975846104789525
0.028457342647016 0.893399832770228
0.00721564330160618 0.8881961023435
0.0162545922212303 0.882819959893823
0.0335649298503995 0.879101578146219
0.045497362036258 0.80840349663049
0.0388291552662849 0.767985407728702
0.0554142566397786 0.743318778462708
0.0504857008345425 0.735706985928118
0.0493898196145892 0.704913338180631
0.036199139431119 0.724758830852807
0.0226632654666901 0.694874000735581
0.0588065660558641 0.690568863879889
0.0965748815797269 0.631608638912439
0.0368517320603132 0.622876168694347
0.00582141615450382 0.53282703878358
0.0181576428003609 0.52701478684321
0.00399982091039419 0.467341670766473
0.00291603850200772 0.332317518536001
0.00115656014531851 0.231167723424733
0.000258247833698988 0.128095956053585
0.0121636083349586 0.0809475304558873
0.0321851768530905 0.0850066533312201
0.057646730914712 0.051868777256459
0.0510788783431053 0.112379821483046
0.00829102424904704 0.15209752926603
0.073543593287468 0.200724104885012
0.113065435551107 0.221408867742866
0.135588964447379 0.187702975235879
0.160134870093316 0.163812964223325
0.180985246319324 0.208370001520962
0.209029378369451 0.229857865255326
0.264288586098701 0.261031938251108
0.216723785270005 0.195995749440044
0.28025048179552 0.2010587034747
0.32462249416858 0.225649194791913
0.256501034833491 0.21722468174994
0.344076884444803 0.318668396677822
0.368150559253991 0.311016853433102
0.407814536709338 0.35482708318159
0.396148167084903 0.367208805400878
0.367320052813739 0.331443537957966
0.357427573762834 0.331176458857954
0.359661424532533 0.454500152729452
0.34743027202785 0.357361698523164
0.300871812738478 0.301869408227503
0.290254588238895 0.331080556847155
0.34665182325989 0.381256869062781
0.329869353212416 0.402381594292819
0.321305759716779 0.413454287685454
0.304855664726347 0.404896159190685
0.315500731579959 0.426295312121511
0.265513870399445 0.406861849594861
0.226200108416378 0.412075613159686
0.210490948520601 0.351960665080696
0.25454908516258 0.345437732059509
0.273966951295733 0.318474556319416
0.279028949327767 0.309718214441091
0.222657479345798 0.272188812494278
0.219719246961176 0.244593078270555
0.174563140142709 0.269006562884897
0.191797979641706 0.297269363887608
0.139046743046492 0.281464604195207
0.179836591240019 0.325465912465006
0.210620278958231 0.317531010136008
0.178130855318159 0.33945431932807
0.142485320102423 0.350550567731261
0.13200309406966 0.337084996514022
0.0956161171197891 0.316089667379856
0.126043298747391 0.338690928649157
0.0705179776996374 0.311044101603329
0.140648240223527 0.246261950582266
0.163725945632905 0.217021177057177
0.147832508664578 0.225585696753114
0.039596360642463 0.300592761021107
0.0579039514996111 0.334785492159426
0.0720814354717731 0.338162387255579
0.0820906148292124 0.374515959061682
0.0596259613521397 0.40361197385937
0.0794558036141098 0.415779908653349
0.13217875501141 0.423866670113057
0.129877658560872 0.454112619161606
0.0800261101685464 0.431925901211798
0.0581259429454803 0.419911016710103
0.0530042718164623 0.450626634526998
0.0352014172822237 0.458432300016284
0.0310124889947474 0.461739874444902
0.0378038831986487 0.567119182087481
0.0724352253600955 0.560813948046416
0.126251915469766 0.540133466012776
0.103009593207389 0.506016377359629
0.127897669561207 0.465363547671586
0.162166346330196 0.513693185523152
0.0747520881704986 0.61559757264331
0.187843937892467 0.62368671130389
0.209556656423956 0.608919269405305
0.222530018072575 0.586225097533315
0.248875643126667 0.533566050697118
0.237485591787845 0.605849518906325
0.249517306219786 0.564660366624594
0.252404329366982 0.518567441031337
0.236514741554856 0.523148100823164
0.16200672602281 0.481278077233583
0.199442878831178 0.450991354417056
0.157856739126146 0.43403567140922
0.116665370296687 0.375089172273874
0.251160343177617 0.429605567362159
0.255462391767651 0.418475366197526
0.302612892817706 0.46614148048684
0.363537345547229 0.474996956530958
0.363631987944245 0.516976087819785
0.341533586848527 0.524749053642154
0.278933135326952 0.604503444861621
0.293821047525853 0.596728005912155
0.359782169107348 0.571111200377345
0.32926361495629 0.595042622182518
0.428530991077423 0.591847159899771
0.470966989640146 0.548902386799455
0.494476824533194 0.628585696220398
0.480681091081351 0.674015730619431
0.416071663144976 0.695339624304324
0.517417171504349 0.708096211776137
0.503792643081397 0.709946982096881
0.414989748969674 0.732627116143703
0.377784629818052 0.736819592770189
0.447043545544147 0.746519933454692
0.49851697916165 0.738947333302349
0.49457230232656 0.752190192695707
0.41685596993193 0.786577486433089
0.460519015323371 0.79578886507079
0.47804322373122 0.775075156241655
0.571722819469869 0.670802120119333
0.574579859618098 0.662086506839842
0.571023428812623 0.69112597592175
0.595339927822351 0.672503074631095
0.697210891637951 0.712726505007595
0.732655913569033 0.712351572234184
0.755502476356924 0.651849763002247
0.84108770545572 0.642536970321089
0.844106973614544 0.610302948858589
0.82289536530152 0.57054560398683
0.836577215697616 0.578635437879711
0.848511372227222 0.541957361157984
0.76875690696761 0.571248349733651
0.745549999643117 0.569838004186749
0.84125865669921 0.472974735312164
0.853352993261069 0.467574194073677
0.868279322516173 0.524819692131132
0.897844627965242 0.511008286383003
0.901103516109288 0.564923316240311
0.933604202698916 0.569737392943352
0.933721486013383 0.567409100010991
0.928622865583748 0.555107285268605
0.941695605404675 0.492969936691225
0.935314186383039 0.592865650076419
0.935610990971327 0.605046547017992
0.973442331887782 0.486260622274131
0.976405319292098 0.275534289889038
0.973449978046119 0.367490197066218
0.958115636371076 0.376505378633738
0.969583388417959 0.265558544080704
0.936383112799376 0.193889331072569
0.924254154320806 0.250599174760282
0.943591420073062 0.267402108293027
0.924704323522747 0.370907049626112
0.949506416451186 0.342871033586562
0.951710811350495 0.361895057372749
0.88092334009707 0.455443078652024
0.825831735040992 0.372482732404023
0.793000647798181 0.416292082518339
0.789035696070641 0.501735627651215
0.757574826944619 0.553678571246564
0.677912669721991 0.499110572040081
0.785969549324363 0.420528521761298
0.735663032624871 0.445413738954812
0.697316365782171 0.439638308715075
0.692339906934649 0.438219809439033
0.66830172855407 0.443666364997625
0.578733968082815 0.352190063335001
0.645001965109259 0.440294774714857
0.65752522693947 0.490097457077354
0.698289362713695 0.568427898455411
0.65515541145578 0.572113952599466
0.621979382354766 0.549767018761486
0.577321148011833 0.620205425657332
0.516733116004616 0.650901356711984
0.557664232794195 0.553731308318675
0.579363805241883 0.466365714557469
0.598859569523484 0.556267921812832
0.592475476674736 0.408428664319217
0.589532127138227 0.411396221723408
0.561518249567598 0.424013656564057
0.556859662290663 0.475603970699012
0.561093569733202 0.485917789395899
0.516038496978581 0.549773580394685
0.530743984039873 0.479314621072263
0.460070555564016 0.372068484313786
0.522879531607032 0.367687450256199
0.550956996623427 0.303359300363809
0.592546711210161 0.286393315996975
0.531177680008113 0.217164834961295
0.536172848194838 0.269109066575766
0.558366776909679 0.276590350084007
0.535881448537111 0.282208142336458
0.522720750421286 0.295113005675375
0.445017262361944 0.342224759049714
0.513568426482379 0.256292724981904
0.456053364090621 0.254369545727968
0.444262956734747 0.249674588441849
0.417773405089974 0.202540090307593
0.488732512574643 0.192581596784294
0.457355433143675 0.193301814608276
0.409780550282449 0.175225059967488
0.331337081734091 0.176945814397186
0.390858350787312 0.220292289275676
0.286168915219605 0.188100276049227
0.242092234548181 0.177289070095867
0.209331104531884 0.169820886105299
0.245680017396808 0.14525066036731
0.244450992904603 0.112913204357028
0.216226582881063 0.130101168062538
0.229701855685562 0.118886851705611
0.16626384947449 0.114835613407195
0.183570444118232 0.145297668408602
0.052640846464783 0.021379379555583
0.160989868454635 0.0806889510713518
0.145933324936777 0.0966269024647772
0.194990121293813 0.090083422139287
0.165437491144985 0.0551990163512528
0.143575691618025 0.0360826957039535
0.212424370460212 0.0299198403954506
0.235874605830759 0.0760183897800744
0.283310231287032 0.118974342942238
0.300750005990267 0.125383421313018
0.276744548697025 0.098111127037555
0.274870298802853 0.0736505831591785
0.339565936941653 0.103555675130337
0.379040700383484 0.1253980435431
0.301183765754104 0.149278192780912
0.331244576256722 0.153654627967626
0.416406488977373 0.148570387158543
0.458832815755159 0.160073774401098
0.50278828991577 0.148706564214081
0.497016520705074 0.171395441051573
0.491869628895074 0.191204591654241
0.522284472361207 0.210186955053359
0.511973333545029 0.120269524864852
0.499524757266045 0.109244095161557
0.425214173737913 0.0850626910105348
0.429097362793982 0.109316990245134
0.394303866196424 0.0403234083205462
0.431286378763616 0.0784237091429532
0.399445433635265 0.0148703744634986
0.363837161567062 0.00784397916868329
0.356626514345407 0.00713983830064535
0.354130687657744 0.0296627306379378
0.376823989208788 0.0414625448174775
0.344983100891113 0.0513580767437816
0.357426131144166 0.0468948795460165
0.307196148205549 0.0298477225005627
0.224834138527513 0.000704301055520773
0.312075939960778 0.00223122071474791
0.415062601678073 0.00428554881364107
0.465666889213026 0.0177011410705745
0.49862119089812 0.0294462204910815
0.550418623257428 0.0672890236601233
0.576929270289838 0.0800648429431021
0.620020342990756 0.104078250005841
0.641254087444395 0.05612050043419
0.576001211535186 0.0434841234236956
0.604192362166941 0.0367483668960631
0.599486036691815 0.0334556689485908
0.575268615037203 0.0168638369068503
0.568667832296342 0.00675291894003749
0.593815777916461 0.0159341506659985
0.655683466698974 0.00292692659422755
0.661558898631483 0.0547467316500843
0.645482226274908 0.066261226311326
0.660699315369129 0.0936279348097742
0.705268116667867 0.0586021994240582
0.709228811319917 0.0622633150778711
0.761390272993594 0.0878364620730281
0.788462152238935 0.0655743167735636
0.797168154735118 0.0573947401717305
0.801027053035796 0.0930891642346978
0.779193030204624 0.178811682853848
0.736649733502418 0.127256620675325
0.7490552556701 0.203785095829517
0.746538473758847 0.206692600157112
0.754392309579998 0.244256961159408
0.727049837820232 0.32782342704013
0.717158582061529 0.315433679614216
0.690880991984159 0.330844722688198
0.639789631124586 0.19981902372092
0.624992135446519 0.1506522661075
0.608735236804932 0.142182724084705
0.638485129456967 0.126453129108995
0.623556945472956 0.117514137644321
0.566115846857429 0.0947317094542086
0.578388188034296 0.0835253237746656
0.557216496672481 0.0795681518502533
0.589949534740299 0.141232943627983
0.470726621337235 0.0251908865757287
0.525990084279329 0.103962883818895
0.504044134169817 0.0950639685615897
0.506309364922345 0.106137940660119
0.569024651311338 0.183669628109783
0.598143084906042 0.231205081567168
0.618364384863526 0.319398398511112
0.636904660146683 0.334759945049882
0.631769219879061 0.349898293148726
0.668566690292209 0.397023934870958
0.679761813953519 0.394540692679584
0.756847377866507 0.356675677932799
0.768157644663006 0.353529150597751
0.761734165251255 0.20270029315725
0.754235906526446 0.177833077963442
0.805581911932677 0.2626344691962
0.845388364978135 0.0542936152778566
0.800901425536722 0.026974368840456
0.797549532726407 0.0025353217497468
0.867553404066712 0.0689303134568036
0.853760522324592 0.0703514502383769
0.853400314226747 0.076493845321238
0.829908757004887 0.168890081346035
0.848674358800054 0.196123265661299
0.79396490752697 0.327156318817288
0.789146386086941 0.344740753062069
0.790845342446119 0.353132348041981
0.830637246835977 0.355392864439636
0.847845512442291 0.319407364819199
0.888870322145522 0.255286131054163
0.887865806929767 0.219523686915636
0.846395477186888 0.232507788110524
0.847747934516519 0.219925675541162
0.888209144584835 0.184654916170985
0.914053926244378 0.159239419735968
0.919686287175864 0.0546780657023191
0.940770017448813 0.0343315964564681
0.92408477794379 0.107287380378693
0.933067794889212 0.140717569272965
0.976456734351814 0.0959127834066749
0.99419561913237 0.338201461359859
0.976057789754122 0.202950064092875
0.98211484728381 0.263624550774693
0.990813653916121 0.546366475988179
0.986127905547619 0.653970459476113
0.971859211102128 0.61772327311337
0.969180284067988 0.594866333529353
0.955772255081683 0.682048625778407
0.945854789577425 0.712734591215849
0.938462209887803 0.684650849085301
0.938061618711799 0.713400540407747
0.933742774650455 0.756799308117479
0.931828146800399 0.793812865857035
0.947014983743429 0.752442094963044
0.962842465844005 0.713004742749035
0.992987590376288 0.811882637441158
0.992054374888539 0.950036986265332
0.986019897274673 0.996132851578295
0.945931726600975 0.949074022937566
0.939622230827808 0.943765186704695
0.903567590285093 0.967616498935968
0.927479132544249 0.941618924029171
0.947578327730298 0.931341831572354
0.9269102467224 0.938246578909457
0.890567669179291 0.966549267061055
0.917701321654022 0.919519275892526
0.919697343371809 0.906023449730128
0.915904445573688 0.873013383708894
0.910308998543769 0.927523720543832
0.887966077774763 0.967495601158589
0.856479508336633 0.973801498766989
0.845673098228872 0.992539818864316
0.846990738064051 0.963375903200358
0.769137735944241 0.994461226742715
0.741125352680683 0.991707505192608
0.79587689647451 0.945134555920959
0.81801145337522 0.949764664284885
0.84679140849039 0.933786632493138
0.851636426988989 0.902913539670408
0.886894769966602 0.891414615791291
0.904539624229074 0.841773686464876
0.912264048587531 0.768595209810883
0.90192409651354 0.747038013767451
0.913269510027021 0.6203099838458
0.894340118858963 0.638743377290666
0.893269672524184 0.593120604287833
0.862220796290785 0.641537668183446
0.874514650087804 0.63171353423968
0.849303513765335 0.709380939602852
0.847553851082921 0.718766887206584
0.853483831509948 0.724445921834558
0.867563508450985 0.808096475433558
0.868434816133231 0.826046759728342
0.863511951174587 0.86055358313024
0.871831398457289 0.859817369841039
0.848093283362687 0.888720781542361
0.822845137212425 0.910608381498605
0.786586881615222 0.939517553430051
0.753073832020164 0.977851853705943
0.7841159645468 0.910200330428779
0.75771203590557 0.911886465735734
0.756431601475924 0.854366655927151
0.740363593678921 0.870030420366675
0.748609601054341 0.855991548392922
0.771153586916625 0.798561505973339
0.782988714519888 0.781784506049007
0.825887458864599 0.774999086279422
0.811564648058265 0.787487285677344
0.799184230156243 0.799924501217902
0.851569001562893 0.788684614934027
0.812121041119099 0.711765687447041
0.790671813767403 0.715033086482435
0.775137790013105 0.76485269330442
0.777172679081559 0.767784322611988
0.729267460294068 0.787504552863538
0.73549126740545 0.756083691492677
0.681206591892987 0.743602050468326
0.703521809075028 0.795916686300188
0.687303598504514 0.828773934394121
0.652622231282294 0.826816777233034
0.706833477597684 0.847530260216445
0.702060636598617 0.8799899648875
0.74741242825985 0.890856548212469
0.742310015484691 0.907072067260742
0.670270869042724 0.880123893264681
0.700383235234767 0.912019702140242
0.675044788047671 0.964358870871365
0.650177183561027 0.955306007992476
0.625682240817696 0.951519185211509
0.573537783697248 0.980215516407043
0.492308618500829 0.990651523228735
0.537260037381202 0.973112512845546
0.530624162871391 0.966542599257082
0.388328711967915 0.988979617133737
0.397520817350596 0.944798721466213
0.263897348660976 0.98544520419091
0.17159768473357 0.973592016845942
0.173105233814567 0.960833151824772
0.192159444559366 0.959307213313878
0.272544074337929 0.965120731852949
0.269327136222273 0.962749781552702
0.282842746935785 0.943280063569546
0.229673018213362 0.933725633192807
0.177715120371431 0.918377394787967
0.245116562582552 0.90305990120396
0.242287649773061 0.913559314794838
0.237163441255689 0.919061994180083
0.270600989926606 0.922851195093244
0.308880884200335 0.931410518009216
0.538827816490084 0.95608405675739
0.502277351450175 0.93659107806161
0.420129926875234 0.899513436947018
0.606760430149734 0.942744611762464
0.63246253458783 0.844857234042138
0.604859228245914 0.830626219511032
0.477727563586086 0.849693361204118
0.44889457616955 0.881390084978193
0.490262467414141 0.821120957843959
0.533437815494835 0.796195263043046
0.539158840663731 0.805009376723319
0.592323466204107 0.80374900251627
0.676581462379545 0.810375529807061
0.603939795866609 0.776468378026038
0.613906413782388 0.716468504630029
0.588508041575551 0.725516075268388
0.537300035823137 0.759612512309104
0.513855812139809 0.78358614910394
0.530161612667143 0.785006980411708
0.476734292227775 0.805175960995257
0.464549250900745 0.821813347283751
0.418912410270423 0.823728256393224
0.317267555277795 0.860649020411074
0.2570183374919 0.876813435927033
0.184233127627522 0.867264614906162
0.257869792636484 0.847295843996108
0.329183139838278 0.755665169097483
0.206072372384369 0.834889223333448
0.194103925954551 0.842708876822144
