1024
0.369957152288407 0.135303528513759
0.440736281685531 0.178723613731563
0.457375754602253 0.164716614410281
0.477411918342113 0.185962056275457
0.460120859090239 0.203572451137006
0.489484110847116 0.179990214295685
0.50481616333127 0.144602811895311
0.530894635245204 0.133329612668604
0.481665949337184 0.147474215831608
0.370687595102936 0.127289568539709
0.459488504100591 0.097954650875181
0.36104225134477 0.123006760142744
0.339921216480434 0.124573375098407
0.242373070213944 0.116806422825903
0.178042439743876 0.0867501576431096
0.175459641031921 0.0838026776909828
0.138814136385918 0.0718271001242101
0.13848922541365 0.0801039435900748
0.159934013150632 0.086416944861412
0.166475299745798 0.0962359802797437
0.199059390928596 0.112226194702089
0.249189994297922 0.150022502057254
0.344153800979257 0.182555537205189
0.295668064616621 0.140383276157081
0.344043989200145 0.150802887510508
0.335447527002543 0.155411668587476
0.339676823001355 0.15912971785292
0.357477930840105 0.177046727389097
0.365902621299028 0.158806573133916
0.422111262567341 0.20993352169171
0.414524925872684 0.293262065388262
0.404379988089204 0.333741329610348
0.395709072239697 0.356428328435868
0.43260443629697 0.302542500197887
0.43242515809834 0.315508290193975
0.4466098616831 0.298420623410493
0.467738109175116 0.300358786247671
0.459607196040452 0.314428056124598
0.42393163125962 0.366004595998675
0.495806847233325 0.331702030263841
0.528000656981021 0.352331950794905
0.544042380061001 0.353594219312072
0.472032859921455 0.261743273586035
0.544298217631876 0.279050386045128
0.597631894983351 0.336107367649674
0.605041921604425 0.341187682002783
0.626060434617102 0.335486461408436
0.604012352414429 0.344668699428439
0.531995432451367 0.312271350063384
0.568617066834122 0.347445630468428
0.589976170565933 0.366219191811979
0.571520457509905 0.33675909275189
0.587879631668329 0.357960205059499
0.594942589756101 0.378196890000254
0.604511776007712 0.383965869899839
0.569650349672884 0.369025800377131
0.564058725722134 0.385846194345504
0.523657922632992 0.41288506379351
0.532190439291298 0.434579123742878
0.502663232386112 0.400909680873156
0.514664116315544 0.431002076715231
0.50156853441149 0.409252159297466
0.429894394241273 0.367525818292052
0.448535935487598 0.395177694037557
0.420439294539392 0.37617279868573
0.362431114539504 0.444317274726927
0.339175692293793 0.441959868650883
0.360957280732691 0.343770329840481
0.352602379396558 0.32901732577011
0.325036128982902 0.29739272268489
0.32003971002996 0.286572395358235
0.339129247702658 0.294969181064516
0.365505534689873 0.252907489426434
0.38578878575936 0.272269660141319
0.368393324781209 0.235294374637306
0.344436975661665 0.253795559983701
0.24539929907769 0.181278170552105
0.122836783528328 0.0943325459957123
0.112121255602688 0.0880595063790679
0.1300965314731 0.145146250259131
0.145529614761472 0.145556015428156
0.263113378547132 0.210607135202736
0.28292480437085 0.233826285228133
0.23685316555202 0.237781548406929
0.337729293853045 0.326102542225271
0.337233975529671 0.352567487861961
0.32919360883534 0.374366890173405
0.336839453782886 0.375225778203458
0.353215116076171 0.368984956759959
0.357475307304412 0.354261592030525
0.341990860644728 0.419275342021137
0.327309066895396 0.420054197777063
0.264144962653518 0.400428459979594
0.254448200110346 0.406034270767123
0.287325181998312 0.45381291070953
0.259544050320983 0.458861944731325
0.246470301412046 0.466083400417119
0.270852595567703 0.46836992399767
0.272662428673357 0.473555859178305
0.337078704498708 0.472636046353728
0.378667895216495 0.479195928201079
0.339734964072704 0.488351674750447
0.316108441911638 0.530446055345237
0.305246095638722 0.544800168368965
0.314711155369878 0.550749905407429
0.363045165780932 0.52926946664229
0.34484131867066 0.624549329280853
0.374143895693123 0.607648649718612
0.382386079523712 0.544815951492637
0.412727487273514 0.538647042121738
0.413571842480451 0.493746261112392
0.440342693123966 0.431958354543895
0.446661356836557 0.425142648164183
0.428512340877205 0.399468278512359
0.510636115446687 0.455525271594524
0.506781488656998 0.471260223537683
0.50958119565621 0.484141666442156
0.510918750427663 0.503554004710168
0.491153093054891 0.511407192796469
0.492362313903868 0.504485617857426
0.476584820076823 0.474460646044463
0.495269304607064 0.458928971085697
0.46139317099005 0.454519032966346
0.463154806755483 0.538722093682736
0.454993541818112 0.553967765532434
0.45119410706684 0.525946918409318
0.444268779829144 0.537776509299874
0.417536140885204 0.562908913940191
0.434177713468671 0.57032822817564
0.42070535896346 0.576268306467682
0.351272316183895 0.664526905398816
0.370194502640516 0.665911493357271
0.420921254437417 0.620002129115164
0.490382307209074 0.556248021312058
0.555432874243706 0.550462738610804
0.544356916565448 0.585341471247375
0.511273260228336 0.584824917837977
0.490213339682668 0.568194425664842
0.487627252936363 0.584906958974898
0.487190308514982 0.58633842272684
0.470978732220829 0.595348159316927
0.48110189428553 0.599618057254702
0.503581933677197 0.607797596603632
0.506313341669738 0.609456404577941
0.488044172525406 0.628276738803834
0.462050439789891 0.627888313494623
0.417470732703805 0.647546768654138
0.413540719076991 0.649603441357613
0.457238699775189 0.708646709099412
0.464083130005747 0.716138229705393
0.452807092107832 0.743582155555487
0.509840924292803 0.721048112027347
0.483054148964584 0.697169189341366
0.555358720012009 0.723559143021703
0.511971673928201 0.732350416947156
0.500662705861032 0.735296179540455
0.453154244925827 0.761243731714785
0.437771044671535 0.786876883823425
0.428806987125427 0.804899733513594
0.4156798068434 0.831057589035481
0.358364268671721 0.891499237623066
0.357126752380282 0.896426375955343
0.337512038182467 0.910082073882222
0.374539778567851 0.886438362300396
0.380591894034296 0.887342518661171
0.364546082913876 0.90074875857681
0.311507401056588 0.935615378431976
0.416751553304493 0.89511410985142
0.296125879511237 0.943083748221397
0.313095327466726 0.91439324663952
0.322264455724508 0.895237331744283
0.356673438102007 0.88218180090189
0.372772969305515 0.864872851874679
0.39104922907427 0.840401848312467
0.403768732212484 0.811248953919858
0.376247011590749 0.820713982917368
0.357188630383462 0.814595935866237
0.369476462714374 0.69722941564396
0.377308011054993 0.681617912836373
0.439441780094057 0.690560022369027
0.39029794652015 0.673820673022419
0.376704456750304 0.670515551697463
0.371495637111366 0.674278643447906
0.329254883807153 0.691604336723685
0.353080069646239 0.742538954596967
0.311115958262235 0.769847142510116
0.323757075704634 0.802259397227317
0.338236690033227 0.824292351026088
0.365096705500036 0.83883513789624
0.367925311438739 0.852995761670172
0.339409853797406 0.861148091964424
0.267629529815167 0.928140850737691
0.251739031635225 0.971767222043127
0.225433829706162 0.96005788911134
0.196823212783784 0.98292093956843
0.132275664713234 0.991586992051452
0.115167311392725 0.948875492904335
0.0826821136288345 0.999368460848927
0.0761408000253141 0.971238123718649
0.0493019856512547 0.967106112278998
0.0772659652866423 0.956470105331391
0.0506028695963323 0.952502206433564
0.0143109830096364 0.903141230344772
0.0446370136924088 0.897314748261124
0.0646060663275421 0.904425255022943
0.0944598047062755 0.916341278236359
0.072064648848027 0.922820560634136
0.118216664064676 0.947317613754421
0.161252218764275 0.922581723891199
0.156060574110597 0.9547238945961
0.225096276029944 0.937702597118914
0.21466925740242 0.910671369638294
0.239710214082152 0.907934209797531
0.27487702248618 0.870613671839237
0.256471347529441 0.873435085639358
0.23599213315174 0.860530352685601
0.199477920308709 0.884999656118453
0.199791873805225 0.88850628118962
0.102652759756893 0.900031385011971
0.084440974984318 0.895079426001757
0.178869208786637 0.863114478532225
0.169982888735831 0.853020047303289
0.198907249141484 0.839586128946394
0.263096785638481 0.807119176723063
0.264629224315286 0.819296523462981
0.223077032249421 0.836699016857892
0.301618312019855 0.833679970819503
0.317288530990481 0.846514235716313
0.278611774556339 0.814322308637202
0.322398701682687 0.817714167758822
0.304896349087358 0.806426259223372
0.299450939986855 0.801090367138386
0.224081844557077 0.793755595106632
0.214449432678521 0.812214749399573
0.20607841713354 0.794329078868032
0.16053063608706 0.787676187697798
0.210360330995172 0.769207378849387
0.237454147078097 0.770852472167462
0.230698318686336 0.75390590634197
0.28308335179463 0.747555177193135
0.30562258977443 0.764853822998703
0.291637141257524 0.739250148180872
0.271568510215729 0.73188576893881
0.285725416615605 0.726467079482973
0.327409828547388 0.75575993116945
0.301168595440686 0.709980072919279
0.280826436821371 0.717129302211106
0.271042961161584 0.719466148409992
0.200797230936587 0.740889103617519
0.128045353107154 0.765746316406876
0.158687725663185 0.744230869226158
0.173968205694109 0.745250030420721
0.193860456813127 0.691896076779813
0.175840885844082 0.729688891675323
0.150558896828443 0.725638233590871
0.0859352354891598 0.814022987615317
0.152295379899442 0.788311725016683
0.192615838255733 0.814718144480139
0.17174223670736 0.828263781499118
0.14874044759199 0.823577373288572
0.158345775678754 0.792816543951631
0.130070705432445 0.830759297590703
0.0674400208517909 0.841456122230738
0.0476373434066772 0.89309631800279
0.0383818782866001 0.87611537752673
0.0427766237407923 0.850950083695352
0.0336689027026296 0.838187758810818
0.00836793519556522 0.850022138562053
0.0143222212791443 0.812614912632853
0.0193101363256574 0.779901816509664
0.039356293156743 0.698883460834622
0.00728434976190329 0.774475058540702
0.0263569043017924 0.620732645504177
0.0266635599546134 0.603301435243338
0.0202454132959247 0.604123753029853
0.00566652370616794 0.601501114666462
0.0179260866716504 0.558829272165895
0.0296234535053372 0.531126527115703
0.0483717890456319 0.506518032867461
0.0348915723152459 0.563761631492525
0.103415044955909 0.528536425437778
0.102252648677677 0.541814277414232
0.0827386914752424 0.563181068748236
0.0925523065961897 0.564231351017952
0.0518274242058396 0.597630379255861
0.0670555946417153 0.67932940274477
0.0235447827726603 0.802775345277041
0.0601693643257022 0.764511178713292
0.0905966302379966 0.714758693240583
0.0701997326686978 0.792181013152003
0.0786371128633618 0.775287118274719
0.0847698380239308 0.763389789499342
0.0836275764741004 0.748875841032714
0.0886107049882412 0.740603271406144
0.0956515837460756 0.706353872548789
0.113844778388739 0.671473080758005
0.167170819826424 0.679013891145587
0.178462365176529 0.675959913060069
0.144754562992603 0.668733431492001
0.178431300912052 0.65117511479184
0.161715067923069 0.619505340699106
0.154829791747034 0.636697706766427
0.128540557343513 0.630848207976669
0.118652567733079 0.663074567448348
0.0908026346005499 0.65586835378781
0.0649428395554423 0.692592657636851
0.0672100493684411 0.682963953353465
0.120173392351717 0.587209510151297
0.135847219265997 0.57764476723969
0.131148478016257 0.578718776348978
0.118141857907176 0.552805713377893
0.147388787940145 0.526812091469765
0.153890789952129 0.522791925352067
0.175138398539275 0.518882751464844
0.142508928198367 0.536638926248997
0.17520102718845 0.563752914313227
0.177840336691588 0.544119580183178
0.202607400715351 0.517805418930948
0.185219076927751 0.563366883900017
0.201871745288372 0.56377997295931
0.195618359837681 0.63458984112367
0.223867637105286 0.647661257535219
0.202864148188382 0.659227176569402
0.210306534543633 0.662319918163121
0.214160114061087 0.663986694067717
0.257035049144179 0.606901431456208
0.249367171898484 0.654839328955859
0.249882319476455 0.654692246578634
0.244891944807023 0.673501998186111
0.288178070448339 0.658158965874463
0.28013078821823 0.684550408273935
0.315168307628483 0.661399548407644
0.298435720615089 0.691696395166218
0.307997216936201 0.693841515108943
0.331934020388871 0.642918779980391
0.314677859656513 0.613169978372753
0.307117503136396 0.623433051165193
0.273103855550289 0.618988794274628
0.260688085574657 0.602984650526196
0.278014858718961 0.57417770428583
0.299376442562789 0.597268694546074
0.315513585694134 0.6029252409935
0.283468043897301 0.55726980464533
0.266773151699454 0.550738029181957
0.246212223544717 0.54118787124753
0.202360628172755 0.454380572773516
0.271506085526198 0.523683583363891
0.278364820405841 0.525834207423031
0.227292594034225 0.47350840177387
0.185646511148661 0.432265016715974
0.16549006011337 0.421262454241514
0.18123417114839 0.441509788390249
0.17342372611165 0.482408058363944
0.159089170861989 0.493789867963642
0.139677065424621 0.510386997833848
0.155373089015484 0.446806561201811
0.0547225046902895 0.489582463633269
0.04012456163764 0.504567672032863
0.0496218586340547 0.469763930886984
0.0772330579347908 0.4484903649427
0.0779277477413416 0.443832595366985
0.0744116795249283 0.425946591421962
0.00661862408742309 0.491418269462883
0.0190719654783607 0.465543251950294
0.0131076886318624 0.455622359644622
0.0196178816258907 0.442410171963274
0.00272351130843163 0.436282532755286
0.00390188489109278 0.380491703748703
0.028063892852515 0.44862769311294
0.0398799027316272 0.405235958751291
0.0425764298997819 0.405164540279657
0.0580328535288572 0.417986082378775
0.0655530085787177 0.370042346417904
0.0148953539319336 0.359661203809083
0.0393397691659629 0.329524787142873
0.0404783017002046 0.311994718853384
0.0425454122014344 0.278483651112765
0.0438264491967857 0.251383685041219
0.0409745150245726 0.264746334403753
0.0389259248040617 0.236869231797755
0.0101084485650063 0.176564597059041
0.00803121691569686 0.166116160340607
0.0297562512569129 0.169155390001833
0.0291112093254924 0.181403479073197
0.0260261846706271 0.204434781335294
0.044283480849117 0.187707046978176
0.0405542156659067 0.184645179193467
0.0501194936223328 0.173603437840939
0.0419249017722905 0.127743879333138
0.0312253041192889 0.135680066887289
0.037833362352103 0.123620393685997
0.0153280328959227 0.0614582267589867
0.0606157225556672 0.130292397458106
0.0572183858603239 0.107819193042815
0.0942260283045471 0.16384224453941
0.119245332665741 0.192137920763344
0.0749852955341339 0.23019374255091
0.0825869226828218 0.239031810779124
0.0733800628222525 0.242901716846973
0.0935701350681484 0.29774531442672
0.129417019896209 0.321286588907242
0.121698108967394 0.33399089705199
0.0510835740715265 0.357991428114474
0.10497995885089 0.399149694014341
0.103984014131129 0.440284917596728
0.140214276500046 0.426006055437028
0.104626468382776 0.380739144049585
0.103628296870738 0.376376694533974
0.0986885847523808 0.369709486607462
0.0857962551526725 0.368752701207995
0.0719197164289653 0.359896432142705
0.126028601545841 0.345392622053623
0.165298751555383 0.381872680503875
0.189423534553498 0.399268637876958
0.212432583793998 0.394075473304838
0.098923534154892 0.241234756540507
0.169482604134828 0.283244957681745
0.194771314505488 0.345129390247166
0.227311541792005 0.379360587801784
0.255963702686131 0.391871897503734
0.283330240752548 0.338024653960019
0.26574431033805 0.352127197664231
0.218228192999959 0.338961455505341
0.196506483480334 0.302537182345986
0.237994538620114 0.30607651360333
0.21893865428865 0.30183876818046
0.206785046495497 0.301591114606708
0.244514874182642 0.28020521486178
0.210639180615544 0.282168751582503
0.182113059796393 0.265417692251503
0.139135951176286 0.255338761489838
0.162678186316043 0.252409298438579
0.211400780826807 0.258104239124805
0.155086071230471 0.181695999577641
0.156232106499374 0.184770004358143
0.122643489390612 0.158939224667847
0.102932427544147 0.137309630867094
0.116925992071629 0.105897796805948
0.0674607278779149 0.081283385399729
0.0566738932393491 0.0784681988880038
0.0530135538429022 0.0780684147030115
0.00299453595653176 0.0350855891592801
0.0855605732649565 0.0367568926885724
0.086876773275435 0.0290408194996417
0.121494715102017 0.0581914391368628
0.172953599132597 0.0792971872724593
0.336047437507659 0.0713607296347618
0.332251373212785 0.0673326626420021
0.288779303897172 0.0579034793190658
0.269785753916949 0.0514644114300609
0.259544322267175 0.0427153925411403
0.239935643039644 0.0271517313085496
0.221991449594498 0.0715716904960573
0.2244459586218 0.055408732034266
0.222479485440999 0.0373990437947214
0.215124475769699 0.0204494087956846
0.14456426538527 0.0357797546312213
0.166168529074639 0.0560919833369553
0.151330233085901 0.0632271822541952
0.1154127670452 0.0397795741446316
0.087375252507627 0.00186054734513164
0.120973210781813 0.0211341693066061
0.175788460299373 0.011640212032944
0.323106395546347 0.0113179036416113
0.365243253763765 0.0329568795859814
0.345252282451838 0.0330324033275247
0.305785099044442 0.0234994105994701
0.407568540424109 0.0819259993731976
0.337896703742445 0.0972281089052558
0.263854399323463 0.0860946085304022
0.303101843222976 0.119725418277085
0.399766176007688 0.090112273581326
0.421845340635628 0.0799091244116426
0.412686238996685 0.0718726669438183
0.400917843449861 0.0423620534129441
0.395206804852933 0.034999992698431
0.40274371067062 0.0420111990533769
0.427875301335007 0.0768752810545266
0.447896857745945 0.080825584474951
0.390337905380875 0.0271731372922659
0.379582703113556 0.0361281866207719
0.362923113163561 0.00555482180789113
0.436771885491908 0.018749657087028
0.466840133536607 0.0646517323330045
0.480760628823191 0.0571021628566086
0.478223669342697 0.0765583370812237
0.506204173434526 0.0873527666553855
0.488495438359678 0.124126301147044
0.51442513614893 0.118478530552238
0.524104279931635 0.0865023643709719
0.529744214843959 0.0815587360411882
0.538980070967227 0.0754850823432207
0.520000307820737 0.0508259991183877
0.558942902833223 0.0622644145041704
0.590113499201834 0.0627208729274571
0.567151237744838 0.0396239859983325
0.496881086844951 0.0113393072970212
0.434284943155944 0.00280199199914932
0.661263182293624 0.00315924733877182
0.720537891145796 0.00541899865493178
0.736388608813286 0.037841581273824
0.71445202594623 0.0168203469365835
0.71755121415481 0.046886483207345
0.750896761193871 0.0483044409193099
0.768717240076512 0.0331072919070721
0.759127856232226 0.0527953593991697
0.74702094309032 0.0559821585193276
0.775840705260634 0.0928539824672043
0.786437200848013 0.100700986105949
0.811453066766262 0.123021373525262
0.783695460762829 0.140908528119326
0.847353561781347 0.140638886019588
0.811309303622693 0.178650159388781
0.793673870619386 0.199881825130433
0.80801860941574 0.194428419228643
0.838014376349747 0.176719462499022
0.851097779814154 0.161659081000835
0.858094441238791 0.12993639940396
0.785329591948539 0.0421759220771492
0.779978241305798 0.0204383991658688
0.808018368203193 0.0180353387258947
0.811640260275453 0.0206065042875707
0.835528198629618 0.0586281735450029
0.861157947219908 0.0727027775719762
0.847209045663476 0.0186365228146315
0.878556393552572 0.0122507293708622
0.879727974999696 0.00433646561577916
0.889350217301399 0.0560459438711405
0.937197608873248 0.0342663964256644
0.919025694020092 0.0109179681167006
0.936056248378009 0.00923931365832686
0.980918782763183 0.0137297948822379
0.967384613119066 0.082098965998739
0.982529002707452 0.0703355520963669
0.985740732867271 0.073507662396878
0.975594562944025 0.0980458734557033
0.968182056210935 0.0983279040083289
0.986416473519057 0.246566675137728
0.983361680526286 0.476385415997356
0.982550411019474 0.339343516156077
0.978317197412252 0.27116837259382
0.975664488971233 0.304484693333507
0.963789690751582 0.41971951443702
0.983774273190647 0.509901725687087
0.983378453180194 0.668937107082456
0.969767555128783 0.734564769081771
0.988347304519266 0.681515393778682
0.989603570662439 0.603526475839317
0.990229302085936 0.538693934679031
0.98830638686195 0.575988757424057
0.991337243933231 0.251419980544597
0.991431587841362 0.207376191858202
0.995899851433933 0.530026121996343
0.991844705771655 0.670387394260615
0.989637686870992 0.709470412693918
0.987028353381902 0.795654633548111
0.987937718629837 0.79878170369193
0.988919493742287 0.950198222417384
0.956395414657891 0.986365871503949
0.952906338963658 0.985578837804496
0.939490782562643 0.953668379224837
0.922542000189424 0.963702792767435
0.91251404536888 0.957053473684937
0.933737746905535 0.939261384773999
0.946697720792145 0.913425697013736
0.954691696446389 0.917007714044303
0.96157063357532 0.897202292457223
0.973153399769217 0.896190875209868
0.982213631272316 0.925016006454825
0.963577001355588 0.847034820355475
0.955521903932095 0.870180770754814
0.914122358895838 0.942820976022631
0.930638099554926 0.845614755060524
0.933594511821866 0.820680963806808
0.938336588907987 0.766057027503848
0.926822130568326 0.702706119045615
0.912014731206 0.813090197741985
0.901339143048972 0.835674157831818
0.901499792467803 0.828936856240034
0.893899279180914 0.736143202520907
0.902527933940291 0.729270836804062
0.904176823794842 0.747431537602097
0.910841929260641 0.733720975462347
0.899378974922001 0.667115765623748
0.901771288830787 0.625897500663996
0.912583101540804 0.661262465640903
0.905024808831513 0.686986567918211
0.910854905843735 0.696772289928049
0.91515078721568 0.688833385705948
0.920659352093935 0.685803520958871
0.901004556100816 0.538078371901065
0.9016098738648 0.542988930363208
0.910123942419887 0.621962963603437
0.908461879007518 0.615901347249746
0.876216716598719 0.59808508772403
0.850000679958612 0.508574780542403
0.882891309447587 0.533630655147135
0.884719582740217 0.373805016744882
0.917683256324381 0.392488389275968
0.937589918263257 0.417846503201872
0.935282297432423 0.415855020284653
0.931396566331387 0.449068161658943
0.925091843586415 0.514864966273308
0.923036971595138 0.533646099735051
0.943720743060112 0.810735663864762
0.954485080670565 0.799698316957802
0.954219000879675 0.836685454007238
0.957531313411891 0.73708332143724
0.959164552856237 0.6863769935444
0.954094172921032 0.662252760492265
0.952759305015206 0.617222843691707
0.945691095199436 0.6162851145491
0.926388097461313 0.545255969744176
0.97341003222391 0.637487125117332
0.940353939309716 0.510409643407911
0.943031132686883 0.472780088894069
0.949792280327529 0.521100571844727
0.955293249804527 0.468176961410791
0.954061296768486 0.330307219643146
0.95339038502425 0.303897068370134
0.958800880238414 0.323757905513048
0.963049860671163 0.343371096998453
0.964794512838125 0.320030759554356
0.97243719547987 0.305879780557007
0.971932794898748 0.2190958019346
0.967850818298757 0.273705132771283
0.933370499871671 0.173132160212845
0.941028061322868 0.142438712064177
0.956431658472866 0.105296950787306
0.954304523766041 0.1391257266514
0.953292433638126 0.148917028214782
0.959292436949909 0.103103931993246
0.948518682736903 0.0843723476864398
0.936073435004801 0.0530117191374302
0.92549816146493 0.0595983266830444
0.918749362695962 0.0497416998259723
0.896721881814301 0.0674818092957139
0.93094710400328 0.0915618762373924
0.902047321666032 0.0915008359588683
0.888153534382582 0.101363125722855
0.927282933611423 0.129892723634839
0.923388806637377 0.146638071164489
0.877516910899431 0.147114268504083
0.861320668831468 0.126903469208628
0.861031475476921 0.187818699982017
0.853139136917889 0.213033995125443
0.840058347210288 0.256828845478594
0.86655827332288 0.234832140617073
0.881261276546866 0.225002804771066
0.882872615009546 0.204021238256246
0.877362784929574 0.190288919955492
0.921950606163591 0.152013774495572
0.918717722874135 0.17724373517558
0.904939673375338 0.183142603840679
0.920931584201753 0.230252413079143
0.921807374805212 0.249646303709596
0.922610909678042 0.260490282438695
0.951323665678501 0.25304572051391
0.958010349888355 0.269844876602292
0.965408423915505 0.30597829958424
0.94228754285723 0.263171195052564
0.935262080747634 0.30572912748903
0.935529646463692 0.303023698739707
0.867498328443617 0.2709811036475
0.81192197650671 0.312699557282031
0.801098108291626 0.290246368385851
0.794046476483345 0.298327979166061
0.783995486795902 0.350894244387746
0.70597004564479 0.394077066797763
0.697629760019481 0.391768989153206
0.6666309973225 0.422282180283219
0.714349169284105 0.411780531518161
0.723031850997359 0.396671978291124
0.773744578007609 0.491988061461598
0.718254935927689 0.444144477602094
0.720083479303867 0.423538835719228
0.692731609568 0.452587723731995
0.705789959989488 0.452959625050426
0.720635810866952 0.472253188490868
0.773328447714448 0.502940418664366
0.803706648293883 0.500779941678047
0.799950034357607 0.451746319886297
0.757689092308283 0.396448162384331
0.804097352083772 0.349703160114586
0.844542686827481 0.340395178180188
0.846382528543472 0.354391092900187
0.845008619129658 0.382184174843132
0.839111497625709 0.382395249791443
0.830596251413226 0.350208966527134
0.806653589010239 0.352586701977998
0.85698372265324 0.405467039905488
0.856969749554992 0.33194482838735
0.873442346695811 0.346205388195813
0.930920666549355 0.318247655872256
0.929490644019097 0.326469068415463
0.922860649414361 0.378491329494864
0.895711154676974 0.34458617400378
0.874861804768443 0.355714260600507
0.854755375068635 0.481539509724826
0.847805725410581 0.463885719422251
0.841644195374101 0.498862790875137
0.816518664360046 0.469925975427032
0.81138218101114 0.511790378950536
0.816586450207978 0.51087198080495
0.835167244076729 0.507653298322111
0.836157052312046 0.511324512772262
0.818423485383391 0.553637074306607
0.794865977950394 0.546681439969689
0.795768799260259 0.505789979360998
0.788555365521461 0.518528390210122
0.772628685459495 0.51798018720001
0.727067043073475 0.532279923092574
0.742522394750267 0.657904639374465
0.777130530681461 0.561520028393716
0.727786307688802 0.701412055175751
0.773846448399127 0.576186339836568
0.783978064078838 0.567552367225289
0.782498341053724 0.552636101376265
0.785433105193079 0.575658847112209
0.695949716027826 0.82729814061895
0.662882071454078 0.898257225286216
0.653295858763158 0.896825043484569
0.62487391429022 0.921912115532905
0.629448323044926 0.889609814621508
0.570709289517254 0.886793194338679
0.58439474273473 0.89478403236717
0.547739226836711 0.93649043655023
0.528400140348822 0.943233303260058
0.479572264477611 0.949956152122468
0.461461626924574 0.96103724045679
0.523753049317747 0.954778432846069
0.575531306210905 0.94088612543419
0.634606194682419 0.93385582882911
0.648858227301389 0.90857355389744
0.683733066078275 0.899576202500612
0.700477529782802 0.848527227062732
0.728099850937724 0.776168574113399
0.729616524185985 0.774837439414114
0.764957622624934 0.642339436337352
0.785859236028045 0.597122109495103
0.8020327873528 0.633868515025824
0.797545799054205 0.627469633705914
0.781571396160871 0.647142306435853
0.786296205129474 0.649459319189191
0.770456364843994 0.72389613231644
0.797442439943552 0.674020275939256
0.802706249523908 0.674505781847984
0.802695404272527 0.663493562024087
0.805518846958876 0.652296189684421
0.823367445264012 0.670462606009096
0.827900999691337 0.676035036332905
0.838117212522775 0.633800973650068
0.822171761188656 0.601507555227727
0.826095708180219 0.57447174238041
0.832520607858896 0.570552916731685
0.841985092498362 0.582774275913835
0.864725261926651 0.577846164815128
0.86826299270615 0.599811454303563
0.866787262726575 0.62996151484549
0.865363337565213 0.591632448136806
0.846266054082662 0.627808711957186
0.843662095721811 0.630153171718121
0.858717606868595 0.633697994519025
0.890721182338893 0.719006980303675
0.874261633958668 0.713985989801586
0.860721026547253 0.774414354003966
0.874843414407223 0.794380459934473
0.84951008670032 0.794429786037654
0.842976063024253 0.773671992588788
0.839166129939258 0.781592194456607
0.84805012634024 0.804064410738647
0.868469053413719 0.858170163352042
0.897118058055639 0.868372152093798
0.90639733010903 0.908116369973868
0.89370618853718 0.927131386473775
0.876466399524361 0.907105026300997
0.881782552693039 0.904907233081758
0.875458464492112 0.896942960098386
0.875341874081641 0.889312307350338
0.873932884074748 0.896297375671566
0.853159382008016 0.873859603889287
0.852405285928398 0.844400423113257
0.843208387028426 0.850640568416566
0.824504117481411 0.914207654539496
0.841610218398273 0.899537001736462
0.872515980619937 0.934050882700831
0.842414925340563 0.947115757036954
0.831489676143974 0.951109907589853
0.880843759980053 0.959340917412192
0.908289506100118 0.977420961484313
0.874451839365065 0.997422873042524
0.812555217649788 0.983181949704885
0.805366643238813 0.868374365847558
0.828856093809009 0.802142867352813
0.75203576637432 0.812537062447518
0.828993481583893 0.769592988304794
0.830835761036724 0.760603464674205
0.850359649863094 0.737289262935519
0.83894056873396 0.730523127131164
0.835156543646008 0.69363595219329
0.858514193911105 0.719716043677181
0.857675790786743 0.712087412364781
0.867607655003667 0.711818806361407
0.846293055452406 0.671944255009294
0.833235299214721 0.693691290915012
0.832231793552637 0.699415928684175
0.833457520231605 0.727089609019458
0.808475159108639 0.741690666880459
0.814700960647315 0.696314425207675
0.789374361280352 0.712723733857274
0.771490894258022 0.752872407902032
0.760323002934456 0.788432394620031
0.739773912820965 0.827504341956228
0.725155122578144 0.856080719735473
0.722743213176727 0.859388844575733
0.74630230339244 0.857136759907007
0.743225076701492 0.862311014439911
0.763277088757604 0.872830787673593
0.742798427585512 0.88947073975578
0.73831190308556 0.929720084648579
0.743954635690898 0.944821972865611
0.804589539766312 0.924958336167037
0.801370436791331 0.985468945000321
0.787666083313525 0.969243525061756
0.743377652019262 0.972594079561532
0.74870115192607 0.976897379383445
0.741628745105118 0.996269858907908
0.737996869254857 0.992721627932042
0.684502856340259 0.966802311595529
0.689151710830629 0.956865353509784
0.740532567258924 0.938344528432935
0.684191632084548 0.938591585028917
0.684596383478492 0.912309158593416
0.655793227255344 0.936759298667312
0.681706645060331 0.934009647462517
0.670860634185374 0.949848469346762
0.65785437868908 0.970035481266677
0.630956585984677 0.977480051107705
0.589165647979826 0.956450803671032
0.574885721318424 0.952786816749722
0.512466402724385 0.964108231011778
0.621357938740402 0.985904518514872
0.598145851865411 0.997076202649623
0.337127882055938 0.997292694170028
0.298760023433715 0.991052645258605
0.338645599316806 0.939278041012585
0.368892381433398 0.943077307660133
0.345455874223262 0.980689472984523
0.392078451812267 0.959860746748745
0.401956759393215 0.917646985966712
0.441274606622756 0.940957763697952
0.441743859555572 0.969954571686685
0.469372775405645 0.914329938590527
0.445727267302573 0.899319337215275
0.309132437687367 0.947135339491069
0.450595369562507 0.884900693316013
0.478125997819006 0.898310963064432
0.455729807727039 0.880487755406648
0.451415851246566 0.874981114640832
0.405001156497747 0.868685939349234
0.398779829032719 0.870672007091343
0.459371849894524 0.768300230614841
0.436763965990394 0.843697840347886
0.517234882805496 0.832374210935086
0.552883639931679 0.784877526573837
0.524026174098253 0.815045507624745
0.515208446420729 0.791387711651623
0.472226948011667 0.818436028435826
0.542284915223718 0.761703779920936
0.588827258907259 0.768771789968014
0.567864647135139 0.784621317870915
0.526540360879153 0.867226684931666
0.572263984940946 0.817252235952765
0.589024266693741 0.791830001864582
0.570043297018856 0.834882941562682
0.559600744862109 0.865625918377191
0.587641452904791 0.850480038207024
0.601051332429051 0.832303097005934
0.60291186068207 0.778565414249897
0.608830315060914 0.76844959706068
0.636135511100292 0.746519300621003
0.667204670608044 0.687459480483085
0.674825482536107 0.665230675600469
0.68239834299311 0.656615775544196
0.618270543403924 0.810299845878035
0.626480659004301 0.80329324118793
0.658692242577672 0.744060620199889
0.645960628986359 0.854935952462256
0.682861609850079 0.807414932642132
0.69340253341943 0.72002789657563
0.699451641179621 0.712184057105333
0.701157744973898 0.706404420081526
0.704646869096905 0.73346591508016
0.695102308411151 0.784018596634269
0.734208669513464 0.659140758682042
0.687153871171176 0.649643185082823
0.679172300733626 0.654240816831589
0.598292743321508 0.764912342652678
0.62909690476954 0.654380267485976
0.632846157997847 0.647767710499465
0.704271561931819 0.619432020001113
0.628604769706726 0.64398362999782
0.603970387484878 0.664820891804993
0.580778945237398 0.68220436014235
0.569361518602818 0.690207283012569
0.584986298810691 0.643758544698358
0.548627243377268 0.702707982156426
0.55789394211024 0.676397620234638
0.532048756722361 0.673581383191049
0.543433638289571 0.654819968622178
0.527652312070131 0.628691833931953
0.544059860520065 0.626962639857084
0.560601791832596 0.63306689215824
0.571784569881856 0.637199284974486
0.574620373547077 0.6194216478616
0.585999288130552 0.588825195562094
0.574209387879819 0.607113766018301
0.571845937520266 0.581451529171318
0.584807902108878 0.548755014315248
0.577336951624602 0.52360009169206
0.565384798217565 0.519773199688643
0.52861072588712 0.513452477753162
0.591434089001268 0.514887186232954
0.615771675482392 0.569140295963734
0.615244384389371 0.608786440920085
0.638506922405213 0.582497174385935
0.625613942276686 0.499990462791175
0.622715426143259 0.485850645694882
0.620955713093281 0.478118010330945
0.66587008535862 0.493486891966313
0.646326085086912 0.456534443888813
0.644706673454493 0.442013772204518
0.617850939743221 0.448928668163717
0.605862643569708 0.471657499205321
0.549470122437924 0.495930959004909
0.543192656245083 0.497204556595534
0.557690589223057 0.480950358323753
0.547114537097514 0.479966717306525
0.565009665675461 0.454667827114463
0.604888659901917 0.407547370530665
0.607027010992169 0.447240745648742
0.641123028937727 0.433244472835213
0.672395267058164 0.365565452724695
0.669986146967858 0.380209074821323
0.689494773279876 0.32270664582029
0.646917823236436 0.372363053262234
0.649626118130982 0.359433755278587
0.629225797951221 0.262017925269902
0.615066121798009 0.316182141192257
0.57534860400483 0.295148658100516
0.623267393559217 0.284044093918055
0.61339870095253 0.267542608082294
0.605472919531167 0.242201732005924
0.594888427760452 0.227564063388854
0.567261883057654 0.187268466688693
0.629060276784003 0.216172863729298
0.627297959290445 0.197454751469195
0.661935882177204 0.300121803767979
0.666368405334651 0.305689808446914
0.658365016337484 0.203443139791489
0.65178692387417 0.187212458346039
0.622159091755748 0.0686383047141135
0.654094769153744 0.116521217860281
0.679603821597993 0.181409334763885
0.700334887951612 0.186042415909469
0.657007316593081 0.0910649327561259
0.608917854260653 0.0233132489956915
0.640122963581234 0.0372366136871278
0.684207518119365 0.0942623503506184
0.750759827904403 0.157782080583274
0.70489399228245 0.177851525601
0.732822369318455 0.20646436046809
0.733982988633215 0.22874897159636
0.736484300810844 0.255508757662028
0.705092918593436 0.228564434684813
0.699743528384715 0.207127432338893
0.696703800931573 0.217799830250442
0.684362536296248 0.205958833452314
0.666532942093909 0.166809670161456
0.699307543691248 0.288416541181505
0.737085360568017 0.299789891578257
0.698756439611316 0.289120504166931
0.708300962578505 0.323526412714273
0.721355804242194 0.355416201986372
0.723336742259562 0.355168683920056
0.836589608341455 0.225443577393889
0.811370047740638 0.237991591449827
0.823160295374691 0.215997578110546
0.782536874525249 0.22778577497229
0.770541282836348 0.239793899934739
0.782436916604638 0.263210069853812
0.758196551352739 0.247055899351835
0.766191700473428 0.239901739638299
0.752862857189029 0.107524759601802
0.746204981580377 0.134611646644771
0.670530858915299 0.0690959254279733
0.69581047212705 0.0592772644013166
0.706623092759401 0.0578490137122571
0.656768170185387 0.0336327366530895
0.603264735080302 0.0167787317186594
0.58940209262073 0.0130731500685215
0.606321815401316 0.031311834231019
0.590211061295122 0.0368328643962741
0.589242373593152 0.0521933482959867
0.610392181202769 0.141982964705676
0.605217404663563 0.179373623803258
0.568872026633471 0.160709783900529
0.587262278888375 0.184166609309614
0.613566092215478 0.19128697225824
0.579166430979967 0.186525693628937
0.556386501062661 0.169866504147649
0.550912303384393 0.168043485842645
0.521819353103638 0.158138344995677
0.516016975045204 0.170771118253469
0.502855404745787 0.196439818479121
0.536309231538326 0.213390236254781
0.555451800115407 0.19249366922304
0.559501911513507 0.18446092447266
0.564709472004324 0.215991322416812
0.556186161004007 0.235924265813082
0.474378597456962 0.218582356348634
0.470837902277708 0.254357485566288
0.423308108467609 0.187495819758624
0.425952084828168 0.191932662855834
