32
0.546085866633803 0.401069752406329
0.494398598559201 0.425861961673945
0.486378885339946 0.282264062203467
0.380669316742569 0.295985746663064
0.206900732126087 0.566318919416517
0.136105545796454 0.208066786173731
0.171617059502751 0.13431606721133
0.194169020280242 0.00590551923960447
0.488526584580541 0.00132966274395585
0.727290090173483 0.0405420330353081
0.885522209573537 0.0963704097084701
0.92033015890047 0.196716181468219
0.973281362559646 0.642489288002253
0.908506949897856 0.852663636673242
0.364137052092701 0.919000495690852
0.120286244433373 0.985129660461098
0.061200323048979 0.909692899789661
0.0855753603391349 0.711790768429637
0.205830710940063 0.826307981275022
0.909786333329976 0.776843317318708
0.924753350205719 0.411827367264777
0.811270934995264 0.341505383607
0.85542824305594 0.577951115556061
0.554898466914892 0.666372111067176
0.572224438656121 0.719777884893119
0.386199413333088 0.778055149596184
0.275721821002662 0.765214576385915
0.115807453170419 0.630919679999352
0.287694855127484 0.561424615327269
0.354794432874769 0.714297205675393
0.469426091294736 0.447984551545233
0.546143434476107 0.459660247899592
