32
0.708007523790002 0.0818484057672322
0.666181831620634 0.0909390188753605
0.549831319600344 0.0693913418799639
0.533608856145293 0.139165732078254
0.487802141346037 0.0481117516756058
0.653508389834315 0.0214109974913299
0.942618662025779 0.0149038224481046
0.92914080619812 0.122093503363431
0.854374068323523 0.584691238123924
0.828204755205661 0.516814835369587
0.791924897581339 0.304064689669758
0.903661534655839 0.0482647595927119
0.619466014206409 0.181440503336489
0.599338669329882 0.39630847517401
0.475279503501952 0.534927497152239
0.557829001452774 0.43647590233013
0.434345242101699 0.287189696449786
0.140711024403572 0.504735200665891
0.67653044546023 0.85810904763639
0.385913095902652 0.575056266970932
0.352435689419508 0.585591426119208
0.539827062748373 0.517086812760681
0.913395287934691 0.627048624213785
0.961196398828179 0.499932421371341
0.846477155573666 0.93819126766175
0.691848342306912 0.906560231931508
0.204600657802075 0.644770833663642
0.187277484219521 0.605243630241603
0.0348599185235798 0.488437659107149
0.00758261000737548 0.417898165993392
0.374923883471638 0.0186175210401416
0.102524563204497 0.386140131857246
