64
0.00674966210499406 0.739003550261259
0.0606696610338986 0.647862382698804
0.151208933442831 0.480838409159333
0.211498741526157 0.344891814514995
0.125048380810767 0.0799024570733309
0.10299706319347 0.155181234702468
0.0839013089425862 0.199347415473312
0.00558130908757448 0.255992759019136
0.0120792998932302 0.0111040277406573
0.340369806624949 0.175257861148566
0.543362153228372 0.0535044060088694
0.579083307180554 0.00822674995288253
0.677237255033106 0.0303969029337168
0.717216265853494 0.0563175063580275
0.700385841075331 0.081543046515435
0.768184908200055 0.292905785143375
0.640296525787562 0.682228588499129
0.364326780661941 0.484963856171817
0.541281362995505 0.355494026560336
0.677278338000178 0.477377710398287
0.455154575407505 0.220599408261478
0.686944408807904 0.156790242530406
0.715947699733078 0.173486503306776
0.63248935341835 0.0708799189887941
0.479985494166613 0.183005373924971
0.395206453744322 0.208624368999153
0.374380647204816 0.423902072478086
0.23922659503296 0.498361239209771
0.165100883226842 0.690055354963988
0.348744364455342 0.625323230400681
0.30757189868018 0.669051587581635
0.297591039910913 0.79058204870671
0.330090971197933 0.810026919469237
0.353118564933538 0.820213329046965
0.414820465724915 0.852045292034745
0.576104416977614 0.844161688350141
0.605961376335472 0.828487271443009
0.846845597494394 0.0731376195326447
0.801016784738749 0.341682846192271
0.858884174376726 0.255807159934193
0.786947171669453 0.406009024009109
0.67628479981795 0.719039356801659
0.926676232833415 0.156270294450223
0.950854448601604 0.283198631368577
0.73683116864413 0.719306170474738
0.880906838458031 0.700966186821461
0.902044730726629 0.721055494155735
0.9017563755624 0.752780104521662
0.769016156438738 0.833263158798218
0.814811428077519 0.820889588911086
0.772656789980829 0.873939132317901
0.908358283340931 0.890086115337908
0.852666439954191 0.842008567415178
0.95821612002328 0.886655205860734
0.906586925499141 0.810076465364546
0.961101728491485 0.565933390520513
0.993032293394208 0.20562073867768
0.996147450059652 0.0918930354528129
0.985277513973415 0.695047288667411
0.966346759814769 0.895077024120837
0.503798040095717 0.942785483319312
0.336306450888515 0.967638238333166
0.266899577341974 0.962580324616283
0.144951077178121 0.832123111467808
