128
0.0219015143811703 0.724571703933179
0.0465207467786968 0.565611173864454
0.11090882634744 0.647239706944674
0.134919235482812 0.630132869351655
0.147609838284552 0.636666271835566
0.114175754599273 0.681176759302616
0.10621842276305 0.756113866344094
0.408078484702855 0.700387809425592
0.437873285263777 0.643641082104295
0.226043868809938 0.579631339758635
0.241769828367978 0.544867109507322
0.0864765355363488 0.476413983851671
0.104132038541138 0.378508629277349
0.0935810222290456 0.390514247119427
0.0534318750724196 0.300932857207954
0.0777361709624529 0.316610653419048
0.0909053538925946 0.30351657839492
0.0597907979972661 0.270352195948362
0.316690127365291 0.287889858242124
0.282106549013406 0.366982077248394
0.446871443651617 0.497852755710483
0.439107408747077 0.523696809541434
0.493154804222286 0.637761770747602
0.504394751042128 0.68303336109966
0.441826686263084 0.741603461094201
0.397113504819572 0.737641501706094
0.283270916435868 0.882462711539119
0.412886823061854 0.877761794254184
0.480447502806783 0.801623211242259
0.435228021349758 0.786470856051892
0.547989563085139 0.660293532535434
0.634347365703434 0.666475023608655
0.659188022371382 0.729853461496532
0.678979413118213 0.751006475649774
0.741775538772345 0.755728983785957
0.762822311371565 0.783484790939838
0.803091570269316 0.737425820436329
0.808544935192913 0.77139606513083
0.87825123174116 0.785197835881263
0.889564563054591 0.65219531673938
0.854444361291826 0.627718054689467
0.82903230143711 0.622335790656507
0.678945759311318 0.710764804389328
0.694551476743072 0.604008057620376
0.720605621580034 0.55719699151814
0.66859959019348 0.635207717772573
0.687978453934193 0.428320988081396
0.767164327669889 0.516910023055971
0.813592285849154 0.480775956530124
0.782964341342449 0.386238588020205
0.717298906762153 0.379162987228483
0.721566064283252 0.412037197500467
0.50712034245953 0.502822050824761
0.413527063094079 0.350256900768727
0.487597879488021 0.332254188135266
0.510192717425525 0.298389236908406
0.358820202760398 0.217528704553843
0.348102439660579 0.324015105608851
0.257388815283775 0.153910379391164
0.0639269091188908 0.18835205771029
0.144609533250332 0.146139586344361
0.197142688091844 0.0309608690440655
0.520552236586809 0.218307793606073
0.380975820589811 0.0981934675946832
0.495962640270591 0.0684103048406541
0.521126292645931 0.0967422341927886
0.591406436637044 0.178799758665264
0.603055907879025 0.201053124386817
0.599427275825292 0.260049890726805
0.715766413602978 0.298920037224889
0.574253377038985 0.285729257855564
0.561289962381124 0.375429180916399
0.606684225145727 0.399951371829957
0.767337621189654 0.355945583432913
0.777262943796813 0.316784828901291
0.662147961556911 0.225346009247005
0.644358730409294 0.215735374949872
0.690114982891828 0.140993067529052
0.547615401912481 0.0346552971750498
0.615860256366432 0.0172038348391652
0.821587934158742 0.0729950899258256
0.740383316297084 0.159935816191137
0.804917000234127 0.187706281431019
0.819620354566723 0.236334003508091
0.844391155056655 0.199088743887842
0.824329918716103 0.358255164697766
0.827549187466502 0.385527203325182
0.88722416665405 0.410964644979686
0.896260624285787 0.304801768157631
0.882398616522551 0.520655076950788
0.904916855040938 0.420549928676337
0.922084153629839 0.623787462245673
0.927874668501318 0.463902273681015
0.950195823796093 0.407595481257886
0.953276925254613 0.47379590338096
0.968920459970832 0.194803686346859
0.939401220530272 0.330747551750392
0.854001059662551 0.201994128059596
0.84670124668628 0.163582773413509
0.855097219347954 0.131956609897316
0.841380876954645 0.0761740519665182
0.953143395949155 0.0396214420907199
0.981449544429779 0.186369390692562
0.987599083222449 0.654388494323939
0.93580900831148 0.854949928354472
0.919367365073413 0.968939452432096
0.923371979501098 0.936368228401989
0.910357211250812 0.958999578375369
0.871059697121382 0.995419218204916
0.802848551888019 0.93583049159497
0.862975081894547 0.948511521797627
0.684222146403044 0.828343498054892
0.753317455295473 0.841197104658931
0.745490706991404 0.842043444514275
0.860553727019578 0.922197385691106
0.875852401833981 0.851437747012824
0.810639762785286 0.81934576202184
0.59246483957395 0.719979834742844
0.608805054333061 0.755267556756735
0.604546381626278 0.80517609603703
0.670303567778319 0.839760386850685
0.155473380815238 0.982004227582365
0.198240565136075 0.859634955879301
0.225287590175867 0.780396420042962
0.125693463720381 0.82359473221004
0.0596853890456259 0.940920896828175
0.030084241181612 0.794586978852749
0.01062315935269 0.750421394594014
