1024
0.176486695650965 0.705533874221146
0.131228514946997 0.75182530330494
0.108707137405872 0.778295035008341
0.0665026945061982 0.788646250031888
0.0692711910232902 0.784337915014476
0.0845666360110044 0.754738504532725
0.112153301946819 0.748070460278541
0.070152445230633 0.748041628394276
0.125859996303916 0.733495799824595
0.141437501646578 0.71277569513768
0.0932870260439813 0.730067478958517
0.117496927734464 0.705059157684445
0.0481898826546967 0.751087890006602
0.128470809664577 0.660327328369021
0.150007850024849 0.656569915823638
0.140776471234858 0.644438103307039
0.122118655126542 0.629926035646349
0.0765070747584105 0.651193745434284
0.0689817327074707 0.71803318336606
0.0504335178993642 0.727946860715747
0.0249858004972339 0.75075590563938
0.0500626005232334 0.789176894817501
0.0585780600085855 0.807292830199003
0.0355991018004715 0.827410855796188
0.0477832201868296 0.827847205568105
0.0611660275608301 0.813728276640177
0.0542431357316673 0.835163306910545
0.077838824596256 0.819883500225842
0.125107271131128 0.812086978927255
0.0865502492524683 0.805386391934007
0.141492099501193 0.748410529922694
0.251331284176558 0.667138861957937
0.217654054518789 0.615177728701383
0.297331504989415 0.594641081988811
0.303380502853543 0.600878760684282
0.29446662357077 0.627691403031349
0.358769740443677 0.579376873094589
0.363192499615252 0.561681046616286
0.428562116343528 0.541474817320704
0.435631121043116 0.540933306328952
0.409611005336046 0.55859752651304
0.410649646539241 0.576844646129757
0.444130028132349 0.561526903416961
0.475641664117575 0.558662373106927
0.435127414297312 0.589346778113395
0.410442868247628 0.60675668111071
0.425601788796484 0.608455007430166
0.461676119361073 0.589297662489116
0.47193260723725 0.572366912849247
0.524012648034841 0.602787949610502
0.581801413558424 0.55213300511241
0.579081466421485 0.528317990712821
0.603232840076089 0.505833087489009
0.601741797290742 0.520055001601577
0.653651679400355 0.477320902515203
0.669934772420675 0.444823062978685
0.654680262785405 0.426465653814375
0.648466953076422 0.432934779673815
0.645080957561731 0.405716752167791
0.618943522684276 0.39629894727841
0.612955821678042 0.411591041833162
0.620297788176686 0.43256866466254
0.621586328838021 0.460850244853646
0.571148116607219 0.51761491317302
0.560513217467815 0.522645910736173
0.570337470155209 0.467770187184215
0.618216380476952 0.3887799680233
0.639186655636877 0.371566847898066
0.695106253493577 0.383930964861065
0.648954440839589 0.413244226481766
0.69369702367112 0.421888429671526
0.720721131190658 0.438594095874578
0.738369566854089 0.351032736711204
0.74392478633672 0.333795413840562
0.749125496484339 0.324864303227514
0.710304849315435 0.334968367125839
0.694051004014909 0.360558658838272
0.685144482180476 0.330704047344625
0.71791669074446 0.268297618255019
0.75850307289511 0.17655774531886
0.763282802887261 0.149427245371044
0.736466657370329 0.0784721015952528
0.780563814099878 0.0437394939363003
0.754741158336401 0.0877203037962317
0.802015897352248 0.183345002122223
0.781517080496997 0.17564836377278
0.804002963937819 0.245965644717216
0.77263374440372 0.197307082824409
0.792931645177305 0.262027760967612
0.805674308445305 0.250030951108783
0.807261530309916 0.220387952402234
0.808227373752743 0.196927214972675
0.872026771772653 0.172825678251684
0.874408114235848 0.173036039806902
0.833838621154428 0.189090395346284
0.828870123252273 0.229335161391646
0.813801951706409 0.240470804739743
0.817094241734594 0.265269204042852
0.851278788410127 0.243913300801069
0.882092817686498 0.25248999055475
0.875498754903674 0.260393583215773
0.808112313970923 0.305258721578866
0.778872565366328 0.269973825663328
0.803320161066949 0.327781299129128
0.800377628300339 0.320334735326469
0.83823739271611 0.350645904429257
0.871095026377589 0.357889749109745
0.868172934278846 0.383275953587145
0.847189241554588 0.393511347007006
0.828587114345282 0.377739735879004
0.80499715032056 0.376015705987811
0.797007796820253 0.345664612948895
0.729473013430834 0.262491305358708
0.793296581599861 0.380753813311458
0.791109930723906 0.403578254859895
0.776672136038542 0.462868054863065
0.747181007172912 0.465327749494463
0.738171559292823 0.458587594330311
0.72194487368688 0.443253478500992
0.696077343076468 0.43810437945649
0.693390544503927 0.473719125147909
0.653940507676452 0.534150879830122
0.626134627033025 0.569195778574795
0.628287184983492 0.59019326325506
0.608754311222583 0.620955063961446
0.605813120026141 0.626072797458619
0.60976215172559 0.605790149886161
0.594794573262334 0.607973637524992
0.563164230436087 0.635672990698367
0.573602133430541 0.570601765532047
0.553008292336017 0.606855040881783
0.527062357868999 0.606272670440376
0.495547220110893 0.612707475665957
0.468735645990819 0.634560849517584
0.523030943237245 0.630418971180916
0.506812732666731 0.646224391646683
0.445974997244775 0.687106897588819
0.435390474740416 0.694156481418759
0.446664487477392 0.690424398053437
0.471805562265217 0.732663259841502
0.488376856315881 0.696779185906053
0.533015419263393 0.670110062230378
0.527926203329116 0.635516867507249
0.552971046883613 0.649584196042269
0.587406288832426 0.671916589140892
0.604550309013575 0.644771813880652
0.583733912557364 0.695048088673502
0.60572975827381 0.660809577442706
0.598659294191748 0.689549632836133
0.60000024875626 0.693955269642174
0.569150395225734 0.732910074293613
0.56677071377635 0.735238738823682
0.549253245349973 0.799889529123902
0.511292876210064 0.88203390641138
0.452590631786734 0.939794218633324
0.459917108993977 0.921608846634626
0.45271421642974 0.916953827720135
0.386236011050642 0.944702396169305
0.447351882234216 0.949124211445451
0.470164598897099 0.944488906301558
0.484823187813163 0.936400283593684
0.533059861045331 0.915568316821009
0.512533871922642 0.913726927246898
0.505695303436369 0.910334809683263
0.530603734776378 0.856653693132102
0.546508318278939 0.84206303069368
0.542523341719061 0.853905201889575
0.608931774273515 0.804532179608941
0.697677474003285 0.672976027708501
0.605976003687829 0.770029142964631
0.603181120939553 0.772379760630429
0.567421244457364 0.814222953282297
0.575544435530901 0.801341935992241
0.653373325709254 0.708048435859382
0.663382600061595 0.686645739711821
0.649157929234207 0.701273027807474
0.5892996895127 0.745630190242082
0.601567657664418 0.724929699674249
0.607689902186394 0.701636627782136
0.632663691882044 0.672400269191712
0.675508793443441 0.59035181067884
0.694911328610033 0.551959238480777
0.667892043478787 0.58216910623014
0.713543069083244 0.464058205951005
0.726013571955264 0.478146542329341
0.761557101272047 0.5294658113271
0.764645270071924 0.560038212686777
0.716946956701577 0.493969849776477
0.695217282511294 0.568572546355426
0.678458720445633 0.600010250229388
0.700811242684722 0.592495606280863
0.688585071824491 0.588365146890283
0.724498488008976 0.535199264995754
0.735685866326094 0.543606175575405
0.744066193234175 0.552863297984004
0.744224868714809 0.579733003396541
0.723529083654284 0.571886669378728
0.698092915583402 0.655905195977539
0.675854278728366 0.661895660217851
0.689003289211541 0.679298982955515
0.768537896685302 0.587655864655972
0.801229515112936 0.48957933485508
0.780857386533171 0.481138499919325
0.772012573201209 0.482396428473294
0.811129337642342 0.404707899782807
0.860436569899321 0.409189461264759
0.880870048422366 0.40864425431937
0.884841561317444 0.424891584087163
0.876897455193102 0.476707863621414
0.855351749807596 0.541928392834961
0.84663322661072 0.566402597818524
0.835620113182813 0.60008673928678
0.854619557503611 0.586678076535463
0.863702600356191 0.573514321818948
0.821533919777721 0.663855106569827
0.827828432433307 0.624692015349865
0.805876649450511 0.636503575835377
0.813547201454639 0.58663026522845
0.804123776499182 0.588443298824131
0.794156257528812 0.595523797906935
0.810374326072633 0.580701225437224
0.821026488207281 0.584147269371897
0.834324593190104 0.569329428020865
0.839525388088077 0.530747623182833
0.829192131757736 0.539556879084557
0.827275278512388 0.539924439042807
0.850985639262944 0.475547631736845
0.79943420458585 0.541771665215492
0.75247645098716 0.618867463897914
0.708589918445796 0.676815678365529
0.746840692125261 0.63528663571924
0.697909028269351 0.72246000636369
0.697194671723992 0.732793204020709
0.725647958926857 0.720337474253029
0.725383513141423 0.72837513172999
0.697977651841938 0.767623436637223
0.679949028883129 0.796016424894333
0.675491255242378 0.801360723096877
0.676181541755795 0.815077611245215
0.660226695705205 0.869090212509036
0.665960351470858 0.872845361940563
0.703367634210736 0.816890430171043
0.687038487289101 0.882579174358398
0.698884997982532 0.898196441121399
0.738724263384938 0.863403542898595
0.7794404104352 0.869088952429593
0.773520142771304 0.879336124286056
0.780517358332872 0.894659527111799
0.871801852248609 0.914933969732374
0.886232001706958 0.909546388778836
0.889753462746739 0.892600566614419
0.843835477251559 0.867125747259706
0.927391386590898 0.868475873954594
0.951195457950234 0.882584650069475
0.969012455549091 0.917527755722404
0.973414795007557 0.847780582029372
0.970852176193148 0.842532363254577
0.963424460031092 0.820166638121009
0.970059020910412 0.761134501546621
0.98184760985896 0.883751549292356
0.991904602851719 0.796020473819226
0.987631173804402 0.802813187241554
0.99028311483562 0.765653951093554
0.993436460383236 0.494727629702538
0.986964981071651 0.476921364665031
0.966607664246112 0.451618444640189
0.972324383910745 0.569792554248124
0.986377750523388 0.610628094989806
0.982346246019006 0.673721447121352
0.956626844592392 0.687434589490294
0.944428919814527 0.690725725144148
0.961172343697399 0.562786616384983
0.943284189328551 0.560890912078321
0.932740316260606 0.621976173948497
0.919979507569224 0.716855548322201
0.906421605497599 0.727465329226106
0.868993353564292 0.759941556956619
0.875190666876733 0.77374885044992
0.886575047858059 0.763522036373615
0.888139000628144 0.766397704835981
0.915732005611062 0.773972488939762
0.94183444371447 0.792713704518974
0.935724420007318 0.731618257705122
0.946699531748891 0.762423577718437
0.951548153534532 0.803860371466726
0.953360531944782 0.820416865870357
0.922038974706084 0.851789521053433
0.8825086443685 0.813838027883321
0.904303668066859 0.804816486313939
0.909292091615498 0.799584824591875
0.899677546694875 0.800399922765791
0.853482038713992 0.781141593120992
0.823658267501742 0.843965156003833
0.846936221700162 0.839789056219161
0.865966023877263 0.838379670865834
0.818100200034678 0.845962790772319
0.836119495797902 0.860621267929673
0.832522144541144 0.89909328520298
0.798857125453651 0.876207026652992
0.779189757071435 0.812532919459045
0.770743158645928 0.819475247059017
0.764650348108262 0.825853283051401
0.722542562056333 0.818611091002822
0.747591118793935 0.688889369368553
0.776580948848277 0.627861948218197
0.789549915585667 0.63923755614087
0.777343058492988 0.715628704987466
0.794851422309875 0.682847999967635
0.808921692892909 0.71177594922483
0.797055229078978 0.74500557500869
0.796857190784067 0.735732969362289
0.767093768808991 0.757819555699825
0.743813265580684 0.770813089329749
0.753558289725333 0.770123627502471
0.782987187616527 0.784199947491288
0.785166627261788 0.790565930306911
0.820667672902346 0.763414289802313
0.856325931381434 0.75436944514513
0.876382420770824 0.669660789892077
0.82883632555604 0.744558962062001
0.847716584336013 0.667636796832085
0.891953417565674 0.582242875359952
0.874824639875442 0.575392547063529
0.872879086062312 0.516463933512568
0.897512851282954 0.458548032213002
0.894053321331739 0.456422075163573
0.894195445347577 0.364792813081294
0.923505943268538 0.447217729408294
0.941322354134172 0.448053617961705
0.938299476634711 0.469281753525138
0.90128473425284 0.488743477500975
0.892823853064328 0.48907922860235
0.901951350271702 0.508359127212316
0.912318222224712 0.511513660661876
0.918934643268585 0.51675633713603
0.935390919912606 0.507910589221865
0.878235661424696 0.667579080909491
0.898705198429525 0.675150566268712
0.929657040629536 0.629150560125709
0.940204007551074 0.564427494071424
0.946098720189184 0.33625396899879
0.933545946143568 0.368468217551708
0.920032011345029 0.415333838667721
0.911330668721348 0.400966408662498
0.914241881575435 0.375000787433237
0.926890310365707 0.362485525198281
0.968324494548142 0.301868854556233
0.922000469639897 0.315460542216897
0.912448170594871 0.329906108323485
0.905920482706279 0.308636212255806
0.888187300879508 0.259100803174078
0.903615625109524 0.294167602434754
0.910650813486427 0.297184962779284
0.914083586074412 0.299373759888113
0.908587272744626 0.241871356032789
0.912892191205174 0.167928093113005
0.896800913382322 0.194352005142719
0.897183513268828 0.199014683719724
0.887779439799488 0.225774433929473
0.879005763679743 0.187395248096436
0.886765447445214 0.140649451408535
0.896910922601819 0.0890211006626487
0.896539109293371 0.0532804485410452
0.971024319529533 0.0980129921808839
0.951241472736001 0.140525356866419
0.919088383670896 0.072320026345551
0.917289281263947 0.0824653618037701
0.915603212080896 0.105774085503072
0.904396344907582 0.123222462367266
0.923632379621267 0.114031226374209
0.911807643715292 0.128747062757611
0.92541077779606 0.243364877533168
0.945420298259705 0.246205574367195
0.957943295594305 0.196146085858345
0.958307125139982 0.151511448435485
0.976294135209173 0.0898206573911011
0.983969094697386 0.0938165606930852
0.981037223245949 0.0612137862481177
0.973360151052475 0.0875755753368139
0.952257347758859 0.0729209105484188
0.852743613068014 0.0121178161352873
0.823414747137576 0.0559075837954879
0.880832102615386 0.0367785226553679
0.85048043821007 0.12730375956744
0.849892572499812 0.143453479744494
0.818165147211403 0.164813951123506
0.838946038391441 0.136563113424927
0.799488274380565 0.0655005685985088
0.799764825962484 0.0567626259289682
0.803436051122844 0.0533920065499842
0.785279618576169 0.00418435083702207
0.789065386168659 0.00149666937068105
0.839192685671151 0.00287916045635939
0.859915988985449 0.000894529279321432
0.951720831450075 0.00647432124242187
0.99302435060963 0.0487104309722781
0.987964738626033 0.0884680510498583
0.969898519106209 0.172802007757127
0.965651459991932 0.212945539969951
0.956836732104421 0.266528995707631
0.943774190265685 0.275912588462234
0.923257760703564 0.264424078632146
0.942903610412031 0.281660510692745
0.970188912004232 0.300623603630811
0.961191809270531 0.436202968470752
0.971823454834521 0.328638589475304
0.971256083808839 0.405922235455364
0.980679211672395 0.312048516701907
0.980763964820653 0.289427416399121
0.990261131897569 0.11637086328119
0.998284258879721 0.292102474253625
0.999218244105577 0.355038055218756
0.996396958827972 0.450111698359251
0.998254622332752 0.636500885244459
0.997495744377375 0.60833345586434
0.996315312106162 0.946108360774815
0.99362065969035 0.939250519499183
0.977026158943772 0.937858301680535
0.962497473694384 0.926054614130408
0.935259300284088 0.937816672958434
0.96365019865334 0.949411512818187
0.958776453975588 0.984233915340155
0.903196113184094 0.963406084105372
0.810641049873084 0.972296513151377
0.950839987024665 0.991691082715988
0.777089118026197 0.969448327552527
0.840803285129368 0.959326547570527
0.951563916634768 0.957218079827726
0.91050784708932 0.956578323151916
0.912368841003627 0.935678793117404
0.824703028425574 0.939720261842012
0.818140549585223 0.940263690426946
0.806855367962271 0.920624240767211
0.791483427863568 0.922505090013146
0.706696119625121 0.953961179591715
0.761366233695298 0.899562833365053
0.751646143384278 0.892683329526335
0.682282012887299 0.939488887321204
0.678120037540793 0.934290250297636
0.674085199832916 0.910623860545456
0.656734175980091 0.904176492244005
0.641451391391456 0.890357898548245
0.63780434941873 0.885355641134083
0.596970079932362 0.884163190145046
0.596342415548861 0.876792948227376
0.594321162905544 0.871856321115047
0.609485853463411 0.855122272390872
0.615963939577341 0.829984997399151
0.554675763007253 0.866485884413123
0.57396691897884 0.894030372612178
0.538177914917469 0.897578798700124
0.582895789295435 0.901256338693202
0.630830761045218 0.8890849519521
0.626621253788471 0.896603154949844
0.473283085040748 0.959420298691839
0.485228572972119 0.96622173814103
0.564865581225604 0.956971008330584
0.601981821469963 0.948058672714978
0.590128534007818 0.935840833932161
0.61280846176669 0.933781208004802
0.629077179823071 0.931763080880046
0.653452888131142 0.938418198376894
0.606791384052485 0.959034359548241
0.597252735868096 0.966437514405698
0.642312825657427 0.957142349798232
0.659941790625453 0.965228832792491
0.694785439409316 0.962937037926167
0.728861092124134 0.973579963669181
0.749856054317206 0.977061332203448
0.787062215153128 0.988269481807947
0.71736522950232 0.992371519096196
0.712780683301389 0.994748552329838
0.69987874943763 0.974109577480704
0.651642234995961 0.967019358184189
0.685582688543946 0.977037057746202
0.682735646143556 0.993094733916223
0.517335314303637 0.971188884228468
0.485380603000522 0.985276054125279
0.575106846168637 0.985774077940732
0.445517058484256 0.999484446365386
0.403984270989895 0.998921687714756
0.351988084148616 0.991036733612418
0.450413007289171 0.986790403723717
0.405608052387834 0.967815914656967
0.379308200441301 0.968152360059321
0.379546295851469 0.949046900030226
0.38276942493394 0.917723851278424
0.350556337740272 0.91790773300454
0.394242780283093 0.845895241945982
0.410313329193741 0.823304645717144
0.383584811817855 0.838970656506717
0.399495804682374 0.807035953272134
0.461978503037244 0.788008802104741
0.50171571271494 0.814951521344483
0.46375848678872 0.835800649598241
0.423195699695498 0.882818392943591
0.399920735508204 0.907675086986274
0.417049579787999 0.900774375069886
0.468699217773974 0.883740234654397
0.498390732798725 0.858851810917258
0.551943074911833 0.73453534161672
0.502917498815805 0.724697414319962
0.444830184336752 0.750680265016854
0.4321264391765 0.728982291650027
0.409516991116107 0.752300615422428
0.457865411415696 0.780518702231348
0.406376965343952 0.776120768859982
0.343380329199135 0.857844722922891
0.315092402510345 0.869461423717439
0.326486015226692 0.855144020169973
0.365164774470031 0.730146987363696
0.363627959508449 0.719706269912422
0.390393034089357 0.674308874644339
0.413364304695278 0.655684680212289
0.426388220861554 0.655261463019997
0.431586235295981 0.652907530311495
0.444119407329708 0.640283315442502
0.422093076631427 0.666208018548787
0.406310991384089 0.676023334730417
0.428731481544673 0.677474225871265
0.455014124047011 0.625562665052712
0.45472677750513 0.616120103280991
0.377201625145972 0.607967845629901
0.313472877722234 0.618686180561781
0.350002863444388 0.615634137298912
0.328905883710831 0.656728166155517
0.328009455930442 0.650255904532969
0.296280134003609 0.655758163891733
0.281509081833065 0.676013560499996
0.251262127421796 0.707211673259735
0.199373052455485 0.754276038147509
0.222022662404925 0.744520077481866
0.233522218186408 0.750034231226891
0.277725478634238 0.695086076389998
0.314500680658966 0.679330173879862
0.332563921809196 0.663733616005629
0.329145261552185 0.688754532020539
0.394645357504487 0.633522576652467
0.423378093633801 0.633510338142514
0.440014954656363 0.626678700558841
0.333945610094815 0.715094232931733
0.308253934141248 0.739904575049877
0.30376700591296 0.740233901422471
0.32528385380283 0.710387043654919
0.307860113214701 0.711528073064983
0.25023758597672 0.760314458049834
0.214407026302069 0.773548438213766
0.185096864122897 0.765815943013877
0.234521148726344 0.793727745767683
0.274275816045702 0.810733454301953
0.287771012634039 0.795681508723646
0.26365252584219 0.786244939547032
0.298241699580103 0.760660618077964
0.337015758734196 0.766024365089834
0.317874981090426 0.809864880517125
0.314004762563854 0.870342347305268
0.285300439689308 0.88830274483189
0.263598598074168 0.899510246235877
0.258319112937897 0.904131209943444
0.285171581897885 0.90520263556391
0.281940246932209 0.925661843270063
0.326379854232073 0.893457245081663
0.35306394379586 0.865344904828817
0.277062723878771 0.959736644756049
0.224380930885673 0.981391485780478
0.273671503644437 0.968820290174335
0.332727598026395 0.952086888253689
0.274575892835855 0.986813378985971
0.172660343814641 0.994165301322937
0.164555920753628 0.987310490105301
0.146311842370778 0.983090367168188
0.100052715744823 0.990638167131692
0.101083120331168 0.987115406896919
0.121125808916986 0.963949104305357
0.102239545434713 0.98263423750177
0.0910201766528189 0.953548541758209
0.0871358322910964 0.966693846043199
0.0797769478522241 0.992584440391511
0.0791435176506639 0.981488418765366
0.0818734494969249 0.97464556619525
0.00367933558300138 0.969430101569742
0.0148035096935928 0.962465616408736
0.0249034040607512 0.954429929610342
0.0365189351141453 0.924331345595419
0.123147922568023 0.856188353151083
0.124315286055207 0.840595200657845
0.131306397728622 0.852717125788331
0.0722316615283489 0.904058891814202
0.0810408503748477 0.90473106270656
0.0980597091838717 0.903234385885298
0.12415108922869 0.915785115677863
0.109671673271805 0.952240797225386
0.123791804071516 0.957161539699882
0.197244035545737 0.939793206285685
0.193733452353626 0.948638776317239
0.144004940520972 0.958832466509193
0.128545008599758 0.978515955153853
0.151905883103609 0.970245291478932
0.194354417268187 0.972679502796382
0.205976803321391 0.957034135237336
0.211531239096075 0.96519742673263
0.228076049126685 0.95157746039331
0.172386626247317 0.917413113173097
0.182747273240238 0.911655236501247
0.199204095173627 0.886642330791801
0.204475391190499 0.879679189994931
0.231777436565608 0.884758111089468
0.254518770147115 0.823701734188944
0.147936048451811 0.901653993409127
0.164133854676038 0.886775193735957
0.227680727373809 0.820320340339094
0.218049744144082 0.813554583117366
0.180065748747438 0.853557154536247
0.128918581176549 0.881248466204852
0.152143255807459 0.863836387172341
0.169531104620546 0.851623801048845
0.164433636236936 0.830004674848169
0.162690881639719 0.815776567906141
0.14945959392935 0.808498900849372
0.125998431351036 0.825248101260513
0.0579104567877948 0.8770707026124
0.0328557603061199 0.885825836565346
0.0485370475798845 0.864984127227217
0.0555460681207478 0.851256365422159
0.0390743077732623 0.844080524984747
0.0167043590918183 0.87921660579741
0.000364837702363729 0.760507389437407
0.0178447854705155 0.708794326521456
0.0289744706824422 0.70764691894874
0.0302194487303495 0.683622638229281
0.0383205977268517 0.655641709454358
0.00487277051433921 0.651214781682938
0.00880453689023852 0.515118568204343
0.0236672949977219 0.592797584831715
0.00308292591944337 0.476450821384788
0.0117096547037363 0.384740174748003
0.00107358489185572 0.337317718658596
0.0199043261818588 0.299945664126426
0.0276734409853816 0.335800552275032
0.0237246304750443 0.394666109234095
0.0546254119835794 0.434821490664035
0.0762889855541289 0.421062029898167
0.0741726784035563 0.381403778679669
0.0580418794415891 0.368201468139887
0.0762714543379843 0.323446725960821
0.0515475827269256 0.319925172720104
0.0746863046661019 0.296967081725597
0.0719330627471209 0.289900826755911
0.0832754643633962 0.266348353587091
0.130505497101694 0.269487152807415
0.127500612288713 0.281720628961921
0.102278334088624 0.307771773543209
0.145173274446279 0.337247609160841
0.12353083351627 0.344132051803172
0.145774039439857 0.376214870717376
0.161951208952814 0.361481036990881
0.134862096048892 0.348859549500048
0.161647432949394 0.336036562919617
0.153619077522308 0.317804080899805
0.171783649828285 0.346318344585598
0.18626110535115 0.301012598443776
0.193050218280405 0.284826332703233
0.19461106043309 0.279555330984294
0.215875986963511 0.280059102457017
0.180285017937422 0.269793192856014
0.174781417474151 0.260682628024369
0.145422014873475 0.178072828799486
0.146349563729018 0.208857126533985
0.118021148256958 0.17956664506346
0.105980927590281 0.174963677302003
0.123206722550094 0.244710721075535
0.0946061215363443 0.23696662671864
0.0786570785567164 0.234487982466817
0.0707390066236258 0.19636064954102
0.0628912285901606 0.171837484929711
0.117383318021894 0.240854429081082
0.0843983641825616 0.15715255914256
0.0469913310371339 0.0793719114735723
0.0230270167812705 0.122903656680137
0.0450830892659724 0.170961024239659
0.0379074332304299 0.201225413475186
0.0578060052357614 0.28311447892338
0.0190451466478407 0.281873360741884
0.0137003068812191 0.21533129690215
0.0180832087062299 0.188083769287914
0.0237685791216791 0.260431826580316
0.0370932905934751 0.251769142225385
0.0225042081438005 0.14571720873937
0.0149086797609925 0.113578565884382
0.00797221716493368 0.0333311939612031
0.014109673909843 0.0320385256782174
0.131960328202695 0.0305842864327133
0.120559631846845 0.0177608304657042
0.0854217992164195 0.0309433313086629
0.0767996148206294 0.0280389469116926
0.165960486978292 0.00400922587141395
0.192876849323511 0.0123569243587554
0.312943045981228 0.0191311393864453
0.272198147606105 0.00382134132087231
0.551184141077101 0.000712906941771507
0.554777749814093 0.00595342088490725
0.574628431815654 0.0174441309645772
0.680787479970604 0.0368527211248875
0.69124318799004 0.031735195312649
0.723059473093599 0.00686030555516481
0.718903541564941 0.0612301453948021
0.57981659239158 0.0283502195961773
0.581418884452432 0.036130553111434
0.520505253691226 0.0206645103171468
0.589920582249761 0.0608110884204507
0.629881324246526 0.0788020943291485
0.609856477472931 0.0818023481406271
0.614295713603497 0.0902265883050859
0.636181164998561 0.105184146668762
0.550032928120345 0.0489255767315626
0.51502032764256 0.0392666985280812
0.47981126094237 0.0181125826202333
0.464768358971924 0.0102775348350406
0.551714837551117 0.111689985264093
0.548558244947344 0.0845072814263403
0.569175573531538 0.0836443044245243
0.610049196984619 0.107818261254579
0.701152846682817 0.133397047873586
0.707747349049896 0.12841682555154
0.685127031523734 0.105769040528685
0.718103496357799 0.12841618526727
0.698566625360399 0.100317029282451
0.714831525459886 0.111371780280024
0.731905349064618 0.125810118857771
0.730645241681486 0.14310842147097
0.721431109122932 0.146109656430781
0.723901487886906 0.166031270753592
0.729627816006541 0.212605253793299
0.711956584360451 0.235100539866835
0.717470453586429 0.161877633538097
0.665423516649753 0.169030137825757
0.614806810393929 0.130722444970161
0.599699301179498 0.134914853610098
0.586622098460793 0.162383471149951
0.639526911079884 0.192246927879751
0.659476007800549 0.203228739555925
0.643884349148721 0.233857958111912
0.636052164714783 0.274669928010553
0.60847791749984 0.271558101288974
0.603908081073314 0.25805035745725
0.606829600408673 0.21089500375092
0.599638430867344 0.190458548720926
0.587148705497384 0.177873336710036
0.572638326790184 0.182415697723627
0.556833737995476 0.171381031163037
0.572720661759377 0.196257992647588
0.579524139873683 0.209810211788863
0.545813118573278 0.189342420082539
0.514413096476346 0.157509952783585
0.451634600758553 0.161348565481603
0.5209472021088 0.141802339348942
0.484525882638991 0.0695540173910558
0.457460444420576 0.0524753709323704
0.474980868864805 0.0285817296244204
0.4568962296471 0.0116838500835001
0.412642372306436 0.0407315008342266
0.444438358303159 0.0442504594102502
0.429002604912966 0.0448383777402341
0.414796113967896 0.053654357790947
0.45435052504763 0.0907490849494934
0.446515374816954 0.164906027726829
0.440755043644458 0.166087138932198
0.459338174667209 0.175927934702486
0.47716249525547 0.209904846269637
0.464441460091621 0.201716672629118
0.422006834764034 0.217403192538768
0.442617564927787 0.193857874255627
0.430483264382929 0.196807506028563
0.365581373684108 0.169441334437579
0.397483406122774 0.210256981197745
0.423626303207129 0.262088286690414
0.443099121563137 0.271509971003979
0.454300221055746 0.261788643430918
0.48100474756211 0.214565570000559
0.516013409942389 0.204232933931053
0.520689797122031 0.193488794844598
0.521110443864018 0.22584651177749
0.540495471097529 0.232561110518873
0.457357423380017 0.270499795675278
0.475760141853243 0.291368633974344
0.496909765060991 0.299930203240365
0.543513064272702 0.293638482224196
0.552035123575479 0.288715281058103
0.571001240517944 0.301215846091509
0.536238830070943 0.316856956109405
0.506185489706695 0.371997036505491
0.485912576317787 0.351998839061707
0.501346664037555 0.342094082385302
0.525235064327717 0.327672955114394
0.51799753960222 0.322170110419393
0.498704753816128 0.322899426333606
0.424767590127885 0.351330312900245
0.400898616760969 0.355894042178988
0.319012295920402 0.389456703327596
0.343354668468237 0.357453659642488
0.36777822021395 0.32525387685746
0.346348240040243 0.28777494514361
0.390092990826815 0.286478672642261
0.397862758953124 0.279073543846607
0.408917575608939 0.273979443125427
0.341021304018795 0.256643185857683
0.357806237414479 0.260260134469718
0.370999429374933 0.22493277862668
0.322068349923939 0.199699549935758
0.303012625314295 0.205151551868767
0.355190749280155 0.238553735427558
0.289357193745673 0.199423954356462
0.255787285976112 0.184743491001427
0.216464214958251 0.177546014543623
0.191673391498625 0.146230657119304
0.196143372915685 0.144996020477265
0.205598326399922 0.144433031324297
0.268977017141879 0.172359092626721
0.321313553489745 0.160191635135561
0.30698967911303 0.154986235778779
0.297276288736612 0.149312074761838
0.290878889150918 0.123078897129744
0.270430053584278 0.11297440668568
0.221070648171008 0.0905867088586092
0.232481211889535 0.0906123626045883
0.241945661138743 0.0921116843819618
0.240683894138783 0.0927331885322928
0.2988804820925 0.121023631189018
0.320081395097077 0.128786607179791
0.316203659866005 0.116298586130142
0.302366033662111 0.0560732139274478
0.303943466860801 0.0416823052801192
0.359504951164126 0.0853428984992206
0.388865719083697 0.142978285439312
0.40756991924718 0.144894388038665
0.394756598863751 0.116973745636642
0.386716541368514 0.0587200354784727
0.317234703805298 0.0463319616392255
0.398640966974199 0.0180495521053672
0.380701273214072 0.0131547767668962
0.337720887269825 0.0309445625171065
0.247005405370146 0.0179721326567233
0.23540998250246 0.0156375486403704
0.266094346530735 0.0256484434939921
0.272233918774873 0.0333782741799951
0.295780519023538 0.0938582494854927
0.248527616728097 0.0914198532700539
0.255564873572439 0.0571506540291011
0.196098553482443 0.0380984027869999
0.164727122522891 0.0284120282158256
0.183370681945235 0.0526970275677741
0.180913754273206 0.0668640583753586
0.166822127066553 0.0334202605299652
0.151884637307376 0.0380341336131096
0.159145455341786 0.0399969210848212
0.13124776724726 0.0506939203478396
0.11454090801999 0.0668058055453002
0.0587146002799273 0.0510961101390421
0.0592027795501053 0.0552099021151662
0.0397325088270009 0.0516107478179038
0.0947967139072716 0.155330798588693
0.1214225939475 0.123223352245986
0.102085488382727 0.107049603480846
0.105907038319856 0.101997526362538
0.0778418411500752 0.082212854642421
0.0777313252910972 0.0762998149730265
0.172520486172289 0.0975864031352103
0.205291179008782 0.10778604215011
0.220123524777591 0.13404184486717
0.156651076860726 0.120207396801561
0.163522723130882 0.128339709714055
0.17484361724928 0.133658810984343
0.164666714146733 0.143216355703771
0.175911737140268 0.162919319234788
0.196485930122435 0.182242991868407
0.180279749911278 0.203507944010198
0.243923988193274 0.242782530840486
0.292136537842453 0.269655889365822
0.229223310481757 0.214497535023838
0.276173587888479 0.249962375964969
0.330053619574755 0.285534030757844
0.316886990331113 0.270094140432775
0.310247225686908 0.259297371376306
0.236166848335415 0.211987151298672
0.289433689787984 0.227812018245459
0.321178746409714 0.26450686249882
0.344764149747789 0.286839587148279
0.285181902814656 0.301234560552984
0.271995871793479 0.299703079275787
0.251523887272924 0.291850157547742
0.218106583226472 0.311680093873292
0.216624298598617 0.321509055327624
0.239612696226686 0.343813514336944
0.259666847996414 0.300554276909679
0.305210830178112 0.317283431999385
0.312508513219655 0.325915252789855
0.310210556723177 0.340920058544725
0.327594307251275 0.358458478935063
0.24835957121104 0.410528128501028
0.255132616031915 0.397673653904349
0.246763179544359 0.348046519327909
0.190338580869138 0.377242070157081
0.1778021636419 0.370864242780954
0.171369848772883 0.374118958599865
0.176759833004326 0.392672076355666
0.164079912472516 0.399966561235487
0.159125370904803 0.413745882920921
0.0997725920751691 0.350394960027188
0.0764593742787838 0.445490163750947
0.0617422126233578 0.461573167238384
0.117931324057281 0.471031458582729
0.0854358421638608 0.492667984683067
0.0676449886523187 0.518395544961095
0.0721690687350929 0.505021490622312
0.0584026235155761 0.488437494263053
0.0520520652644336 0.543952267616987
0.0599555461667478 0.545004879124463
0.042202006559819 0.596246636472642
0.0474506509490311 0.599698250647634
0.0474872286431491 0.653039345517755
0.0596305164508522 0.648551332764328
0.0636685914359987 0.634787119459361
0.0609531998634338 0.623793269041926
0.0795063893310726 0.620411649346352
0.0700430939905345 0.570433424785733
0.10353518044576 0.519008583854884
0.119052588474005 0.521886149886996
0.155727992765605 0.522184028755873
0.111260692123324 0.508354666177183
0.17889817757532 0.472266483586282
0.180413675960153 0.467293424066156
0.117286992724985 0.462131862994283
0.160850955173373 0.437145700678229
0.213915185071528 0.43093880917877
0.193805805407465 0.442667171824723
0.330743141938001 0.391364600975066
0.280240676831454 0.418614483904094
0.404798440635204 0.365940764546394
0.375705808401108 0.426178433001041
0.305697471369058 0.447878076694906
0.352313263341784 0.402989016380161
0.279786450788379 0.422384756151587
0.312007020693272 0.428984311409295
0.31505878502503 0.430593597237021
0.225624145474285 0.444293479435146
0.273190895095468 0.474620883353055
0.344373365398496 0.453459726646543
0.407543202862144 0.467497853096575
0.43332595936954 0.445311160292476
0.370968180708587 0.44170728046447
0.413034029770643 0.386420455761254
0.459361034445465 0.395549743901938
0.44017238356173 0.431468515191227
0.505272802431136 0.485807531513274
0.531542405951768 0.443851719610393
0.522127384319901 0.417997457552701
0.556157242041081 0.385607713833451
0.577913890592754 0.383426159154624
0.575848297681659 0.377805661410093
0.547057820949703 0.325371484272182
0.588813348207623 0.360737216193229
0.611710807774216 0.339261955115944
0.601738605648279 0.307780362199992
0.579328243155032 0.247691888827831
0.588060318958014 0.255354767665267
0.593420551624149 0.277560438495129
0.609246763866395 0.296588307246566
0.617069817148149 0.31674048025161
0.658023209311068 0.294728348497301
0.669713591225445 0.300229686778039
0.649361979216337 0.340655941981822
0.637307296507061 0.342115479521453
0.61554169934243 0.36755308881402
0.630762495566159 0.361061525065452
0.591554894112051 0.404394666664302
0.547574748750776 0.415274257771671
0.541311698965728 0.458212206140161
0.519811648875475 0.476210822351277
0.562740897759795 0.491023082286119
0.524132321123034 0.490834920667112
0.496218695305288 0.508825854863971
0.499655007850379 0.553401552606374
0.45055787358433 0.537440583575517
0.473837765399367 0.514173122122884
0.458712803199887 0.484109008219093
0.424994628410786 0.460287266876549
0.399009426590055 0.534089787397534
0.393417690880597 0.534758154768497
0.315987410955131 0.500822304747999
0.366449419409037 0.498045102227479
0.303646613378078 0.482711673714221
0.300031363964081 0.492513251956552
0.287185010034591 0.49169708462432
0.290819200221449 0.532889709342271
0.262946818489581 0.522942353505641
0.278564257081598 0.495265861507505
0.270880551077425 0.504566493444145
0.241362553089857 0.534415676258504
0.235123624559492 0.538401760626584
0.158150797244161 0.553995953407139
0.267551358789206 0.559505184181035
0.289332838263363 0.548363974317908
0.352712650317699 0.566988535225391
0.190479929093271 0.565107483416796
0.201935005839914 0.588762350380421
0.170187578070909 0.595247704070061
0.133693204261363 0.560293074231595
0.128962207585573 0.556154083926231
0.125759388320148 0.563818807713687
0.113621131982654 0.558919218368828
0.106065705884248 0.581003906205297
0.126788151450455 0.601605998817831
0.162554919719696 0.622468014247715
0.219073086977005 0.579489112365991
0.209333768114448 0.618398162536323
0.187787792179734 0.632479168009013
0.174520549830049 0.647137728054076
0.157053410075605 0.648356657475233
0.182282253634185 0.658152607735246
0.200402889866382 0.675393430516124
0.229974145069718 0.671053712721914
0.183620885014534 0.686028412543237
0.204142035450786 0.68525728629902
0.212528587784618 0.68675001244992
