512
0.898616133257747 0.610139735043049
0.877781382761896 0.552002165466547
0.902212457731366 0.493515335489064
0.894810833502561 0.510682853404433
0.886559544596821 0.466678870376199
0.891814019996673 0.423568847589195
0.88620650395751 0.37952332990244
0.835676681715995 0.213034376967698
0.784539813641459 0.216829685028642
0.742793208453804 0.197130269836634
0.691823126282543 0.163844724651426
0.664497477933764 0.131512514315546
0.705758448224515 0.146567260380834
0.811576686333865 0.177674014121294
0.84292634902522 0.188383762724698
0.85956646502018 0.24323375383392
0.885915990918875 0.291042303666472
0.91112560685724 0.297704095952213
0.915632322896272 0.275739456061274
0.944313852582127 0.201772379688919
0.912870733533055 0.181276947259903
0.901488478295505 0.276800164952874
0.867066513746977 0.232980358414352
0.879573998041451 0.23243639850989
0.895643588621169 0.213611365761608
0.899154681712389 0.258894690312445
0.897305490449071 0.198594644665718
0.829828539397568 0.0855308929458261
0.764382966794074 0.0961165265180171
0.758276098407805 0.0838029482401907
0.774183582980186 0.124723396729678
0.632262584753335 0.108368190471083
0.582735447678715 0.143345520365983
0.635861854534596 0.231713119894266
0.50625617057085 0.128406865056604
0.511848784051836 0.1629559379071
0.484297885559499 0.130677938926965
0.556979248300195 0.231382774189115
0.646656246390194 0.293089743237942
0.665260231122375 0.323967388365418
0.679394330363721 0.323875601403415
0.715097794309258 0.333261337596923
0.740929002407938 0.325683171860874
0.733194449450821 0.298103909008205
0.717121758963913 0.300697886850685
0.742686139419675 0.274795009754598
0.77229783218354 0.435906544327736
0.800727992318571 0.419228207319975
0.800837726332247 0.413296917453408
0.803459998685867 0.380414709448814
0.767060896847397 0.342047501821071
0.757851512171328 0.298509665299207
0.807500294409692 0.303817801643163
0.802726278547198 0.293450315482914
0.751561615616083 0.242680698633194
0.621434610337019 0.176585512235761
0.693534202408046 0.189961411524564
0.696867564693093 0.195485209580511
0.702058362774551 0.176096385344863
0.805114792659879 0.265699587762356
0.807652797084302 0.258100319188088
0.817543265409768 0.243318289052695
0.84701244905591 0.277375477366149
0.817143740598112 0.305165550671518
0.84033717866987 0.359339012764394
0.845587194431573 0.420108499005437
0.86324519617483 0.455386880785227
0.880829287692904 0.488937723450363
0.842091939412057 0.693515120539814
0.838060157839209 0.724438003264368
0.794040556997061 0.77962083928287
0.779467575717717 0.794290186371654
0.825665803160518 0.612489266321063
0.860336238518357 0.561047372408211
0.831591250374913 0.44549915753305
0.825286784674972 0.575920620001853
0.806992936879396 0.565247636288404
0.80415662843734 0.551253069192171
0.769446711521596 0.536852637771517
0.738648845348507 0.520911884028465
0.730994957964867 0.523423221427947
0.702557315118611 0.495458024088293
0.709124391432852 0.39231168711558
0.720553491264582 0.389805393759161
0.715353052597493 0.368046117946506
0.685089905746281 0.406030454207212
0.6533860322088 0.44516260176897
0.669736954849213 0.410518342629075
0.634195673279464 0.298496888019145
0.543221759609878 0.274443537462503
0.482780093792826 0.231589013244957
0.482230943627656 0.24962967261672
0.40532963629812 0.190361075568944
0.357718697749078 0.163698429241776
0.397964694537222 0.209684680216014
0.542389838956296 0.287946559954435
0.534810453653336 0.430573045276105
0.522470246069133 0.407361252233386
0.505910430569202 0.415176341310143
0.462824977003038 0.43970664544031
0.452730055432767 0.466399812139571
0.532903136685491 0.455858480650932
0.573783931322396 0.468602913897485
0.558119049295783 0.473788166418672
0.555716456845403 0.518222782760859
0.599638667423278 0.551032460294664
0.629536646883935 0.590048769954592
0.627099823672324 0.612167587503791
0.640082595869899 0.620564497541636
0.66585028078407 0.626423800829798
0.701767509337515 0.626786736305803
0.697997448500246 0.684451011009514
0.612199031282216 0.744157052598894
0.654362632893026 0.697174923960119
0.5814662235789 0.750829433090985
0.56654752464965 0.802006632555276
0.536255405750126 0.846672389656305
0.568662656005472 0.813693273346871
0.579478736035526 0.789127210620791
0.594170352444053 0.803954120725393
0.647114070598036 0.741104565560818
0.676084492355585 0.738576547242701
0.686884184833616 0.758769556879997
0.666387111414224 0.769417479634285
0.638505961280316 0.808985531330109
0.611755542457104 0.804700611624867
0.596942079253495 0.836568863596767
0.646624266169965 0.829906353261322
0.621615533251315 0.897909856867045
0.708605793304741 0.831851495429873
0.689369002822787 0.806289995089173
0.696925648488104 0.781741174403578
0.723853482864797 0.742401184048504
0.747348103672266 0.709703457541764
0.757772949524224 0.687159867025912
0.780671246349812 0.61410351889208
0.759015425108373 0.606884540989995
0.738290212117136 0.631359108258039
0.749628432095051 0.604994355235249
0.758321093861014 0.59779267758131
0.761730688624084 0.545079433824867
0.777435062453151 0.552826693747193
0.820939619559795 0.603694160003215
0.756256217136979 0.787225457374007
0.673897495027632 0.905642916448414
0.78315254393965 0.830114726908505
0.739304545335472 0.900853591039777
0.745940338354558 0.919964970555156
0.667627306655049 0.938216210808605
0.665142914745957 0.93716495949775
0.579535955097526 0.988888471852988
0.808794104028493 0.924100702162832
0.826321833766997 0.912390762474388
0.891203666105866 0.953186625614762
0.852225569542497 0.907407439313829
0.851670192554593 0.863325875252485
0.819577255751938 0.840463901404291
0.873174516484141 0.769920987542719
0.886511038988829 0.765541473403573
0.889842975419015 0.851860376540571
0.886135148350149 0.835236561484635
0.868540287483484 0.839874358847737
0.862407427746803 0.846289766021073
0.863302011974156 0.875367955770344
0.912556095514446 0.97274741763249
0.915391214657575 0.979905305895954
0.874269125517458 0.974531705956906
0.561070688068867 0.995360162109137
0.447183672338724 0.9934042096138
0.447908429894596 0.991357378195971
0.479486151132733 0.946987054310739
0.498758018948138 0.968809438869357
0.528257384430617 0.979785152245313
0.552267639432102 0.941568111535162
0.599849306512624 0.909831604920328
0.604630653746426 0.891704801935703
0.558166545815766 0.909859380219132
0.535272824112326 0.946373430080712
0.554143626242876 0.892440227791667
0.542530668433756 0.85069475043565
0.534434890374541 0.852535726036876
0.50243953242898 0.890022766310722
0.394400250166655 0.973553645424545
0.480953622609377 0.882660793606192
0.516435222700238 0.829851807560772
0.495081359054893 0.828710149973631
0.524384881835431 0.787210600916296
0.53207313362509 0.775690276175737
0.53327777935192 0.761588751804084
0.523037442471832 0.724604760762304
0.511294899042696 0.696669645607471
0.39453386887908 0.803125757258385
0.460158157162368 0.7614575936459
0.468006060924381 0.760989203583449
0.495505584403872 0.788622248917818
0.463420134037733 0.80942546762526
0.358909765724093 0.852411707863212
0.320888932328671 0.882453937083483
0.345729533582926 0.864833794068545
0.377635882236063 0.876267258543521
0.404938431456685 0.887875721324235
0.342433786019683 0.952288256026804
0.365690085571259 0.958442402537912
0.39845203096047 0.901945491321385
0.390669519547373 0.956023740582168
0.323842220474035 0.972658031154424
0.310316263698041 0.980756342411041
0.300399661529809 0.989546586759388
0.0956041594035923 0.993445788975805
0.153804308269173 0.94978549471125
0.14650393743068 0.949924201704562
0.0553023368120193 0.985083274543285
0.02292236732319 0.990794512908906
0.0309092248789966 0.933956005144864
0.00103004323318601 0.914380272384733
0.0403683055192232 0.898968958295882
0.0636333869770169 0.842149111442268
0.0553786787204444 0.83673864742741
0.117511074990034 0.85030369926244
0.0967648010700941 0.839168681763113
0.160422245040536 0.784172610379755
0.192729408852756 0.773608373478055
0.217732013668865 0.728130864910781
0.211665835231543 0.71677756914869
0.278130711521953 0.75347019219771
0.287780311889946 0.753905982710421
0.272751862648875 0.766433171462268
0.211822956800461 0.765236829407513
0.244179937522858 0.785573676228523
0.282297355122864 0.769534950144589
0.193716872949153 0.904112758114934
0.206019141711295 0.87325238250196
0.18141697300598 0.797685151454061
0.188171423971653 0.822131506167352
0.0479255462996662 0.95716051151976
0.144906604196876 0.866197157651186
0.0733707756735384 0.946447522845119
0.0583717455156147 0.956792226061225
0.205027179792523 0.9281613714993
0.226195720024407 0.939542540814728
0.260735918302089 0.922404003329575
0.503151511307806 0.681301364675164
0.527453100774437 0.662639526184648
0.578522824216634 0.603887459728867
0.586443447973579 0.573887512553483
0.564809091854841 0.568798023741692
0.55387563817203 0.543325300328434
0.507014234550297 0.474751258268952
0.510966745205224 0.495701654348522
0.493695553857833 0.53633030783385
0.473609824199229 0.547311613336205
0.48442712193355 0.56607151357457
0.417146341409534 0.653154789935797
0.553195606451482 0.543594624381512
0.546879044733942 0.554409445729107
0.506937930360436 0.586905774194747
0.419220116455108 0.698703960515559
0.532777941785753 0.602594817522913
0.523632378783077 0.642880369909108
0.456002870108932 0.709826540201902
0.436454810202122 0.691393916960806
0.377509239595383 0.769480773247778
0.424665725324303 0.746276773978025
0.370472840033472 0.785800673998892
0.366791606415063 0.797898606397212
0.312604553531855 0.845428528729826
0.249863213393837 0.89269810821861
0.280294957570732 0.86595410015434
0.260150496847928 0.869934816844761
0.317905880045146 0.712957072537392
0.349638546817005 0.737229348625988
0.361924940254539 0.791511935647577
0.391653686296195 0.740133422426879
0.408816636074334 0.71086198836565
0.333249059040099 0.689606545958668
0.281787703745067 0.695859563536942
0.401129445526749 0.630986604373902
0.403152184095234 0.611241616308689
0.371606599539518 0.629878438077867
0.317831612657756 0.669325924478471
0.222706160973758 0.701572888996452
0.184282134752721 0.710706227459013
0.191325099673122 0.718941717408597
0.169287899509072 0.713944677263498
0.146470042876899 0.724041116423905
0.128573608584702 0.713677396066487
0.152143646497279 0.746940084733069
0.0397799010388553 0.7961245928891
0.0284519093111157 0.790652084164321
0.0426980899646878 0.744764042552561
0.0433998443186283 0.712113814428449
0.0377945355139673 0.63884763373062
0.109502220991999 0.607970906421542
0.00669918907806277 0.601107364520431
0.00254876539111137 0.577793952543288
0.00122074689716101 0.448443462140858
0.00464346259832382 0.356621139682829
0.0402882969938219 0.388731480110437
0.0965715143829584 0.468748824670911
0.0677674408070743 0.501786872278899
0.0681756646372378 0.525019011460245
0.0956333377398551 0.525537755805999
0.130629745777696 0.526178070809692
0.137218188494444 0.538745880126953
0.194610589649528 0.599404217209667
0.0991627033799887 0.636404674034566
0.113609467633069 0.635581525508314
0.125979082658887 0.642838294617832
0.100974110420793 0.679647780954838
0.0948241222649813 0.679967415053397
0.114372764714062 0.696303569246083
0.174844618886709 0.683082758449018
0.258072285912931 0.655184952076524
0.228503765538335 0.637223836500198
0.268169990275055 0.621667611878365
0.400605700910091 0.570042081177235
0.347935289144516 0.565465936437249
0.257004427257925 0.612930121365935
0.160571274813265 0.665653092321008
0.207246287260205 0.612108162604272
0.247825153637677 0.576699821278453
0.255521583370864 0.564865734893829
0.21161842579022 0.587326943408698
0.195301992818713 0.568619959056377
0.193857872858644 0.561125353444368
0.11274143261835 0.491245350334793
0.147785801906139 0.477599991485476
0.221377814654261 0.532759414520115
0.250703831203282 0.556448286399245
0.234471480362117 0.506993446964771
0.217423768248409 0.511871901340783
0.187604689504951 0.479546122718602
0.142168803140521 0.430748394224793
0.205242128577083 0.422461909707636
0.225840608589351 0.420468600932509
0.301487159915268 0.453039464075118
0.255735052749515 0.425454123876989
0.228465480729938 0.38731395220384
0.195297857746482 0.347195982933044
0.249545300379395 0.353953472804278
0.297073865775019 0.387647220864892
0.322646534070373 0.441899975761771
0.374291202519089 0.40552442567423
0.265483619179577 0.484129613731056
0.309136097785085 0.515837922692299
0.318107549101114 0.536233821883798
0.329419577494264 0.495979755185544
0.341116808820516 0.508357534185052
0.346128842793405 0.524715418927372
0.33192878914997 0.538957483600825
0.435692865401506 0.49192562000826
0.381980448961258 0.474162970203906
0.426003030966967 0.443234299775213
0.420565446373075 0.433316946495324
0.430544732604176 0.402282319497317
0.463233820628375 0.376162950415164
0.489840421359986 0.377451448701322
0.525119768921286 0.367332693655044
0.495399754028767 0.318910778034478
0.432775629218668 0.362946398556232
0.355720949824899 0.346986771561205
0.302038508001715 0.358056697063148
0.276071289554238 0.348339959979057
0.258824623655528 0.263101322576404
0.198182960040867 0.284212855156511
0.188401847612113 0.34288614988327
0.0873987316153944 0.416103684809059
0.070098445750773 0.413643907755613
0.0700210360810161 0.411386500578374
0.074866910930723 0.374515502247959
0.0768429776653647 0.32375637255609
0.127955716568977 0.292269532103091
0.15999683085829 0.269005495589226
0.115613815374672 0.262512387707829
0.0403967807069421 0.290698784869164
0.0321039892733097 0.324868618510664
0.063357787206769 0.391644211485982
0.00115287350490689 0.268168077338487
0.0618762625381351 0.247718166094273
0.121799893211573 0.22476709773764
0.0330105302855372 0.1561647397466
0.0940662296488881 0.136508168186992
0.150156999472529 0.211186898872256
0.179210677742958 0.229474017862231
0.216196600347757 0.256388830952346
0.213986078742892 0.243925201706588
0.273692260030657 0.259782703127712
0.41488379612565 0.299776043277234
0.40963961975649 0.325680720619857
0.42859511775896 0.344656342174858
0.467201558407396 0.326757670845836
0.476677268743515 0.315970561467111
0.45276341214776 0.255977776832879
0.428488702978939 0.270254845265299
0.380310574546456 0.227559497579932
0.320217233151197 0.168313655070961
0.274216861464083 0.115513389464468
0.260102869477123 0.127741482108831
0.302027493249625 0.162183332256973
0.248453509993851 0.141737605445087
0.148007795680314 0.0853004464879632
0.212941739242524 0.135408832225949
0.276941703166813 0.171650042291731
0.314182182308286 0.194351371843368
0.316131239291281 0.200530752073973
0.289310487918556 0.191968595143408
0.121642911341041 0.104496182873845
0.160069039091468 0.143558884039521
0.125063896644861 0.127770540304482
0.0402817567810416 0.0733209140598774
0.000751277431845665 0.0979359946213663
0.0355202443897724 0.0636980324052274
0.0537205194123089 0.0762220909819007
0.0918114725500345 0.0630132141523063
0.0808569877408445 0.0318100177682936
0.0794453667476773 0.0272434982471168
0.133278591558337 0.0423609325662255
0.140227754134685 0.0413521593436599
0.184145600534976 0.0610103565268219
0.192954828497022 0.06390076642856
0.24714287975803 0.0781550705432892
0.311695588752627 0.126413841266185
0.482698267325759 0.205535678192973
0.399799310136586 0.156736033502966
0.335375706665218 0.117185864131898
0.305063905194402 0.0756831248290837
0.21035056328401 0.0475470973178744
0.184494393877685 0.0407707244157791
0.115411066450179 0.0343910311348736
0.260694853495806 0.0202737003564835
0.30360819445923 0.055798938497901
0.367408480495214 0.0612953794188797
0.317579668946564 0.0410245163366199
0.324407401029021 0.0313105126842856
0.327681605704129 0.0383166037499905
0.348734356462955 0.0130568877793849
0.350547837559134 0.00993067538365722
0.362865525297821 0.0159684792160988
0.461463396903127 0.0286366818472743
0.459420267026871 0.0171526023186743
0.4804761800915 0.00545679079368711
0.563427125569433 0.0499858013354242
0.595885501243174 0.0750988395884633
0.441981078591198 0.0662592020817101
0.516637790482491 0.0974323335103691
0.65099037764594 0.102772891521454
0.64946447359398 0.0917066866531968
0.626654182560742 0.0752759100869298
0.685332498978823 0.0260719112120569
0.664194342214614 0.0161621957086027
0.700078547000885 0.0172864999622107
0.689870218280703 0.0279141585342586
0.733933084644377 0.041343554854393
0.807962979655713 0.0102387415245175
0.834069351200014 0.0658659320324659
0.844866258092225 0.0510225845500827
0.894722464028746 0.16212452435866
0.877580516971648 0.0739885759539902
0.905934454873204 0.085191051941365
0.922328479588032 0.0790480095893145
0.953625772148371 0.129989012610167
0.955453441943973 0.144740614574403
0.965408137533814 0.155541269108653
0.98451431421563 0.132752443198115
0.971809009555727 0.0332780098542571
0.917504911776632 0.0467329574748874
0.838855189271271 0.0326707474887371
0.953515134751797 0.0173279326409101
0.982696289662272 0.023686412256211
0.999048298224807 0.198055876884609
0.93799645267427 0.279207557439804
0.945291950833052 0.358986932318658
0.951425826642662 0.395430293399841
0.986034871544689 0.588986830320209
0.985155204776675 0.491475843358785
0.982271926477551 0.45002543181181
0.973661625757813 0.408746482338756
0.96540619712323 0.407159911934286
0.951478932052851 0.363586272113025
0.988853810355067 0.317668518982828
0.990242038853467 0.354251890443265
0.995470999740064 0.265141575131565
0.984245037660003 0.75765345338732
0.979711269494146 0.79679401172325
0.983357877470553 0.761721492279321
0.986623159609735 0.605623759329319
0.976855665910989 0.725339417345822
0.954802993685007 0.897685380652547
0.96783559024334 0.869157360866666
0.964549986645579 0.996158239897341
0.936214656569064 0.988179723732173
0.927820075303316 0.954533360432833
0.905427883844823 0.924183811061084
0.898464060854167 0.915024107322097
0.925135512836277 0.898708924185485
0.936979772988707 0.972991532180458
0.952968076337129 0.789629106875509
0.968930378556252 0.584008041303605
0.962811859790236 0.593800107017159
0.91345436591655 0.404822739772499
0.913653859868646 0.464138391427696
0.938421485945582 0.599693583790213
0.945365197490901 0.736182377208024
0.934249949175864 0.821489919442683
0.894009470008314 0.773058994673193
0.894557680469006 0.759819929022342
0.891242993529886 0.703600205015391
0.88135532848537 0.684620276559144
0.898646597750485 0.645955098792911
0.909889777656645 0.717820912133902
0.920213772449642 0.638482884969562
0.887933917809278 0.571011117193848
