1024
0.215837010648102 0.388113094028085
0.269518687855452 0.385386629030108
0.282685534097254 0.386159113608301
0.289189028088003 0.378589857835323
0.306995315477252 0.366630245931447
0.344225456006825 0.402705845423043
0.407490443438292 0.454898852389306
0.437221394386142 0.434170032385737
0.457238521426916 0.414888306055218
0.449603772256523 0.408893933519721
0.507963917218149 0.396323190070689
0.516632698476315 0.400214057415724
0.479880259837955 0.427144586574286
0.441226768773049 0.448742866050452
0.449239572510123 0.470008512958884
0.49549820413813 0.437457191292197
0.482917895074934 0.459621476009488
0.507881184108555 0.425961317494512
0.554339667316526 0.46109108440578
0.557817389722914 0.432515105232596
0.556356727611274 0.416796955280006
0.556546668987721 0.404383901041001
0.544895865488797 0.40483159199357
0.496048809029162 0.389768791850656
0.489321947097778 0.376159904990345
0.481454352848232 0.387995335739106
0.41700404137373 0.366002164781094
0.436780847609043 0.369995841290802
0.460299506783485 0.365764799062163
0.425892104394734 0.336163859814405
0.44025283260271 0.327809566631913
0.515754084568471 0.374707662500441
0.521533991675824 0.358521758578718
0.526007835753262 0.316171412821859
0.552598281763494 0.303806831594557
0.512351325247437 0.276139201596379
0.510992154013366 0.265867319889367
0.504220781382173 0.235843750648201
0.488387292716652 0.201013701967895
0.462092062924057 0.191101968754083
0.516338634304702 0.186846716329455
0.517424362245947 0.18693176843226
0.561191384214908 0.209939545486122
0.542134197894484 0.164573791436851
0.52103941841051 0.159562287852168
0.525046919472516 0.139854935929179
0.430179504677653 0.109322462696582
0.432187879923731 0.118319076020271
0.442987286485732 0.138840565923601
0.426193703431636 0.134481124579906
0.417775925248861 0.139504239428788
0.422008765395731 0.181156885344535
0.439627723768353 0.188140608835965
0.418844866100699 0.200799954589456
0.371867100708187 0.199551111552864
0.353906313888729 0.152217312715948
0.341755189467221 0.146619617473334
0.386372420936823 0.148752385284752
0.387406503781676 0.148782938718796
0.393445783760399 0.178342411760241
0.413816980551928 0.18101073615253
0.406715099234134 0.172182649839669
0.405899685807526 0.142102745361626
0.382038737181574 0.0761415287852287
0.355111695360392 0.0638617984950542
0.371953710447997 0.0964544899761677
0.380507077090442 0.105795501731336
0.373778484761715 0.102428464684635
0.332724500447512 0.0685334019362926
0.274353437591344 0.0592788509093225
0.255515470169485 0.0325701227411628
0.232290687505156 0.0227415207773447
0.188948858529329 0.0166817391291261
0.237654635682702 0.0323453182354569
0.248192879837006 0.0502465232275426
0.226739029400051 0.0502783544361591
0.177569951396435 0.0323333288542926
0.195682615973055 0.0632021459750831
0.187361328862607 0.0620857761241496
0.167856121435761 0.0709723657928407
0.139877504203469 0.0724785034544766
0.0907435547560453 0.0430564265698195
0.0405249977484345 0.0391521798446774
0.0701226452365518 0.00313578452914953
0.0694839111529291 1.91912986338139e-05
0.26532933069393 0.00172650581225753
0.278190807905048 0.0115109882317483
0.35956997377798 0.00111259380355477
0.77698123967275 0.00782911852002144
0.850074750836939 0.00671217637136579
0.864618915133178 0.00205697026103735
0.8688670466654 0.0101036201231182
0.885909080971032 0.0102405468933284
0.904015087056905 0.0223718099296093
0.914093749132007 0.122775489464402
0.925235403236002 0.120463530533016
0.947149439714849 0.148546416778117
0.924125794321299 0.0824645604006946
0.951986346859485 0.062437198124826
0.932463228236884 0.0480578090064228
0.94688541861251 0.0280149979516864
0.956438502762467 0.0328924953937531
0.95580064971 0.0475216354243457
0.959240192081779 0.00421708496287465
0.995781812816858 0.0642260047607124
0.999825699720532 0.0725605012848973
0.997965895105153 0.252422850113362
0.998718719463795 0.688748210668564
0.995601249393076 0.673475985880941
0.992941557895392 0.812820240389556
0.981483543757349 0.860380843747407
0.984996579121798 0.961126748472452
0.963608941994607 0.980108445975929
0.954677573870867 0.955646898131818
0.954871071036905 0.943650543224066
0.92260946938768 0.89724949747324
0.918699028436095 0.943599421530962
0.951408519875258 0.972443289123476
0.962867394089699 0.985262943431735
0.861045766156167 0.930923831183463
0.854362869635224 0.967405251692981
0.883607998955995 0.989141915924847
0.897696003317833 0.992376298177987
0.896811700891703 0.997562143951654
0.785604022908956 0.992009430658072
0.797257219441235 0.97786657884717
0.81736845523119 0.930547037627548
0.821920274756849 0.897966877557337
0.83180719288066 0.907341952435672
0.834473930764943 0.892491564154625
0.861305141821504 0.89513562200591
0.876177214551717 0.865594567265362
0.876720249187201 0.859397998545319
0.857102613896132 0.815943373832852
0.843452761881053 0.794397642835975
0.83291994407773 0.824958545621485
0.819208330009133 0.87452851748094
0.809411006513983 0.903079108800739
0.783339877612889 0.974829278886318
0.793553950730711 0.938642247114331
0.795600605662912 0.927622095681727
0.787631955929101 0.885567883960903
0.791560864076018 0.912732963915914
0.769801111426204 0.959496598225087
0.768315800465643 0.962702821474522
0.750657730270177 0.983701173216105
0.718194014392793 0.999897222965956
0.734923049341887 0.970920881722122
0.769076990429312 0.935676660854369
0.780837721657008 0.931862605269998
0.755423929542303 0.92180579341948
0.738674032967538 0.963747071567923
0.75648072687909 0.909111598972231
0.844596380367875 0.765652199275792
0.813412258401513 0.747617240529507
0.795114016160369 0.767659456469119
0.772908027283847 0.805008860304952
0.767769286874682 0.814072672277689
0.759167488664389 0.83655871450901
0.749909917358309 0.824859800748527
0.758519296534359 0.800866906996816
0.791176675353199 0.742230359464884
0.795872893184423 0.70466897636652
0.80939260404557 0.713708899915218
0.811774574220181 0.702749251853675
0.824390238616616 0.689450853038579
0.825105405412614 0.650940228253603
0.854521916713566 0.804954961873591
0.890681688208133 0.679688575677574
0.871289044618607 0.769578613806516
0.87805636273697 0.870331139303744
0.875264489091933 0.887217964511365
0.899966966826469 0.870374005287886
0.901734766550362 0.866733138915151
0.898012245073915 0.814658265095204
0.910971796605736 0.820444669574499
0.911147903650999 0.851765973959118
0.938730681780726 0.701462525874376
0.938552936073393 0.762037190143019
0.928821180481464 0.897010987624526
0.94912621891126 0.894036140292883
0.978737297002226 0.85351742291823
0.979569039773196 0.852588759735227
0.983024224638939 0.74630118906498
0.985227905213833 0.636332963593304
0.97231459338218 0.779983389191329
0.992815206758678 0.477789079304785
0.993840393610299 0.619624180253595
0.993000676855445 0.438674557488412
0.988985130097717 0.516883810982108
0.9735933765769 0.707703546155244
0.972878199070692 0.714314516168088
0.973131358623505 0.684847930911928
0.954364525619894 0.679183281958103
0.947396045550704 0.708794637117535
0.955930293537676 0.599068791605532
0.983623420353979 0.459133290220052
0.977530055679381 0.460306946653873
0.987261073663831 0.284916161559522
0.98413117043674 0.294743196107447
0.977660063188523 0.447810581419617
0.926224491558969 0.704399704001844
0.918608618434519 0.743254038505256
0.902291989419609 0.758201570250094
0.905146648641676 0.774111788254231
0.896411338821054 0.796238887123764
0.887341809459031 0.799769034143537
0.915531777776778 0.580200268886983
0.923788300715387 0.683519658632576
0.942072903271765 0.520168715156615
0.946473475079983 0.461847119033337
0.963060965761542 0.361392673570663
0.930615594610572 0.433152141980827
0.910100108012557 0.561290464829654
0.909347998443991 0.556969171389937
0.896800666116178 0.407594991847873
0.927023011725396 0.390076251700521
0.901624878402799 0.392647919710726
0.907341586891562 0.363895035814494
0.942318174056709 0.313625529874116
0.962429170496762 0.284749081358314
0.958406258840114 0.315727054607123
0.944149040151387 0.321232967544347
0.91923124762252 0.36151014873758
0.912331239785999 0.39099842403084
0.951325459871441 0.374291603919119
0.975677107926458 0.286711831577122
0.970488046761602 0.271348442416638
0.950119946151972 0.248480884823948
0.932459781412035 0.236531989183277
0.97101850155741 0.195318497251719
0.992271456401795 0.264919912442565
0.997243079356849 0.252788287121803
0.996615204494447 0.238735936582088
0.996479988098145 0.1938007613644
0.995666062925011 0.151459236163646
0.988871236331761 0.174564889632165
0.978408704977483 0.181015560403466
0.936947767622769 0.19855692749843
0.930619280319661 0.209429099690169
0.903282113838941 0.213991532102227
0.888361286371946 0.13672203803435
0.884731829166412 0.163564444985241
0.87686938373372 0.201624523848295
0.868776286952198 0.140384716913104
0.879111527465284 0.0151099436916411
0.875444173347205 0.0527674267068505
0.868458322715014 0.0685217860154808
0.861929966602474 0.0814067525789142
0.852689191699028 0.0972414035350084
0.85111343069002 0.205580042209476
0.862380271311849 0.278075841255486
0.865463789086789 0.281214600428939
0.86436638282612 0.238929820246994
0.909762202296406 0.238087165635079
0.906374646816403 0.262855938635767
0.907872418873012 0.330268375109881
0.865717503242195 0.330432022921741
0.86709304433316 0.430789935868233
0.85029822634533 0.441415748558939
0.841059593949467 0.463423179462552
0.86378409108147 0.44468201091513
0.872825698927045 0.568421439733356
0.893468952272087 0.565025044139475
0.896208283491433 0.576281073968858
0.903868231456727 0.572731341701001
0.908061654306948 0.610243395902216
0.903434481471777 0.626662504393607
0.862450164277107 0.728307161480188
0.854699470568448 0.731733727268875
0.856959271244705 0.667706070933491
0.877169430721551 0.621342105325311
0.838448117021471 0.642503653187305
0.827354572713375 0.618986348155886
0.833302445709705 0.605119809973985
0.83064426202327 0.554281495977193
0.83897094707936 0.507824561093003
0.824326242785901 0.540717927739024
0.831071390770376 0.485918538179249
0.819549616426229 0.421805980149657
0.820886983070523 0.418553003575653
0.842366871889681 0.338807648513466
0.855150769464672 0.346885482780635
0.856381737627089 0.306563043501228
0.851736875716597 0.326724792830646
0.836504173465073 0.277935723774135
0.812632445245981 0.322385635226965
0.824623594991863 0.352982694283128
0.804454434663057 0.387487408705056
0.787786862347275 0.377025719732046
0.811325883027166 0.421087736263871
0.784082386177033 0.479418891016394
0.77147351577878 0.488985389471054
0.784896361641586 0.500359826721251
0.79669176414609 0.501440735068172
0.798739198129624 0.483254473656416
0.803882401902229 0.499387197196484
0.79932449106127 0.550105867441744
0.793516133911908 0.5341722285375
0.739162307232618 0.579585644416511
0.778811773750931 0.605319772846997
0.757630341686308 0.596274513285607
0.781100565101951 0.633094989694655
0.774388589896262 0.665891015902162
0.80178008088842 0.56964216940105
0.817807098384947 0.634480947628617
0.806752618867904 0.66362873557955
0.725993627682328 0.815117351710796
0.729642150457948 0.796639867592603
0.694701647385955 0.864430351182818
0.708062129095197 0.847102351486683
0.689131431747228 0.919636149890721
0.66541243577376 0.958886096719652
0.645487845409662 0.959371055476367
0.642980332951993 0.987019350752234
0.578591202385724 0.974473003298044
0.501675686333328 0.9619339290075
0.491350275464356 0.96344237960875
0.526863485109061 0.952515950892121
0.564144978765398 0.948306773323566
0.507570167072117 0.940013417508453
0.52946757292375 0.915602373424917
0.535344989504665 0.902169520035386
0.534399289637804 0.885392242576927
0.48525057034567 0.841542830690742
0.485440568067133 0.835407489910722
0.450159944128245 0.816814689897001
0.42449731612578 0.846832148730755
0.479803808964789 0.854882813990116
0.417494311463088 0.85399226937443
0.381828634534031 0.886493210215122
0.353783933911473 0.890718405600637
0.309341612737626 0.916015883907676
0.279630593489856 0.926623148377985
0.288015664555132 0.911396065261215
0.295910204295069 0.854665633756667
0.270984156988561 0.869146060198545
0.230421580374241 0.91079170955345
0.225419255904853 0.934677093289793
0.19473491795361 0.954901020042598
0.217638360336423 0.943938687909395
0.219965178053826 0.950207569636405
0.250513285864145 0.928862657397985
0.280627760570496 0.916487117763609
0.252459179610014 0.932782256510109
0.235986704006791 0.946421884931624
0.265161776449531 0.94050309387967
0.342339840717614 0.921279892325401
0.410654224455357 0.967624286189675
0.391892769839615 0.948814928997308
0.433031880762428 0.934064891654998
0.414250924717635 0.983500747941434
0.437392299994826 0.974500427488238
0.491533118765801 0.883939723018557
0.504441756755114 0.870129396673292
0.500025942921638 0.944259364157915
0.425785019993782 0.986952262930572
0.50019292999059 0.971244578715414
0.462001960724592 0.996304051484913
0.415960607584566 0.996803184971213
0.399894800502807 0.98591822758317
0.386561400257051 0.958966037258506
0.374230121262372 0.951221466064453
0.343432864174247 0.94703787798062
0.356637454591691 0.957112232688814
0.337015863507986 0.969469987787306
0.36743947584182 0.995261091738939
0.349773245863616 0.994993470143527
0.307043623179197 0.982040190603584
0.302533657290041 0.961764436215162
0.147002144251019 0.997810529079288
0.123759164940566 0.992675045505166
0.0888714347966015 0.985641121398658
0.0509546916000545 0.979009070899338
0.0491323289461434 0.940422800835222
0.0223099230788648 0.948211258742958
0.0685864202678204 0.90409301314503
0.0110378796234727 0.911691661458462
0.0103967590257525 0.891543985810131
0.0317619009874761 0.815016135107726
0.0386127610690892 0.787374079693109
0.0165144982747734 0.800367448013276
9.74289141595364e-05 0.875841950066388
0.00499310716986656 0.802743733394891
0.0163476737216115 0.792790591251105
0.00018248101696372 0.757956398185343
0.0232994924299419 0.771840177010745
0.110767372883856 0.7310058218427
0.155260384082794 0.780188785865903
0.0998524404130876 0.783600149676204
0.093743700068444 0.795037896372378
0.0851268288679421 0.79954846482724
0.0187942464835942 0.882121618371457
0.0336553030647337 0.901299581862986
0.0604422651231289 0.887944428715855
0.0745772710070014 0.859363903757185
0.0869489456526935 0.825459808576852
0.119673613924533 0.782758007757366
0.129020049702376 0.783201036974788
0.136566870380193 0.801944468170404
0.131056206766516 0.811232692562044
0.167662246152759 0.804500324651599
0.177184856496751 0.805411150213331
0.159163515083492 0.823562208097428
0.114158926997334 0.853116664569825
0.125202291179448 0.852698201313615
0.163126400206238 0.830581348855048
0.150308173615485 0.855927269440144
0.181555763818324 0.839657572098076
0.186408086679876 0.840057892724872
0.225891725160182 0.81187200313434
0.148056424222887 0.894914963282645
0.0883454540744424 0.889503329060972
0.076600004453212 0.933696981519461
0.131709524430335 0.945389344822615
0.0671856268309057 0.948745500762016
0.123379402328283 0.97017265856266
0.132378351408988 0.979924221057445
0.194958720821887 0.982436145655811
0.27342213736847 0.955805172678083
0.26029109582305 0.956212492194027
0.134323301259428 0.976615701802075
0.154136315453798 0.943973056040704
0.22275062603876 0.870681032072753
0.234321936033666 0.848948671016842
0.201935284305364 0.851195919327438
0.197098809294403 0.851647822186351
0.220135456416756 0.825666604097933
0.276645326521248 0.795795220881701
0.259079826530069 0.782281011343002
0.191757981199771 0.755464788060635
0.227343154605478 0.748586540576071
0.187780241947621 0.742389489430934
0.278583796694875 0.753607016522437
0.288461592979729 0.740045639686286
0.307151195127517 0.725661582779139
0.347077244427055 0.674681182950735
0.320299161598086 0.667311809025705
0.385542278178036 0.655231395270675
0.439151986502111 0.657507024239749
0.456556129734963 0.646666536107659
0.443718062713742 0.675825398415327
0.471174611710012 0.640221333596855
0.483538085129112 0.635494522750378
0.502429783344269 0.62827983032912
0.509226916357875 0.631504875607789
0.47598068183288 0.6115443976596
0.463882352691144 0.618185731582344
0.453970187809318 0.586288587655872
0.431617466267198 0.581629477441311
0.424024655949324 0.596758021973073
0.413022999186069 0.592633792664856
0.397487080655992 0.571888871956617
0.417863013688475 0.542422982398421
0.536540463101119 0.549323346000165
0.537844153121114 0.528206607326865
0.568921202793717 0.518906943965703
0.584276063833386 0.530637680087239
0.534242815338075 0.590088220313191
0.548907106276602 0.586183174978942
0.576081837061793 0.548926640767604
0.594324931968004 0.567584435921162
0.531277831178159 0.622631624806672
0.512093642726541 0.644494708627462
0.465478673111647 0.691566195804626
0.519153227098286 0.678214770741761
0.496841384097934 0.708271369803697
0.515168635640293 0.693879710044712
0.515921056270599 0.717455031815916
0.508145631290972 0.72440693480894
0.471631060820073 0.712902343831956
0.433565594721586 0.721559070982039
0.445351430214942 0.746709565166384
0.406763699371368 0.732148740440607
0.4295987887308 0.715222982689738
0.387843907810748 0.670873346272856
0.365439107175916 0.698593997396529
0.307318520732224 0.751043563708663
0.334067195653915 0.727788175921887
0.365626868326217 0.74995673680678
0.369955704547465 0.763585226610303
0.328781494405121 0.780633341055363
0.313932770863175 0.800294199958444
0.261210729368031 0.869984539225698
0.288324217777699 0.843954073265195
0.299182776827365 0.829674960579723
0.334794687572867 0.790150767192245
0.325621411204338 0.820531924255192
0.287851566448808 0.853033756371588
0.340347892139107 0.809580978471786
0.403544662054628 0.836296923458576
0.398364593274891 0.827973886858672
0.423870395403355 0.801769602112472
0.458165772724897 0.782578997313976
0.499142589978874 0.746935380622745
0.535332392435521 0.712948551867157
0.536792318802327 0.704822783824056
0.547473757527769 0.700098500587046
0.592758240643889 0.6799570270814
0.534106547012925 0.737904785666615
0.547975706867874 0.737072887830436
0.525037536397576 0.754760828334838
0.50507638650015 0.767406785860658
0.500245923642069 0.775231616105884
0.521637473721057 0.774929919745773
0.528820923995227 0.788635578006506
0.561189429368824 0.743405002169311
0.589183611795306 0.740024205762893
0.56150512676686 0.772103678435087
0.560106967110187 0.782118121162057
0.508513659238815 0.805057461373508
0.495544143486768 0.81275336490944
0.511773620732129 0.828672732692212
0.530939739197493 0.828702858649194
0.588751889765263 0.784620461985469
0.585689179133624 0.769631888251752
0.599675695877522 0.822061534505337
0.659703319426626 0.81498139211908
0.572511523030698 0.841012055054307
0.545091851614416 0.833722130395472
0.616764340549707 0.861490862444043
0.608936825301498 0.872351676225662
0.599308332893997 0.877264210954309
0.585944770369679 0.89479990163818
0.578656112309545 0.936078981030732
0.622624750249088 0.870574202388525
0.607777994591743 0.835466763004661
0.676576614379883 0.846778304316103
0.686080166138709 0.84690165380016
0.67750786896795 0.87892449228093
0.651844955049455 0.920473675709218
0.639496352523565 0.921029975637794
0.635884179268032 0.925172416027635
0.638067909516394 0.915879885666072
0.63406707206741 0.896459765732288
0.622759964782745 0.896637400612235
0.607450861018151 0.922684756107628
0.602330449037254 0.939807695802301
0.607885675504804 0.947809554636478
0.646252485457808 0.953615641687065
0.679837580770254 0.900038722436875
0.684119024779648 0.874406363349408
0.690227447543293 0.855151840485632
0.732958071865141 0.741714978124946
0.750458258204162 0.688256193883717
0.750792209524661 0.60627161944285
0.7073148265481 0.76412507193163
0.702421804890037 0.728024164680392
0.69120732229203 0.768394464626908
0.689759561792016 0.805746671743691
0.682168087456375 0.802733595483005
0.595174204558134 0.756749156396836
0.598598123528063 0.739262296818197
0.605571435764432 0.73343207128346
0.653945344034582 0.713195324409753
0.662271826528013 0.714790532831103
0.694117277860641 0.723981883376837
0.741732695139945 0.603535069152713
0.732693433761597 0.617234919220209
0.730079030618072 0.581950872670859
0.701917161699384 0.564116081222892
0.69311458338052 0.684050865471363
0.688835297245532 0.679853610228747
0.656997125130147 0.672363785095513
0.598858924116939 0.650855100248009
0.65690614329651 0.651042197830975
0.668216360267252 0.605348689481616
0.653238795232028 0.567753712181002
0.671071840915829 0.54069408075884
0.660457281395793 0.534681203309447
0.657474344130605 0.522748084273189
0.693173454608768 0.53854886488989
0.714244343806058 0.490583649836481
0.728551690932363 0.462439958937466
0.727792943827808 0.545535936020315
0.751342579722404 0.501429032534361
0.76279418868944 0.414631857071072
0.77888236567378 0.382619605399668
0.775993356015533 0.37249720422551
0.784047440625727 0.356370001565665
0.776612205896527 0.316774600651115
0.74528188072145 0.331874610856175
0.707785379141569 0.343598654028028
0.738954350817949 0.387735747732222
0.739776900503784 0.390280636493117
0.742454356979579 0.408275112509727
0.739044268615544 0.42442488251254
0.740211943164468 0.413006111979485
0.728468908462673 0.39478412270546
0.71439596125856 0.39815576793626
0.688128960784525 0.370799398515373
0.670567765831947 0.342799347359687
0.687989635393023 0.352080328390002
0.695581501349807 0.354469019453973
0.738023449201137 0.290758222807199
0.748913682065904 0.301641236059368
0.75944552756846 0.302763211540878
0.776027848478407 0.308158576954156
0.778729045297951 0.29082055715844
0.737765019293875 0.270792220719159
0.71083016321063 0.26439047511667
0.685440748464316 0.236894715577364
0.664173988625407 0.233043196611106
0.659321642946452 0.231362756807357
0.673940758220851 0.222242256626487
0.7879130654037 0.253862433135509
0.815496572293341 0.260637392755598
0.841281361412257 0.250300127081573
0.848845893982798 0.208817476406693
0.8222018443048 0.239181872457266
0.827788745053113 0.203545418567955
0.820336966309696 0.211367016192526
0.801730742212385 0.22609420819208
0.779422735795379 0.208030730951577
0.706690814346075 0.217793157789856
0.688576619140804 0.218449310399592
0.674557476304471 0.215736705809832
0.739627633243799 0.206055470742285
0.786527704913169 0.180216290522367
0.803204071242362 0.15201131394133
0.791100445669144 0.165556310676038
0.76047659991309 0.15240434743464
0.762911036610603 0.134145649615675
0.737085485830903 0.1489612092264
0.720014381688088 0.153639750555158
0.710510695818812 0.139756449963897
0.737802008632571 0.119470878504217
0.772793215233833 0.122124619781971
0.76846894947812 0.10208173841238
0.726490457542241 0.101016480010003
0.748672121670097 0.0818023723550141
0.711187108419836 0.0867034127004445
0.782381863333285 0.0686892881058156
0.809526323806494 0.0987578900530934
0.795604809187353 0.094348524697125
0.825285288039595 0.131679844576865
0.840322965756059 0.129379954654723
0.835247703827918 0.0974915865808725
0.841360400896519 0.0505476542748511
0.873271188233048 0.0241746725514531
0.834264427423477 0.0146333472803235
0.791661239694804 0.048255652654916
0.748384404461831 0.0469702277332544
0.720297536347061 0.0586869069375098
0.690076137892902 0.0239432635717094
0.604965595528483 0.0364289842545986
0.538623272441328 0.0262912050820887
0.538233568891883 0.0249249096959829
0.576116137206554 0.0224747927859426
0.662664829287678 0.0169819719158113
0.611613321583718 0.00664122682064772
0.599436083808541 0.00615492882207036
0.324094150681049 0.0209175641648471
0.443273802287877 0.0227059810422361
0.585621419362724 0.0338836922310293
0.565851644147187 0.0337629965506494
0.502204013057053 0.0283722137100995
0.469678834080696 0.0253068306483328
0.50500837340951 0.0422609741799533
0.590255262330174 0.0809847177006304
0.608569653704762 0.0882298536598682
0.598929538857192 0.0817310740239918
0.667370638344437 0.0716736218892038
0.670177022926509 0.0389348878525198
0.681043414864689 0.0414441204629838
0.697938298806548 0.0596743118949234
0.677947737742215 0.0873282956890762
0.651997424196452 0.106304818764329
0.644656352698803 0.116089089773595
0.542533324565738 0.0739336842671037
0.474994376767427 0.0427946164272726
0.379793141037226 0.0283474838361144
0.299989872612059 0.0259857908822596
0.414713773410767 0.0382512798532844
0.425881141331047 0.0388910896144807
0.436361229512841 0.0507628549821675
0.403819784522057 0.0731290616095066
0.413282563444227 0.0911959037184715
0.471621655393392 0.0730926361866295
0.491064815782011 0.103579544462264
0.472870801109821 0.120496397837996
0.509784555993974 0.105062908958644
0.521964290179312 0.0994708752259612
0.554858608171344 0.149883708450943
0.634845541324466 0.134013156872243
0.626966895069927 0.159329975023866
0.654210574924946 0.116491401568055
0.69253386138007 0.112448518164456
0.699300226289779 0.144570639356971
0.753300512209535 0.17683148663491
0.726295057218522 0.168858144897968
0.712014882359654 0.193542706314474
0.704882638528943 0.184929752256721
0.64680970646441 0.193100003525615
0.653939763549715 0.154845320153981
0.606867637019604 0.186079965904355
0.616248573176563 0.20522825140506
0.592490224167705 0.219610078725964
0.665291423909366 0.244391380809247
0.650163346901536 0.255316860042512
0.690207947976887 0.260291687212884
0.670062550343573 0.325688282493502
0.650846433825791 0.294976061210036
0.634173246566206 0.293985914438963
0.615506044123322 0.291458028834313
0.617165324278176 0.262066135648638
0.587221463676542 0.243155072908849
0.518123585730791 0.216463004704565
0.628013380337507 0.334145767614245
0.625860525295138 0.335593924857676
0.583146797958761 0.302665621507913
0.580085507128388 0.309142285957932
0.571934935636818 0.327249680645764
0.586313491687179 0.386551539879292
0.597904438152909 0.450484120287001
0.587335283402354 0.357028319500387
0.577996234409511 0.335077853873372
0.637223524041474 0.349439110606909
0.647971120662987 0.39187357807532
0.635907667223364 0.341857815627009
0.661299883387983 0.383944922592491
0.663851236924529 0.388730518054217
0.687597856856883 0.414203479886055
0.667251828592271 0.439339485485107
0.657782895490527 0.45159907033667
0.695456614717841 0.432500708848238
0.698296895716339 0.458193841390312
0.667815553490072 0.47845786716789
0.656673139892519 0.482355819549412
0.634285918902606 0.463948888704181
0.652833687607199 0.504978554323316
0.624039552174509 0.562815031036735
0.634008770808578 0.570325788110495
0.614197432529181 0.613198353443295
0.596480503212661 0.620549232233316
0.575325090903789 0.647025680169463
0.569279050454497 0.654127825051546
0.594102601055056 0.606597018428147
0.562027127016336 0.641042818315327
0.555128276348114 0.648774140980095
0.54287782497704 0.642850603442639
0.623709406238049 0.551422431133687
0.602282874751836 0.499632466584444
0.579937641508877 0.502434292342514
0.580379107967019 0.506860702298582
0.545112760271877 0.485717859584838
0.496439636219293 0.498296197038144
0.487945802044123 0.499974608421326
0.468306064605713 0.493064269889146
0.429394740611315 0.510163283441216
0.414151998702437 0.521833878010511
0.344856317620724 0.54265613714233
0.324560744687915 0.537400006316602
0.293154682032764 0.532690295483917
0.253260775003582 0.528174455277622
0.262892347760499 0.54155203467235
0.283415623940527 0.541531227063388
0.23478070506826 0.605178941506892
0.173209272325039 0.644581974949688
0.203073293436319 0.614118206314743
0.198930144309998 0.605029365513474
0.204301442950964 0.605073498096317
0.204816512297839 0.586647902615368
0.0797098111361265 0.69252400053665
0.0558071453124285 0.716852726880461
0.0666908049024642 0.708783006295562
0.0917212832719088 0.68692559748888
0.130958984605968 0.669723673257977
0.171535403467715 0.648172168526798
0.232153447344899 0.621083174366504
0.247120443731546 0.609039025846869
0.236425917595625 0.614523295778781
0.289750288240612 0.584912555292249
0.304607733618468 0.57965782424435
0.342789989896119 0.574878423474729
0.352180967107415 0.597986232955009
0.364098549354821 0.608195691369474
0.362120375502855 0.616740532685071
0.369136992376298 0.628519216086715
0.291508771944791 0.610935422126204
0.232719943393022 0.646821307018399
0.263686791528016 0.648140329867601
0.306769239716232 0.657521684188396
0.305834595579654 0.660951769910753
0.205719855614007 0.676898973528296
0.112666598055512 0.693087376188487
0.097757960204035 0.702906455378979
0.224964084569365 0.678600716404617
0.232082271482795 0.706386905629188
0.22225135192275 0.716574324294925
0.105822043959051 0.721475394442677
0.0464989626780152 0.723477416671813
0.0477261855266988 0.721194247715175
0.0506767253391445 0.698475459590554
0.0801257290877402 0.684313086792827
0.0751887806691229 0.695881328545511
0.169192075263709 0.591564369853586
0.175933224149048 0.564584616571665
0.143577882088721 0.59515943005681
0.158023973461241 0.601839917711914
0.091342625208199 0.677003359887749
0.10129952384159 0.659060132689774
0.0449641323648393 0.590281624812633
0.0418894342146814 0.645334344357252
0.037536246702075 0.597425836604089
0.017162062227726 0.590724421665072
0.0211599254980683 0.575877317227423
0.0170011636801064 0.567106127273291
0.0158552820794284 0.535186680965126
0.0341751812957227 0.569343963637948
0.0529247620142996 0.563848990947008
0.0730304978787899 0.556808820459992
0.0906121297739446 0.565172330476344
0.0875044027343392 0.618431647773832
0.123442204669118 0.620812229812145
0.111741507891566 0.547350086737424
0.128071312326938 0.544377913232893
0.138363836798817 0.54434364894405
0.0788894579745829 0.541596544440836
0.0768578709103167 0.533013398293406
0.110149967018515 0.509205638896674
0.149007034488022 0.490950217936188
0.0615728828124702 0.530535231344402
0.0816154582425952 0.490654704160988
0.0472008027136326 0.490179931279272
0.0628390572965145 0.484139169566333
0.0762314186431468 0.473199144937098
0.143363264854997 0.472835858352482
0.145046437624842 0.455792576540262
0.20549241732806 0.506301124580204
0.198380406014621 0.472217832226306
0.156570356339216 0.425788478925824
0.183571683708578 0.432626833207905
0.232875020708889 0.428322008345276
0.262464209925383 0.431511197704822
0.25759858591482 0.428354288917035
0.263028474990278 0.428462930489331
0.275813301093876 0.468960996251553
0.320506456308067 0.509443392511457
0.354340424295515 0.496683075092733
0.359692646190524 0.498905398417264
0.359324668999761 0.514784540981054
0.433544049505144 0.460906169377267
0.354048253502697 0.488971292972565
0.390916075091809 0.472311906516552
0.381264394149184 0.457963885273784
0.380175495054573 0.473827932029963
0.347716231364757 0.475659136660397
0.303119831252843 0.389919173903763
0.251165983267128 0.405220504384488
0.304226928856224 0.405784979462624
0.247609904501587 0.418871772009879
0.215398585423827 0.416996194515377
0.173548467457294 0.419651329983026
0.157314362004399 0.417406949680299
0.154809705913067 0.413349706213921
0.14231460634619 0.397687970660627
0.120737446472049 0.377541947644204
0.110281898640096 0.367960772011429
0.127423103433102 0.3429731791839
0.105068424250931 0.360739954281598
0.0532006481662393 0.366002067923546
0.0484962686896324 0.379455127287656
0.135333773680031 0.407827569637448
0.142892234493047 0.432144093327224
0.111346610821784 0.433017897885293
0.133286000229418 0.427048954647034
0.119593758601695 0.414554027374834
0.105806008912623 0.406268178485334
0.063820734154433 0.392729106359184
0.0982543453574181 0.442695229779929
0.0111336689442396 0.375127445906401
0.0155505896545947 0.384461209177971
0.0466982047073543 0.431919286958873
0.0273524550721049 0.50142631912604
0.0182227091863751 0.515100684948266
0.0139773082919419 0.47842047829181
0.0285549690015614 0.447218771092594
0.0228354837745428 0.426878938917071
0.00243672821670771 0.356479108799249
0.00657880213111639 0.251586679834872
0.0339057454839349 0.23634783225134
0.0354931326583028 0.194666355382651
0.0521550113335252 0.181196815799922
0.0185671895742416 0.171741117257625
0.0353993540629745 0.129926161374897
0.0267057470045984 0.0956612075679004
0.0114754596725106 0.0632888013496995
0.0158578734844923 0.0465000839903951
0.0414123679511249 0.0810222984291613
0.0426869266666472 0.0901991766877472
0.0642594010569155 0.136294369120151
0.145616206340492 0.13376063015312
0.167683187872171 0.116756416391581
0.0515570873394608 0.0929668666794896
0.0917732575908303 0.0898877293802798
0.0679134000092745 0.0609153313562274
0.143748100847006 0.106585843954235
0.127829547971487 0.0885324482806027
0.154845513403416 0.102620335761458
0.18083340395242 0.109312505926937
0.206441080197692 0.148274511098862
0.160393707919866 0.13269896665588
0.153737819753587 0.135377469472587
0.159734101500362 0.142856940161437
0.158947759773582 0.160622127354145
0.154480389785022 0.161311954725534
0.197045003529638 0.197347030974925
0.174108143895864 0.213314111344516
0.120466409251094 0.214838078711182
0.124117442872375 0.229310552589595
0.0685921269468963 0.241248123347759
0.0906535610556602 0.288647186476737
0.0477464464493096 0.296148541849107
0.0268929577432573 0.251514717005193
0.0189313124865294 0.351762819103897
0.146392338909209 0.286320259794593
0.0884993891231716 0.26989295007661
0.11015700828284 0.251418721862137
0.212034090887755 0.205377844627947
0.188645619433373 0.163525906391442
0.206700442824513 0.166587935294956
0.231778415385634 0.171559210401028
0.236576270777732 0.19213138287887
0.243074107449502 0.176297614350915
0.202896307688206 0.121682279743254
0.152695920318365 0.0921903774142265
0.168309694156051 0.0932689146138728
0.231121067423373 0.0860545826144516
0.271007646340877 0.113870881032199
0.295945666730404 0.106092854402959
0.238802941516042 0.0639630393125117
0.270861398428679 0.065234774723649
0.339348015375435 0.117732722777873
0.345055991783738 0.0952371316961944
0.350829805247486 0.136696043424308
0.250254821032286 0.123747964389622
0.266907773911953 0.131219726521522
0.288771315012127 0.13600459927693
0.334335615858436 0.149785251822323
0.304425428621471 0.15929952217266
0.243309733923525 0.138309361413121
0.256865036208183 0.204799027182162
0.263145978562534 0.222072917502373
0.275498995091766 0.221517125610262
0.299878575373441 0.221464450471103
0.280672670342028 0.24116842681542
0.32828835491091 0.252300561405718
0.35793719580397 0.257807342335582
0.373636457137764 0.241279664449394
0.36944686435163 0.220036940183491
0.334387135691941 0.222280502319336
0.342978853266686 0.204030478838831
0.37006150232628 0.203818085603416
0.383416635915637 0.214761076495051
0.438153402414173 0.215108659584075
0.425892767962068 0.218076203018427
0.459685431327671 0.227822110056877
0.471151723060757 0.252504449803382
0.469745677430183 0.226598541252315
0.505288051906973 0.254122986923903
0.505883027333766 0.256856410764158
0.504825763870031 0.259990589227527
0.481117497663945 0.257244456093758
0.474891506601125 0.252787927631289
0.44911296851933 0.296778615098447
0.424672598019242 0.308098775334656
0.44161156238988 0.278609371744096
0.389714844059199 0.300355456303805
0.390662278980017 0.301904416643083
0.376420614309609 0.306437155231833
0.405468047596514 0.346514387521893
0.339455539360642 0.308890692424029
0.324063597712666 0.27010458894074
0.304064759518951 0.269449934829026
0.263507138937712 0.238350580912083
0.258717817720026 0.244524756446481
0.249912765808403 0.247831084765494
0.277393151074648 0.271383681334555
0.299662055913359 0.276670139282942
0.332885019481182 0.32033412437886
0.395427071023732 0.37208750564605
0.418116275686771 0.394977618940175
0.353941413108259 0.344043840654194
0.392314042430371 0.38246128289029
0.42663992755115 0.417207464110106
0.413265992421657 0.434315912425518
0.409705168567598 0.436769615858793
0.375377296004444 0.414769934490323
0.37030574772507 0.394529248587787
0.359624408651143 0.366928793489933
0.321844702586532 0.310818131547421
0.283625424373895 0.282022036612034
0.285972550045699 0.307092925999314
0.306892808992416 0.319298647344112
0.331598814111203 0.336659098044038
0.301183141767979 0.336313994601369
0.304881234653294 0.350782823283225
0.254733650479466 0.318046008702368
0.224919200409204 0.30104631697759
0.219426342751831 0.286587758921087
0.168503525201231 0.282149610109627
0.187828190159053 0.294992330949754
0.191147543489933 0.290859594009817
0.253927922341973 0.380712440237403
0.231769036035985 0.376579657196999
0.236589088570327 0.365656719077379
0.158815958537161 0.27996842795983
0.182243330404162 0.277038752567023
0.186752667184919 0.272720499429852
0.188836886547506 0.28161100205034
0.22183522162959 0.285094645805657
0.194664023816586 0.253886271268129
0.186749287415296 0.234315057750791
0.171269599813968 0.231803072150797
0.16934636188671 0.238615828100592
0.147726527880877 0.237649197690189
0.126345657743514 0.247763928957283
0.125675082672387 0.248630328569561
0.156152835581452 0.289322969969362
0.205912767909467 0.342165540438145
0.211041928268969 0.360800587572157
0.201378531754017 0.363207073416561
0.201983659528196 0.370026154443622
