256
0.495371124241501 0.854128394741565
0.356642129831016 0.877485373057425
0.441189518198371 0.895922613795847
0.360596578102559 0.93173452001065
0.215221716091037 0.956936044618487
0.388304011430591 0.965439615771174
0.324883835855871 0.99370593810454
0.250677640084177 0.990227403584868
0.144459284376353 0.997356386389583
0.186306462623179 0.865990048274398
0.15164568182081 0.938503529410809
0.00901775667443871 0.999339365400374
0.115937035996467 0.889338959008455
0.130331750027835 0.868341279216111
0.128104086499661 0.86049200873822
0.159969103056937 0.856368718203157
0.223788509145379 0.740374142769724
0.215726824011654 0.752028924413025
0.0927355238236487 0.835364023689181
0.148255845531821 0.694170147180557
0.172292062547058 0.664449563249946
0.210491102188826 0.690858078654855
0.216549637727439 0.667744374834001
0.254604004789144 0.590788808185607
0.24389188317582 0.576609047595412
0.261992276646197 0.570753183215857
0.294661158230156 0.57871282286942
0.324162996839732 0.649508507922292
0.242474218830466 0.732603880111128
0.246535156387836 0.745239194948226
0.241890776902437 0.8011988485232
0.308596938848495 0.769114619120955
0.409204907249659 0.70768308499828
0.420662210788578 0.688213561661541
0.405266832560301 0.679665794130415
0.358103285077959 0.659101626835763
0.382954633329064 0.614433023147285
0.356324499472976 0.600618924479932
0.347478694748133 0.574481620918959
0.230562680400908 0.539544623345137
0.267620956990868 0.527485161554068
0.331889062188566 0.488708675373346
0.32462467206642 0.516743082553148
0.404990281444043 0.509718084707856
0.417181761469692 0.486207371577621
0.416823164094239 0.465701826382428
0.407886320259422 0.441952646244317
0.501156775280833 0.538662470877171
0.464173750020564 0.499080658890307
0.418369948863983 0.371746923774481
0.411625277716666 0.337551935110241
0.235215545166284 0.494663896970451
0.106889426708221 0.536918847821653
0.324290864169598 0.371221476234496
0.339874679688364 0.360463571269065
0.388621005229652 0.327516044955701
0.446030718740076 0.308972657192498
0.481948877219111 0.290303223300725
0.432669903617352 0.255552913062274
0.412472489289939 0.236375484615564
0.56956519279629 0.214209616184235
0.401126618497074 0.188788156025112
0.479720273520797 0.10058613633737
0.385821203701198 0.0627499977126718
0.316417177673429 0.0995383528061211
0.266067965887487 0.124763132072985
0.312159018125385 0.217431686352938
0.222081924322993 0.142834909725934
0.123679793905467 0.130513121839613
0.0900390557944775 0.156325164251029
0.0834010411053896 0.162550500128418
0.0935139046050608 0.194472386036068
0.159483409952372 0.193662891164422
0.205228115897626 0.178326241206378
0.232231156900525 0.216980612371117
0.14585049636662 0.209234480280429
0.0862182276323438 0.256125614978373
0.13583237119019 0.279914566315711
0.185521975625306 0.263424569740891
0.186144542414695 0.256378145888448
0.225052089896053 0.262294128071517
0.409006574191153 0.277320870198309
0.30649677477777 0.28802289487794
0.309725005645305 0.310092179104686
0.0945864045061171 0.396657892037183
0.103654596954584 0.469247727654874
0.0499002356082201 0.49747926229611
0.0804999675601721 0.547729970887303
0.0767414998263121 0.500048616435379
0.113860857672989 0.549477693624794
0.0893275998532772 0.560170201584697
0.213314190506935 0.545585903339088
0.115595236420631 0.649274874478579
0.0236763572320342 0.75911924475804
0.0139039270579815 0.668522738385946
0.0463765412569046 0.643626969773322
0.0403881282545626 0.574834791012108
0.0239221067167819 0.428447785787284
0.0572869144380093 0.451768697239459
0.0640834216028452 0.392837351188064
0.0116246216930449 0.30317895160988
0.0452705048955977 0.293093373067677
0.0475839264690876 0.294123871717602
0.0682014022022486 0.35044683329761
0.08517104992643 0.255893749650568
0.00916789565235376 0.242018686141819
0.000940536614507437 0.147741104476154
0.135975650511682 0.0901093469001353
0.191295450553298 0.00438577635213733
0.177582832053304 0.0951707405038178
0.154710391536355 0.0853630625642836
0.132061701733619 0.112598635721952
0.13196237757802 0.112654988653958
0.262484032660723 0.08747444069013
0.195716818328947 0.00833238894119859
0.31970699550584 0.0596934268251061
0.320881486870348 0.0534535199403763
0.346487492788583 0.0664865518920124
0.372734621632844 0.0515761217102408
0.42810218129307 0.0110692386515439
0.546057814732194 0.00103000784292817
0.510449020657688 0.0821443106979132
0.511246419511735 0.119262511376292
0.528458249289542 0.12925211340189
0.649479004088789 0.101056973449886
0.610600752756 0.0696806567721069
0.613668084610254 0.0154619575478137
0.713847959879786 0.100133278872818
0.788775053806603 0.153651993721724
0.644380048848689 0.215456557925791
0.767852765973657 0.220518768765032
0.772879083175212 0.181817289907485
0.771968641318381 0.221444957423955
0.708463324699551 0.245135943870991
0.684323746245354 0.231491476297379
0.633518747985363 0.266164121218026
0.6120724552311 0.322120192926377
0.503445043228567 0.297806627582759
0.486732117831707 0.351080171298236
0.513217913918197 0.374040596187115
0.472766459919512 0.431180290877819
0.655431806575507 0.320367630105466
0.707830932457 0.285703489091247
0.724560886155814 0.33492673188448
0.597162025049329 0.401366258505732
0.580777398776263 0.39951211027801
0.593143687583506 0.406966229435056
0.632934714667499 0.410660283174366
0.650186310522258 0.445706647355109
0.721547732595354 0.39289015205577
0.7445785603486 0.372976476792246
0.790572635363787 0.29397905478254
0.826406924054027 0.329207383561879
0.850088608916849 0.137537214905024
0.780901502817869 0.0887539749965072
0.674456072971225 0.0116940434090793
0.774457069579512 0.0126998662017286
0.9439183534123 0.00939499074593186
0.973260800354183 0.0446356944739819
0.974777880124748 0.0361294806934893
0.971493364777416 0.493329191114753
0.99871491920203 0.436818522866815
0.981264874339104 0.884529989212751
0.980996267870069 0.939348600804806
0.951539459172636 0.976879097986966
0.841337450779974 0.977289390750229
0.697641361970454 0.955198308452964
0.703639057930559 0.940255846362561
0.726201575715095 0.934119746088982
0.622942683752626 0.833263859618455
0.644173544365913 0.883603777270764
0.668627883307636 0.914190999697894
0.665359932929277 0.94718749448657
0.573681812267751 0.91060293558985
0.56473853578791 0.973844030871987
0.520109242293984 0.957109223119915
0.499160167295486 0.958954660221934
0.492190779186785 0.96070379158482
0.465636228676885 0.972230792511255
0.458588920533657 0.971067797392607
0.526767084840685 0.928526742849499
0.525615348014981 0.83061812305823
0.548298541922122 0.780212420038879
0.595344173256308 0.764949014410377
0.699044779874384 0.781883755233139
0.768880777992308 0.893408984877169
0.78891135705635 0.892560571897775
0.818079313728958 0.858570837881416
0.837098870892078 0.839826521929353
0.847635128069669 0.932756052818149
0.891293560620397 0.938551920931786
0.900210016872734 0.815354865510017
0.850858782418072 0.729340779595077
0.806468482594937 0.688827200327069
0.844072196632624 0.570926109794527
0.858003561850637 0.694160806015134
0.873040073551238 0.74193555675447
0.895474002230912 0.739346130751073
0.908140324056149 0.632939937990159
0.942792478948832 0.499634260311723
0.909761522896588 0.590958396904171
0.882320553995669 0.455209678038955
0.88142210803926 0.393149315845221
0.921274179127067 0.373935273382813
0.930483249947429 0.214582196436822
0.943032117094845 0.475936545990407
0.943640406709164 0.657977967523038
0.943090363871306 0.808897357434034
0.943632379639894 0.89875303208828
0.969499199651182 0.871560928411782
0.944827961269766 0.787677010986954
0.962409165687859 0.622707768343389
0.96310452464968 0.415798577014357
0.945373612921685 0.340822232421488
0.962241228669882 0.363796786405146
0.946000862400979 0.20936155738309
0.907116837333888 0.217865329701453
0.936539005022496 0.0809739897958934
0.92000247631222 0.0642855558544397
0.902423178311437 0.0332459532655776
0.842962417751551 0.0825746059417725
0.886009326204658 0.161509675905108
0.877105932682753 0.250137181486934
0.846914423629642 0.352096938062459
0.885714128613472 0.320195018779486
0.848918875679374 0.457303839735687
0.779526391066611 0.532002622727305
0.723486451432109 0.559801683761179
0.774137204047292 0.514417866710573
0.78964832983911 0.355234468821436
0.773432684596628 0.386761740781367
0.653041096404195 0.5057258810848
0.587203481700271 0.531692808959633
0.640937957912683 0.54417435452342
0.641983508132398 0.612867617979646
0.783716101199389 0.668314413167536
0.747558488510549 0.802390140946954
0.729371155612171 0.731907673180103
0.687631380278617 0.703811747953296
0.717029228806496 0.69400179432705
0.57969249971211 0.586048812605441
0.549743468407542 0.593276674393564
0.515447874553502 0.629820378497243
0.519593635573983 0.623945456463844
0.588060428854078 0.519616916310042
0.627173363696784 0.4347461797297
0.51605425355956 0.60496196616441
0.474992246832699 0.685383229050785
0.412211976479739 0.595175943803042
0.442314111627638 0.71888413047418
0.386738175991923 0.795340722892433
0.334938917774707 0.870626510120928
0.391009300015867 0.793236305005848
0.461920970585197 0.715678207576275
0.564344471786171 0.75376417208463
0.516877056099474 0.749127850867808
