512
0.145951863378286 0.527318310458213
0.240991158876568 0.525883383583277
0.161301608663052 0.505555491894484
0.18598107341677 0.501533378381282
0.3218301278539 0.428406266495585
0.340981072280556 0.423505311831832
0.343542060349137 0.38549226988107
0.333857854828238 0.385143933352083
0.345344678498805 0.363737356383353
0.370123452506959 0.450109722092748
0.357614915352315 0.465195803903043
0.451905231457204 0.459015951957554
0.479062425438315 0.442905169446021
0.516042924951762 0.490113757550716
0.535834548529238 0.464885916095227
0.547488941345364 0.395209755282849
0.56881595030427 0.516970090568066
0.526307872496545 0.52498944895342
0.566088686697185 0.523738880176097
0.549344094935805 0.575629779137671
0.570976303890347 0.554812415037304
0.578114650212228 0.581521624699235
0.589780181180686 0.575134217273444
0.566027482971549 0.545929937623441
0.609533707611263 0.462897090706974
0.660360296722502 0.407350876368582
0.669104299508035 0.432422276120633
0.642993793357164 0.491284419316798
0.605000780429691 0.532782474532723
0.607322536874563 0.56491313688457
0.66416768822819 0.485741422511637
0.647481727879494 0.545065885875374
0.665879460051656 0.600558936595917
0.568423519376665 0.679491691756994
0.547814324963838 0.708996729459614
0.575655368622392 0.688884945120662
0.611709582153708 0.64962337911129
0.60684528015554 0.663403248880059
0.609252366703004 0.682684212457389
0.619482500012964 0.684404590632766
0.638332005124539 0.640628337394446
0.63321995222941 0.658706929069012
0.655507132876664 0.621544083580375
0.717430009040982 0.559985772706568
0.716789443511516 0.530284413136542
0.712009914685041 0.471751956734806
0.707353345584124 0.44741602241993
0.677104009781033 0.318958000745624
0.697423825506121 0.29000286385417
0.723743091337383 0.284709170926362
0.734849458560348 0.316392214968801
0.710147804114968 0.339849055279046
0.734426537062973 0.408955418970436
0.730596688110381 0.439883240032941
0.792433777824044 0.391458844300359
0.755687220487744 0.462199511472136
0.801359931007028 0.39278565812856
0.779970887582749 0.33219987154007
0.800901546142995 0.269459293223917
0.767669225111604 0.264477883465588
0.856834381818771 0.173639550805092
0.861574257723987 0.206706063821912
0.875407844781876 0.192223029211164
0.882410432677716 0.186931101139635
0.899784844368696 0.163118277676404
0.891765714623034 0.069544916972518
0.884372160304338 0.104677607771009
0.892297166399658 0.10746153164655
0.827478747349232 0.136473446618766
0.829367958474904 0.153488744981587
0.830627221614122 0.179246915969998
0.820329075213522 0.18928967602551
0.778973233886063 0.161538157612085
0.794288237579167 0.0971843125298619
0.80623233364895 0.0719936769455671
0.815167161636055 0.0752477794885635
0.838426789734513 0.0924589275382459
0.850334350019693 0.0630114828236401
0.855750106275082 0.0594853400252759
0.90032318700105 0.061194515787065
0.880591621156782 0.0475861695595086
0.845347171649337 0.0412697228603065
0.754115113988519 0.0398460081778467
0.748877268284559 0.0830718632787466
0.680791459977627 0.0894541731104255
0.75297683570534 0.236560970544815
0.756710062734783 0.243585180491209
0.749033418018371 0.257964951917529
0.734193548094481 0.202761367429048
0.722471692133695 0.203737083822489
0.677355227991939 0.139804976526648
0.672999588772655 0.0852260794490576
0.62667910149321 0.0337053751572967
0.598025356419384 0.0171720334328711
0.611931196413934 0.0353015926666558
0.586910434067249 0.0267465687356889
0.494209344498813 0.028033175971359
0.488277710508555 0.0106751206330955
0.745515461545438 0.00225001620128751
0.847353995312005 0.00978164793923497
0.892754028085619 0.0166365751065314
0.918274744879454 0.0349701433442533
0.929974322672933 0.0612538559362292
0.926148422528058 0.0138676301576197
0.973150860052556 0.108903260435909
0.972951999399811 0.127134116832167
0.938972949050367 0.0664354721084237
0.924159131012857 0.0793119394220412
0.927629733923823 0.165514902677387
0.91146206157282 0.247739345300943
0.918130526319146 0.201708391774446
0.87910283356905 0.26277976995334
0.890634294599295 0.283470711205155
0.871154930908233 0.326753248460591
0.861045176163316 0.287099901586771
0.840743819251657 0.29099666280672
0.828053199220449 0.292748907580972
0.844931436236948 0.313911741133779
0.799877315759659 0.327148068230599
0.842768012080342 0.362795969471335
0.811956007964909 0.421681203879416
0.762804318685085 0.509490630123764
0.825487244408578 0.489255712833256
0.790781751275063 0.474988488014787
0.835741125978529 0.432874711696059
0.885161592625082 0.354243339505047
0.942063423804939 0.281526213046163
0.951490021310747 0.253060823772103
0.962994644418359 0.253089850302786
0.970288259442896 0.193445931188762
0.984163755085319 0.129144958220422
0.967324864584953 0.324155065231025
0.989613647107035 0.366187304724008
0.963307548779994 0.546548891812563
0.949212415143847 0.685615907423198
0.941665314603597 0.733041023369879
0.959942897316068 0.764028324279934
0.966962730512023 0.751571349799633
0.98383261077106 0.762047989759594
0.989166034851223 0.706413389183581
0.998440996278077 0.417159041855484
0.987794334068894 0.624464374966919
0.969952563755214 0.663651627022773
0.995007239747792 0.368026834446937
0.997772166971117 0.310903124976903
0.990789091680199 0.296544842422009
0.980078415479511 0.224211596418172
0.991247351281345 0.102054741233587
0.975413396488875 0.139288628939539
0.977221211884171 0.0862767673097551
0.989619658794254 0.0963549534790218
0.997934378217906 0.00235717603936791
0.999314735177904 0.0958347399719059
0.999456070829183 0.486326579470187
0.996516727376729 0.702573903370649
0.981054941657931 0.829028716310859
0.933994790539145 0.91609480464831
0.958347810897976 0.881248494144529
0.961885299067944 0.899926886428148
0.948425730224699 0.957220834679902
0.952191785443574 0.89636503951624
0.908084402792156 0.966840870678425
0.91215379955247 0.948585439473391
0.925687743350863 0.804488447029144
0.925391694996506 0.785277572926134
0.894688098225743 0.782807243522257
0.926384509541094 0.735065178479999
0.922548077069223 0.727663818281144
0.93327934993431 0.542969164904207
0.95524873631075 0.300423915032297
0.948455115314573 0.341080747544765
0.950330317020416 0.280684168450534
0.93531395168975 0.403575686737895
0.940853453241289 0.340130137745291
0.917920670937747 0.441140906419605
0.912230669055134 0.411373655777425
0.858379419427365 0.53056207112968
0.850982435513288 0.54554887721315
0.808373901993036 0.665781784337014
0.859032881446183 0.603909032419324
0.902203081175685 0.547099554911256
0.902654199395329 0.516668959986418
0.895681693218648 0.479616419412196
0.913258783984929 0.472927620168775
0.912562731653452 0.523315830621868
0.899693387560546 0.5897845053114
0.883839689660817 0.671498204581439
0.888735737185925 0.671656003687531
0.879260793328285 0.870686389971524
0.839486576616764 0.948507653083652
0.833473582286388 0.909929273184389
0.817035429179668 0.813990646507591
0.867215467616916 0.740305969957262
0.84757811576128 0.722213218454272
0.858636937104166 0.69447309197858
0.818992243614048 0.743587836157531
0.814551220275462 0.747474414296448
0.863651506602764 0.660333994776011
0.873058597557247 0.624704373069108
0.858836060855538 0.613272594753653
0.855976189486682 0.619885830208659
0.789141018874943 0.748604193329811
0.779532938729972 0.801581074949354
0.787361820228398 0.81787345232442
0.760835939552635 0.874769610818475
0.783724130131304 0.693766188342124
0.753841788973659 0.795470267534256
0.724905482959002 0.759040177799761
0.744766009971499 0.730837914161384
0.745190436951816 0.718685631174594
0.779799012001604 0.687055207788944
0.877150487154722 0.402085009496659
0.828956339973956 0.494135396089405
0.767579966690391 0.602845924906433
0.739354922436178 0.579921710770577
0.745422013569623 0.661694146692753
0.723710896912962 0.68486653175205
0.64328125724569 0.675541034899652
0.633809788618237 0.764240801334381
0.622517808806151 0.772632867563516
0.583059094380587 0.819775453303009
0.53615912841633 0.894869774114341
0.52066639252007 0.913721467833966
0.514922644011676 0.933204539585859
0.527588743716478 0.973711032886058
0.550306755583733 0.936993052717298
0.562353487592191 0.96320773055777
0.628477232996374 0.951272212900221
0.658242174424231 0.916756320744753
0.604009437374771 0.841773808002472
0.648938519880176 0.814214704092592
0.646759532857686 0.836979270447046
0.685332962311804 0.814513061195612
0.725984754040837 0.808517667464912
0.721339824609458 0.90842667222023
0.682309582829475 0.923046251293272
0.675123993773013 0.851369662676007
0.655477897264063 0.936303677968681
0.721188524272293 0.918308393564075
0.750961369369179 0.895976002793759
0.758755531162024 0.882855749223381
0.820978481322527 0.898257565218955
0.769773295614868 0.913942756596953
0.76375300437212 0.921725150197744
0.780046572908759 0.959799076896161
0.812368797138333 0.963181557599455
0.854158701375127 0.97295345319435
0.721558982506394 0.979358573909849
0.689674165565521 0.986784887965769
0.504613047000021 0.995036357548088
0.493318160995841 0.969411646947265
0.465591276530176 0.964631924871355
0.488343801349401 0.902307495474815
0.530629608314484 0.83460221812129
0.539495321456343 0.787191564682871
0.50917057460174 0.739535921718925
0.525907465722412 0.6265265843831
0.483923132997006 0.695094148162752
0.446210492402315 0.762475761584938
0.473731375765055 0.749840394593775
0.446158936712891 0.778581142891198
0.440521744545549 0.811860218178481
0.413781243376434 0.873097845818847
0.434797063469887 0.948542840778828
0.355536784045398 0.981990117579699
0.284678977448493 0.9702961249277
0.227340305689722 0.956982831470668
0.268613076768816 0.947128847241402
0.323857930954546 0.93363049114123
0.325768369715661 0.957277920562774
0.384820134844631 0.901478678919375
0.339004210196435 0.830748365726322
0.300642744638026 0.862973812036216
0.338064327836037 0.856002886313945
0.242406158242375 0.936474481131881
0.234591937623918 0.944480771198869
0.199010991025716 0.96169144148007
0.274790566414595 0.83515585726127
0.374786122702062 0.822394574061036
0.377351707778871 0.797392148524523
0.396226441953331 0.775572864338756
0.401802324689925 0.795015779789537
0.405740838963538 0.74103029910475
0.390967146959156 0.738762067630887
0.444040379486978 0.717187572270632
0.450446807779372 0.712475571315736
0.500562432222068 0.646757940761745
0.459619508590549 0.697876150719821
0.510413336567581 0.606764694675803
0.512852415442467 0.592343455180526
0.492194733116776 0.560087287798524
0.417727938853204 0.687775443308055
0.40404888568446 0.701327578164637
0.35825222870335 0.752745360601693
0.253063998185098 0.819441135507077
0.275376471690834 0.787075397092849
0.28382746130228 0.761104566976428
0.338359010405838 0.709789457265288
0.31531027238816 0.763903783634305
0.387713820207864 0.708317394834012
0.391844292636961 0.692667261231691
0.430773762986064 0.629927602596581
0.4381193225272 0.625369989313185
0.450920817442238 0.617421433795244
0.439761714078486 0.595234536100179
0.49650564044714 0.52604024624452
0.470257501117885 0.493682921398431
0.408040740061551 0.56493284413591
0.382298214826733 0.529116795398295
0.389541944488883 0.520463067106903
0.40765795763582 0.493624527007341
0.348771232645959 0.478734919335693
0.323040133342147 0.461907710880041
0.251053768675774 0.489987362641841
0.293404351919889 0.487492790911347
0.325870902743191 0.48865965148434
0.336576456669718 0.542813057545573
0.230334528256208 0.579948764294386
0.244852304458618 0.597724967170507
0.169749458320439 0.58861070452258
0.0931820408441126 0.582877089735121
0.143273844849318 0.558173828758299
0.109682182315737 0.560992143582553
0.0496661551296711 0.592361674178392
0.14102798467502 0.637775249779224
0.239438466262072 0.713731824886054
0.236315039917827 0.681796099990606
0.124770157039165 0.62249576067552
0.23737755836919 0.634880826342851
0.30593121657148 0.632198117673397
0.334562089759856 0.646657206118107
0.354233981110156 0.658114068675786
0.295996552333236 0.610406211577356
0.377269231714308 0.561095926444978
0.40045005409047 0.568040628917515
0.409112208988518 0.595695087686181
0.309483285527676 0.725060677621514
0.270480752922595 0.739913784898818
0.0794703322462738 0.888162818271667
0.137533741537482 0.874135878868401
0.12256745249033 0.892274351790547
0.115492816548795 0.903419719543308
0.136351163033396 0.910176452249289
0.184435341041535 0.911878259852529
0.129452631343156 0.97598620550707
0.0572605491615832 0.993016016669571
0.0635516918264329 0.925002478528768
0.0113733466714621 0.92337078647688
0.0408357246778905 0.904830635525286
0.097591953817755 0.859259896911681
0.266907650977373 0.723351551219821
0.20174242137 0.725135763641447
0.202157891355455 0.716273442376405
0.0969658340327442 0.76738560711965
0.113992319442332 0.727923244703561
0.127487372141331 0.705321125220507
0.136770963668823 0.691484006121755
0.142352912109345 0.647224287502468
0.124984364490956 0.638651780318469
0.0361125585623085 0.620149709749967
0.0328575796447694 0.733599620871246
0.0369802424684167 0.796837193425745
0.0737297586165369 0.818592014256865
0.0647457498125732 0.816779505927116
0.0325647536665201 0.850605014711618
0.00586625607684255 0.647691511549056
0.0312866386957467 0.732460403349251
0.00210336176678538 0.614428536500782
0.063481688965112 0.536674990784377
0.0746224825270474 0.514610570389777
0.085081254132092 0.494299281854182
0.042331266682595 0.520383816678077
0.00578789878636599 0.492454637773335
0.000464754179120064 0.439231263007969
0.0245807701721787 0.332126783207059
0.0116732008755207 0.154648611322045
0.0597906014882028 0.266692432109267
0.0530376005917788 0.265874113887548
0.0991564588621259 0.34029580745846
0.0683561167679727 0.380117554683238
0.0674415552057326 0.380578703247011
0.165310330688953 0.426334213931113
0.136915649287403 0.372370211407542
0.131754143629223 0.331132534425706
0.112302491441369 0.301889871247113
0.0962281958200037 0.277464736253023
0.000245930626988411 0.101928030140698
0.0231353766284883 0.00279082031920552
0.0572136272676289 0.0239764638245106
0.0837364071048796 0.0114683178253472
0.0948743182234466 0.0848403456620872
0.0718175014480948 0.0909034246578813
0.0857008704915643 0.111446459777653
0.198465303517878 0.202845121268183
0.0855178106576204 0.159731264226139
0.168936193920672 0.211223779246211
0.189952885266393 0.257706059608608
0.164452809374779 0.288089816924185
0.116780827287585 0.296651612501591
0.195221731439233 0.358810370322317
0.207174934912473 0.31153738219291
0.191052467096597 0.223467445932329
0.237529930192977 0.221218991558999
0.196400751825422 0.172385750804096
0.208843712229282 0.164391475263983
0.219497673213482 0.175106597598642
0.240282759070396 0.185509982984513
0.237416967749596 0.185315403155982
0.267355931457132 0.221312589477748
0.275430430658162 0.226832827087492
0.25043271202594 0.185015508905053
0.286635476630181 0.217757577076554
0.325686810538173 0.177547639701515
0.317920804489404 0.162708150688559
0.355267005041242 0.207761104218662
0.379684690851718 0.224636264145374
0.405880320351571 0.269768714904785
0.42186514288187 0.270016187801957
0.42321209795773 0.295399758499116
0.455305567476898 0.274420615751296
0.453069919254631 0.240219803526998
0.424099049065262 0.239018260501325
0.402601351495832 0.159112094435841
0.32990637794137 0.0654307575896382
0.294330546632409 0.0347302262671292
0.245061642024666 0.022738657426089
0.276210533455014 0.0740658035501838
0.230043693445623 0.0666977977380157
0.213479060679674 0.093514793086797
0.284355697687715 0.136875697411597
0.250001451466233 0.146731068845838
0.22524345992133 0.155375723261386
0.199234890751541 0.142150508239865
0.18147213710472 0.137211447581649
0.149262760765851 0.0725119421258569
0.133032190613449 0.0592106473632157
0.212216821499169 0.210827400442213
0.102022242732346 0.0326862037181854
0.138262043707073 0.00272532040253282
0.182631720788777 0.00325376726686954
0.304738858249038 0.0187820238061249
0.355987583752722 0.0682871080935001
0.389567240141332 0.109378016088158
0.407253781799227 0.150518880691379
0.399354079738259 0.0625375444069505
0.314116900786757 0.001920644659549
0.359755690209568 0.00465125823393464
0.421435273252428 0.0311041604727507
0.458266651257873 0.036721209064126
0.510196595452726 0.0632604584097862
0.525135520845652 0.0843746145255864
0.536748193204403 0.104706143494695
0.519833788275719 0.0468753348104656
0.519340051803738 0.0379619430750608
0.635619705077261 0.0939860348589718
0.645267179235816 0.127130855806172
0.596984480973333 0.117805761750787
0.676456904970109 0.168195387814194
0.683338295202702 0.202010517474264
0.696574345231056 0.233228573109955
0.672196741681546 0.267965911421925
0.608954180032015 0.203985803294927
0.571405740920454 0.179717695340514
0.554479108657688 0.181469962000847
0.514056980609894 0.113852731417865
0.520751672331244 0.145272413734347
0.635340111795813 0.289703830610961
0.644244783557951 0.301235968247056
0.64908808702603 0.30642576655373
0.645943382754922 0.323518353514373
0.639218789990991 0.340917675755918
0.6317850635387 0.333923322148621
0.626997353043407 0.336969193536788
0.617724915035069 0.30772431474179
0.59432507539168 0.329290382564068
0.594559527467936 0.327487412374467
0.598381157498807 0.31373898871243
0.56241466710344 0.260980770923197
0.572522875852883 0.349139220546931
0.559636142570525 0.320195703301579
0.498507351148874 0.29024104680866
0.487832483835518 0.301797909196466
0.452989509794861 0.331737158820033
0.43324551731348 0.356441432610154
0.512953702826053 0.342560070101172
0.50029668584466 0.380789295770228
0.494226850103587 0.40597058692947
0.452569873072207 0.38127244822681
0.441859169863164 0.366869599092752
0.437352846842259 0.378927140496671
0.424145228229463 0.379400468897074
0.431304852478206 0.362748612184078
0.367585171014071 0.314647022634745
0.33337234146893 0.286174484994262
0.267051436938345 0.258989012334496
0.318029582034796 0.294095512013882
0.32724640192464 0.373907502740622
0.27955312281847 0.324881192296743
0.2301753340289 0.356116852723062
0.266740764025599 0.399826920125633
0.273230532184243 0.402558305766433
0.265298285987228 0.419663239270449
0.257665743585676 0.432701588142663
0.245255819521844 0.415722086559981
0.201582090463489 0.423327830154449
0.157786291558295 0.43880920112133
0.0832961411215365 0.467618125025183
0.0844365051016212 0.484546836931258
0.147962339688092 0.45613623643294
0.134907810483128 0.466270160395652
0.0958560332655907 0.497095130383968
0.0965457637794316 0.500026983674616
