16
0.657713988330215 0.4731429903768
0.203293040394783 0.10982198221609
0.79953837255016 0.121048394590616
0.920086514670402 0.217475812882185
0.916276363655925 0.632574095390737
0.741610403638333 0.76699691452086
0.576232719700783 0.843357456848025
0.427351760212332 0.823141743894666
0.0248561995103955 0.762954225763679
0.210964296013117 0.536717318464071
0.404379890300333 0.50724357040599
0.154364365153015 0.171586423180997
0.289615689311177 0.352316088043153
0.581238956656307 0.547892005648464
0.626486615277827 0.511785389389843
0.806005985941738 0.633889185730368
