2048
0.858343275729567 0.498399417381734
0.848545434884727 0.5316745294258
0.843248003162444 0.527155371382833
0.84648083569482 0.501479811500758
0.846338552422822 0.494159653782845
0.835767017211765 0.484591830056161
0.826724757906049 0.47511361213401
0.821253136731684 0.471470655407757
0.834273220505565 0.451637535355985
0.866187362466007 0.433369820471853
0.865004599560052 0.422953803092241
0.887713063973933 0.338214113377035
0.89120582677424 0.314339271280915
0.856025903485715 0.361764885019511
0.843521813862026 0.401996904518455
0.863297359552234 0.383653332479298
0.85785352345556 0.406259718351066
0.813072218094021 0.446167095564306
0.815623417496681 0.439259823411703
0.806456251535565 0.42503474233672
0.831573464442044 0.398326881695539
0.828951439354569 0.387620553839952
0.845240411814302 0.358208451420069
0.851027204655111 0.352363419253379
0.872394481208175 0.329248775728047
0.888984485529363 0.301670124288648
0.880659938324243 0.291318468283862
0.849398393183947 0.267604517284781
0.842537622433156 0.329518679063767
0.818200831767172 0.388653900939971
0.809286815579981 0.412320674397051
0.783244381193072 0.43951720232144
0.797190730459988 0.428078941069543
0.774878789205104 0.480037442408502
0.797308573499322 0.44717875123024
0.816119008697569 0.453882098197937
0.809651889838278 0.459351582918316
0.807346269488335 0.463224457576871
0.794106351677328 0.472668750677258
0.770387249067426 0.494503862690181
0.747095814440399 0.531502496916801
0.767065228428692 0.486565188039094
0.751384778413922 0.486847540363669
0.755074990913272 0.485091626644135
0.765523075591773 0.472610019147396
0.76875604595989 0.459804088342935
0.746716952882707 0.427889311220497
0.745742809958756 0.448400854598731
0.753641508985311 0.469848798587918
0.71878377487883 0.477022120263427
0.707847009878606 0.465150441974401
0.716012605000287 0.461051797028631
0.716814629733562 0.444312186446041
0.721070953644812 0.406250270549208
0.713141653686762 0.402415809687227
0.688698061741889 0.443913308903575
0.695702102035284 0.426494135055691
0.680751763284206 0.439866418018937
0.69603376602754 0.405453530140221
0.700268216896802 0.392323312815279
0.702936818823218 0.373445615172386
0.706742201931775 0.359957966487855
0.705750999506563 0.343515194486827
0.697175311855972 0.33435216685757
0.71079779509455 0.322471618652344
0.694573439657688 0.302714894060045
0.676340290345252 0.282595323864371
0.649819153361022 0.28714695898816
0.608229107223451 0.291309845168144
0.583356303628534 0.309556871186942
0.5617242497392 0.331607789732516
0.641179701779038 0.316520544234663
0.64546652790159 0.320947219152004
0.681501120328903 0.292650836054236
0.684226306620985 0.33155178790912
0.665339059662074 0.354768347926438
0.652624224312603 0.346035211812705
0.634894324000925 0.344191772863269
0.593667702749372 0.386769639793783
0.647670657839626 0.330761670600623
0.677364303730428 0.315280655398965
0.668311654124409 0.312182154506445
0.65652618650347 0.324363572057337
0.652124727610499 0.325853349640965
0.598876691889018 0.336186694912612
0.571344001684338 0.337428248487413
0.577149121556431 0.339316267985851
0.618370271287858 0.350099804345518
0.54016749560833 0.374014056753367
0.519906071480364 0.364426439628005
0.552772749215364 0.329112911131233
0.607932285405695 0.28236193023622
0.621744824573398 0.27768221963197
0.626363787334412 0.272330040112138
0.626439126208425 0.262231384404004
0.632647002581507 0.264829023275524
0.635728017892689 0.256177627015859
0.643963780719787 0.258189090527594
0.655577501747757 0.248557209037244
0.662242790218443 0.247787431348115
0.667021764907986 0.25454902742058
0.719299720134586 0.269460005220026
0.73798572877422 0.282000888139009
0.749707118608057 0.281373966019601
0.757485606707633 0.312872404232621
0.75784212583676 0.319696489721537
0.759388148318976 0.321116429753602
0.7499282322824 0.336875939276069
0.743925087153912 0.311143928673118
0.730626581702381 0.323079217225313
0.727980859111995 0.347777268849313
0.746406492777169 0.373017586767673
0.728934698738158 0.397095030173659
0.748241769149899 0.405080479104072
0.779047373216599 0.410844325087965
0.765292109921575 0.386117496527731
0.761744993273169 0.391391152516007
0.755416384432465 0.384498765692115
0.754752054344863 0.384112418163568
0.755177901592106 0.374867371749133
0.761042560916394 0.336379184387624
0.797538991551846 0.359109787270427
0.815012330189347 0.363445787224919
0.798281180672348 0.389277304988354
0.805994766298681 0.383355106692761
0.813775559421629 0.389275424648076
0.825925242621452 0.285994714125991
0.817338139750063 0.316132178064436
0.7884147525765 0.324194280430675
0.806705718394369 0.30842185812071
0.777069128118455 0.307458838447928
0.764719911850989 0.314790167845786
0.777158442884684 0.30669553251937
0.803072053473443 0.241544824559242
0.795482016634196 0.248156401328743
0.80634902138263 0.23529452085495
0.804068753030151 0.234556096140295
0.771795343142003 0.230409627314657
0.789431415498257 0.248719956725836
0.776316308416426 0.241008025128394
0.749835192225873 0.222343728411943
0.746887238230556 0.228470938745886
0.741865968797356 0.236204503569752
0.676036581397057 0.24144923966378
0.662531834095716 0.24138157768175
0.664287723135203 0.217551841866225
0.689860290382057 0.208561755716801
0.694115141872317 0.204516501165926
0.69449820369482 0.183231136761606
0.647334717679769 0.191077313851565
0.645567848812789 0.21161694964394
0.642530098091811 0.2248320360668
0.660269569139928 0.227970143314451
0.658420071005821 0.241754256654531
0.636473828926682 0.239504095632583
0.611934635322541 0.245052800979465
0.607032143510878 0.255241982638836
0.574157328344882 0.276811256539077
0.593137027695775 0.285905600059777
0.589089031331241 0.290052391588688
0.524454939644784 0.309001529589295
0.530691550578922 0.277857294306159
0.507045609410852 0.330273425206542
0.517319935373962 0.326295550912619
0.499802986159921 0.358299095649272
0.494153454899788 0.346294369548559
0.49155738344416 0.343081337399781
0.405478485394269 0.313057539053261
0.394406676292419 0.311451682355255
0.432768797501922 0.327958289533854
0.446872379165143 0.331459733191878
0.461024509742856 0.342534171883017
0.455222156364471 0.347342961467803
0.395152260083705 0.319933338090777
0.377937561832368 0.322858938481659
0.39775996375829 0.326147085055709
0.393015158828348 0.334171970374882
0.401925417594612 0.334603364113718
0.41865469282493 0.344615436624736
0.435801889747381 0.376148344483227
0.459894844796509 0.380984841380268
0.436132616829127 0.38284558756277
0.469088797923177 0.400619021616876
0.472938848659396 0.4022525572218
0.478607747703791 0.395642121788114
0.472959503065795 0.388064401224256
0.466612123884261 0.37834035884589
0.482552849687636 0.375990638043731
0.50650568632409 0.364748254884034
0.481008768547326 0.388414484448731
0.505969652440399 0.375611739233136
0.488530641421676 0.393104457296431
0.4907405981794 0.396139402408153
0.486995042767376 0.397392470855266
0.511407266370952 0.451971784699708
0.487134272232652 0.44908402999863
0.47097040200606 0.466072068084031
0.509727311786264 0.458053768146783
0.457812436856329 0.473116975743324
0.421708899084479 0.474529350176454
0.43474034499377 0.469603134784847
0.439294745679945 0.472471581306309
0.453625017311424 0.456284884363413
0.464547018520534 0.42490860261023
0.428327332250774 0.454256357159466
0.408680703025311 0.450271912384778
0.450607672799379 0.410920713096857
0.423065110109746 0.381899293977767
0.414784086402506 0.397396805696189
0.422845480032265 0.398300304077566
0.40819653077051 0.417187166865915
0.406492303591222 0.418282101396471
0.413463419303298 0.426388122141361
0.411108708009124 0.428714394569397
0.391193079296499 0.428227641154081
0.345578523818403 0.393546296283603
0.383903258480132 0.393478791229427
0.371285682078451 0.348767107352614
0.359608327038586 0.336441783234477
0.344781933352351 0.346253257244825
0.346644197124988 0.335924779996276
0.330006750766188 0.324573121964931
0.273046037182212 0.314703461248428
0.296797624789178 0.325733583420515
0.335642648860812 0.33689638832584
0.299098213668913 0.327664980199188
0.346721187699586 0.359457264188677
0.346250111237168 0.388535833451897
0.335795087274164 0.375189906917512
0.327333400491625 0.375437133945525
0.290302916429937 0.359722008462995
0.2756581120193 0.337355910800397
0.1875318181701 0.343752026092261
0.17692781239748 0.353567716199905
0.249563137069345 0.378156564198434
0.226267833728343 0.388640953227878
0.291525476146489 0.371935665141791
0.228471781127155 0.389072812628001
0.270704119000584 0.393440207000822
0.3242466324009 0.405620496254414
0.364632496144623 0.411704776342958
0.321874260436743 0.414907053578645
0.250510785263032 0.402119390200824
0.221708407159895 0.408453763462603
0.191181479953229 0.420439261943102
0.176994432229549 0.411371328867972
0.166906130965799 0.429303264245391
0.15864722058177 0.4326879568398
0.188810447696596 0.441117173992097
0.187352166045457 0.44250941183418
0.158269190695137 0.443651546258479
0.214540401473641 0.454211181495339
0.207527904305607 0.455455279443413
0.1788449450396 0.464259630069137
0.189673845656216 0.4695267775096
0.217479382641613 0.475170584395528
0.225059709511697 0.464012366253883
0.231324505526572 0.469361361581832
0.232056078035384 0.478751971386373
0.211143944878131 0.510054145008326
0.223651432897896 0.511098623741418
0.214760014321655 0.530636977870017
0.189025694038719 0.551680166274309
0.199583079200238 0.523251419421285
0.159359789453447 0.559831653721631
0.128708257339895 0.576378725934774
0.143435508012772 0.573914987035096
0.152206881437451 0.5771205262281
0.103675844147801 0.602311056572944
0.118022655136883 0.617303210776299
0.0984236961230636 0.640523420646787
0.0990535854361951 0.641169470734894
0.1179552343674 0.631891149561852
0.142193648964167 0.632867346983403
0.189096481539309 0.598800923209637
0.164532693102956 0.589536608196795
0.217338635120541 0.587466790340841
0.231773431878537 0.581898614764214
0.205919480882585 0.565407142508775
0.257439822889864 0.524943033698946
0.261231306008995 0.515909778419882
0.273164909798652 0.521744410507381
0.254283505957574 0.505094260908663
0.233807779848576 0.495990770403296
0.259574485011399 0.495693405158818
0.295190843287855 0.509953239466995
0.265897416044027 0.504932536743581
0.282731348183006 0.518021600786597
0.329839579295367 0.527702502440661
0.314873775467277 0.546082825865597
0.30253834836185 0.56318364944309
0.266540517564863 0.599101028870791
0.300253177061677 0.572827938944101
0.356018701102585 0.548783708829433
0.351688568014652 0.534973352216184
0.409689019899815 0.514182096347213
0.399472857825458 0.497937607578933
0.393633221741766 0.495436972472817
0.362478095572442 0.525538897141814
0.327950448729098 0.54854892147705
0.349524864461273 0.527185721322894
0.358179670292884 0.509555032942444
0.341564576141536 0.506852397229522
0.316552001982927 0.514511838089675
0.320386455859989 0.507422290742397
0.298808598890901 0.4784612855874
0.293762480374426 0.463370788376778
0.276122403331101 0.437499194405973
0.259528852067888 0.436217955313623
0.309849534649402 0.504721498116851
0.310637378599495 0.511978790629655
0.207634815946221 0.433369363192469
0.229849333874881 0.437178190331906
0.252490528859198 0.455665394198149
0.244738270528615 0.431463113054633
0.241322030778974 0.427201038692147
0.313787721097469 0.444469156209379
0.328857019077986 0.442466104868799
0.33365261554718 0.445777129381895
0.337070328649133 0.467411543708295
0.339247772935778 0.471146219410002
0.353120125364512 0.477634123060852
0.356550374999642 0.438080943189561
0.349669957067817 0.432329955976456
0.394228780642152 0.464343029540032
0.396270674653351 0.491810248233378
0.41015087114647 0.479402890428901
0.410270122811198 0.490136826876551
0.428663088940084 0.509080098941922
0.42173514701426 0.526917631737888
0.401026214007288 0.545100736897439
0.402955150231719 0.546230014879256
0.436504513490945 0.534204777795821
0.455167774111032 0.522678017616272
0.440680899657309 0.513186454307288
0.461229006294161 0.514545171987265
0.470450781751424 0.502186689525843
0.463253331836313 0.525193381123245
0.441034062299877 0.552088349126279
0.43884187983349 0.554462792817503
0.447335968259722 0.558982990682125
0.455731119494885 0.574230986647308
0.513527916744351 0.55493538454175
0.525725956074893 0.555542550049722
0.528899964410812 0.539871965069324
0.511886915192008 0.531974828802049
0.55006539542228 0.517077339347452
0.54549169447273 0.506272829137743
0.541240467689931 0.498674819711596
0.50495141884312 0.515564552973956
0.52119781030342 0.494375276379287
0.512614835985005 0.427960607223213
0.494470995850861 0.402217279188335
0.530566130299121 0.390493962913752
0.563294315710664 0.40478998189792
0.631881378591061 0.390159902628511
0.65036520594731 0.400016864296049
0.642137907445431 0.402912562713027
0.621383677702397 0.403296016156673
0.609710042364895 0.406205342616886
0.556983655784279 0.421037979424
0.553955341689289 0.436390551738441
0.541430530138314 0.45973787875846
0.552522756624967 0.482314427383244
0.576779850292951 0.473104338627309
0.591177806723863 0.473804810550064
0.607055737636983 0.443915988784283
0.596073553431779 0.45707299746573
0.59688691329211 0.431851147674024
0.631098529323936 0.4104362311773
0.586092320270836 0.482730030082166
0.581579161807895 0.481049284338951
0.581458153668791 0.496763532049954
0.575211949646473 0.513518185820431
0.571834797505289 0.51622605137527
0.55974235245958 0.538758667185903
0.514707950875163 0.603213484399021
0.548995297402143 0.572129279840738
0.492916541639715 0.624479612335563
0.479963910765946 0.633966539055109
0.483204815071076 0.628582695964724
0.521334441844374 0.579658082220703
0.540529238991439 0.553881029598415
0.525957402773201 0.563237276859581
0.501475112978369 0.57484587142244
0.449329759459943 0.594853114336729
0.418376602698117 0.589347761590034
0.392951567657292 0.569707414135337
0.404061849229038 0.58933788491413
0.350636930670589 0.615325222723186
0.359964065253735 0.605619463603944
0.374870955944061 0.57820961298421
0.356574252713472 0.587209808174521
0.374458352103829 0.557231351733208
0.327667385339737 0.5845996895805
0.305642776656896 0.590676691848785
0.295099293347448 0.598460979294032
0.307669743429869 0.601298742927611
0.331492634024471 0.592717507388443
0.33920874632895 0.591039529070258
0.283257043454796 0.621108899824321
0.270534037612379 0.627511085011065
0.253898719325662 0.617383477743715
0.225061721168458 0.629782297182828
0.184031768236309 0.650328676216304
0.221654139459133 0.63703445577994
0.216530716978014 0.641159854829311
0.183507781010121 0.673583495430648
0.237384797539562 0.629082693252712
0.245498245581985 0.636486063245684
0.242907628882676 0.644130668602884
0.245751730632037 0.651096936315298
0.264024806208909 0.641083927359432
0.249267425853759 0.655183461960405
0.224311085417867 0.705309743527323
0.241782823111862 0.673408782109618
0.259398946538568 0.660937689244747
0.263354720547795 0.667395685333759
0.267312967218459 0.666263413615525
0.304723567329347 0.653415481559932
0.30618869047612 0.63933315500617
0.320231488440186 0.64035774813965
0.361622102092952 0.632614741101861
0.407818657811731 0.61093919724226
0.415968959219754 0.593079621437937
0.43311057286337 0.599541282746941
0.413597248960286 0.628249005414546
0.364772335626185 0.635110324714333
0.371044597122818 0.638838039245456
0.392861736007035 0.643127166200429
0.368331902194768 0.666125255636871
0.39241827884689 0.650362459011376
0.378977695479989 0.667184558697045
0.381609828211367 0.6677873772569
0.439403888303787 0.641202381346375
0.437271623872221 0.620630358811468
0.473670312203467 0.600690491497517
0.413272303994745 0.690681484993547
0.476493371184915 0.600168739445508
0.475244276225567 0.615533959586173
0.459182837978005 0.651498352643102
0.458639821968973 0.658322783652693
0.478797325864434 0.660908916499466
0.51639658678323 0.63584808818996
0.512651822064072 0.629510486964136
0.512356315273792 0.616471108514816
0.527852127794176 0.600264157634228
0.533503647428006 0.614532232284546
0.53858220204711 0.625888371374458
0.537249276880175 0.633499581366777
0.549311010632664 0.619997965637594
0.554315727669746 0.641322763636708
0.556353130377829 0.648757718969136
0.572373779956251 0.654317665845156
0.593911809846759 0.612587834242731
0.596338788047433 0.591178754344583
0.580014836508781 0.610943940468132
0.584213186521083 0.59268036717549
0.575315817259252 0.602213241159916
0.584255865775049 0.582131586968899
0.609036214184016 0.56591317942366
0.616960611660033 0.569233640097082
0.629426618106663 0.52725899592042
0.604988830164075 0.521882680710405
0.611745750997216 0.538087225053459
0.590915134176612 0.536450095940381
0.564913491718471 0.556437230668962
0.581723511684686 0.530299581587315
0.592449664138258 0.515257965307683
0.60509899398312 0.500361077487469
0.613687677308917 0.503543426282704
0.622585179284215 0.504217581357807
0.638543053995818 0.481657332275063
0.608257839456201 0.488279877696186
0.565669115167111 0.535951226018369
0.599883905146271 0.469917388632894
0.654948434792459 0.407225067261606
0.64432389382273 0.42320161499083
0.623586947098374 0.458679819945246
0.658986817114055 0.408040760550648
0.63317505735904 0.448728679213673
0.681696515996009 0.380846347659826
0.680188669357449 0.377955669071525
0.686324332375079 0.376311384607106
0.701544093899429 0.355635789223015
0.655317078344524 0.448496797587723
0.647431289311498 0.46830498194322
0.664778733160347 0.459630996920168
0.688108859118074 0.475197786930948
0.697980715427548 0.490642040036619
0.726041099056602 0.487703391816467
0.712114114779979 0.497268556151539
0.717335018794984 0.518989414907992
0.695117318071425 0.561328005976975
0.685111291706562 0.594107505399734
0.709865241777152 0.569728854112327
0.696747264359146 0.597746114246547
0.708101464901119 0.593990986701101
0.727885398548096 0.580456908792257
0.728731028735638 0.569717641919851
0.73161080153659 0.583141614217311
0.725363590754569 0.623941927682608
0.747643567156047 0.592166571412235
0.75622322037816 0.60825572302565
0.738907265942544 0.572808505501598
0.770142534282058 0.519497553817928
0.791756239719689 0.511494621634483
0.799485411960632 0.510323524009436
0.806515044067055 0.516044959425926
0.794952326454222 0.545200426131487
0.822249559685588 0.528001075610518
0.825153736863285 0.548028417862952
0.812166392337531 0.602442507632077
0.808041372336447 0.634457536973059
0.81373825063929 0.647296665236354
0.800376223865896 0.68534088274464
0.796844267752022 0.684194323606789
0.771797853522003 0.684823437593877
0.761410970240831 0.698578868061304
0.767519461922348 0.681854983791709
0.798136685974896 0.638236446306109
0.797049126122147 0.630339299794286
0.74683941481635 0.704088928643614
0.778786751907319 0.599446182604879
0.770370543934405 0.625758124515414
0.766079552005976 0.62813777802512
0.753992980346084 0.642904919106513
0.75414853123948 0.643277292139828
0.760272585321218 0.659230242948979
0.7267672480084 0.658443117979914
0.716227546334267 0.673735117074102
0.693840683437884 0.674931738059968
0.690388385672122 0.68190566636622
0.672253088094294 0.71089294552803
0.670461049303412 0.711753992829472
0.608506619464606 0.7827681559138
0.599598853848875 0.791422499809414
0.613992279395461 0.769377100747079
0.617867664899677 0.750516925007105
0.63055182993412 0.740245829802006
0.68125772010535 0.686197916511446
0.692301576491445 0.644541597925127
0.685176691040397 0.63823033310473
0.685638223774731 0.637414302676916
0.676735689397901 0.615866634994745
0.667610044125468 0.616915432736278
0.64340429706499 0.692796432878822
0.605834261514246 0.696201189421117
0.580506982281804 0.700007675681263
0.56900966912508 0.705310359131545
0.557825406547636 0.714951106347144
0.587791012134403 0.685846402309835
0.618338894098997 0.680399346165359
0.624730192124844 0.659880008082837
0.627481259405613 0.634990104008466
0.619491749908775 0.631782629527152
0.644940369296819 0.585995764471591
0.63652555225417 0.574254823382944
0.659879312850535 0.547782391309738
0.656488286331296 0.58558563189581
0.639177515171468 0.647752131335437
0.662186969071627 0.620018103625625
0.6649090484716 0.602635013405234
0.687855853699148 0.557185322977602
0.690273918677121 0.551710645202547
0.697089623194188 0.515899649821222
0.684023200068623 0.523356141056865
0.687596252188087 0.48787381965667
0.649931907188147 0.476466591004282
0.643923555500805 0.490321594290435
0.658247290179133 0.518853599671274
0.67284784372896 0.521208016667515
0.649001024197787 0.530532168224454
0.639393002726138 0.534110983833671
0.644350744318217 0.559066515415907
0.624245100654662 0.565058741252869
0.571460327599198 0.663492078892887
0.57876249961555 0.664450933225453
0.580559686291963 0.682257745414972
0.556499728467315 0.700028862804174
0.54879882466048 0.726285091135651
0.526063314639032 0.720456557814032
0.508429795503616 0.711759827099741
0.515394364017993 0.701898524537683
0.509219847153872 0.703982902225107
0.564016443211585 0.680014166515321
0.563284678384662 0.678346340078861
0.556712304241955 0.678780158981681
0.515172829851508 0.688235923182219
0.542605587281287 0.67298527713865
0.54742748150602 0.660715891048312
0.532480866182595 0.677932039834559
0.499192839954048 0.695636473596096
0.51496995985508 0.673800888005644
0.516198159195483 0.671542739029974
0.492867527995259 0.667168902698904
0.495359563734382 0.657331287395209
0.472400817088783 0.675705192610621
0.425162977539003 0.707994060125202
0.36573260743171 0.715974580030888
0.38354567438364 0.709229917265475
0.404816977679729 0.691603132989258
0.390779113397002 0.691748227458447
0.370127662550658 0.684528382960707
0.367856890428811 0.673208769410849
0.36580964922905 0.666167216841131
0.341873075813055 0.667668411042541
0.345034828409553 0.692451474256814
0.325436680112034 0.698585021309555
0.322923611383885 0.690400176215917
0.322981416713446 0.685065526980907
0.271006046328694 0.71297780610621
0.270525340922177 0.717107147909701
0.253064774442464 0.723447121679783
0.284738652873784 0.693091922439635
0.347544534131885 0.662055032327771
0.341610056348145 0.643752149771899
0.266126871109009 0.706061833538115
0.23286707745865 0.710684926249087
0.227391425520182 0.713714838959277
0.206195087637752 0.739836222026497
0.231670952867717 0.735006806906313
0.229915195610374 0.746837112121284
0.21877316525206 0.741249589249492
0.177278750110418 0.743618508800864
0.217110673896968 0.746706539765
0.219086675904691 0.763091957662255
0.208750016987324 0.766808634158224
0.136100955773145 0.750322449486703
0.166584311518818 0.776178165338933
0.0865038866177201 0.779880678281188
0.0469503649510443 0.781284905038774
0.0497639062814415 0.784288116265088
0.0435596820898354 0.792287650518119
0.0448965160176158 0.792158775962889
0.0696955169551075 0.792380467057228
0.0975014735013247 0.801156228408217
0.113368779886514 0.79775959206745
0.14579257927835 0.782942273654044
0.124339492525905 0.798791219945997
0.149579076096416 0.799684209283441
0.155900379177183 0.799521626904607
0.129408765118569 0.828888073097914
0.171532202977687 0.797730088699609
0.209377518855035 0.791888711508363
0.205406309105456 0.810365228913724
0.258362948428839 0.77896763663739
0.258543808944523 0.768000619485974
0.244269189890474 0.766684434842318
0.241000395733863 0.76359477173537
0.265639467630535 0.734409875702113
0.258680480998009 0.749357390217483
0.248415037058294 0.763687150087208
0.302974468097091 0.759927155449986
0.333998449612409 0.749455186538398
0.355011994950473 0.735009479802102
0.325258877128363 0.745202179532498
0.296528534498066 0.752368373796344
0.329529120121151 0.729644428938627
0.36899872077629 0.724544333759695
0.401382049545646 0.73305722605437
0.421842181123793 0.712899341247976
0.452782930806279 0.710182313807309
0.466250327415764 0.712620354257524
0.435649667400867 0.713952146004885
0.387735288124532 0.751288517378271
0.444331611972302 0.732459053397179
0.422416772227734 0.750273601617664
0.377508190460503 0.76231625629589
0.365638232324272 0.778276156168431
0.293149615637958 0.779389071278274
0.3484464911744 0.756339591462165
0.326581735629588 0.763989922590554
0.282486488111317 0.78292608493939
0.253895902540535 0.799429003149271
0.241919230204076 0.8152861665003
0.221490871161222 0.833296916913241
0.2076370944269 0.821916724089533
0.179814146831632 0.837828525342047
0.169855100568384 0.848477014806122
0.140628902707249 0.875910981558263
0.11865830142051 0.894057858269662
0.067578062415123 0.881814333610237
0.0656417729333043 0.899527728557587
0.125000254251063 0.899243197869509
0.100499588530511 0.937952996231616
0.0764386593364179 0.932414134498686
0.064516959246248 0.966354004573077
0.101206050720066 0.96638659061864
0.104475154541433 0.965968186967075
0.225230786949396 0.962023037020117
0.270914451219141 0.925528193358332
0.281298516318202 0.904218283947557
0.218491715844721 0.915694152936339
0.186856584623456 0.919479892123491
0.174259730614722 0.9212138610892
0.110646978486329 0.958372101187706
0.129494741559029 0.941679431125522
0.122085253708065 0.943005003966391
0.182927800342441 0.896770490799099
0.185128797776997 0.883359643630683
0.133567621465772 0.922783568035811
0.155584729742259 0.887428993359208
0.212627872824669 0.859390860423446
0.226439631544054 0.852814979385585
0.240132472477853 0.843015554826707
0.263653130270541 0.816523136105388
0.286824789829552 0.790560879744589
0.297564081847668 0.80401884065941
0.342194546945393 0.78755644056946
0.322281825821847 0.812323857564479
0.290852444246411 0.831497990060598
0.367498320061713 0.803367295302451
0.425841707736254 0.776709097903222
0.409957044757903 0.806273714639246
0.410580434370786 0.797980817966163
0.342469533439726 0.835591656155884
0.354494261089712 0.837039314676076
0.350609078537673 0.849101820029318
0.347287522163242 0.865976811852306
0.339239528868347 0.876047566067427
0.343192701227963 0.869697728659958
0.339508671779186 0.846236172132194
0.273207802791148 0.859762631822377
0.221667805686593 0.874598380643874
0.26308908034116 0.851534610148519
0.258892417885363 0.848905006889254
0.250441562384367 0.850116747431457
0.219300975091755 0.87553698476404
0.217764932662249 0.8866325924173
0.195673522073776 0.904116541612893
0.223135707899928 0.898243291303515
0.252742331940681 0.895614706911147
0.282763652037829 0.901844241656363
0.298010218888521 0.889928907155991
0.282712540589273 0.886509999167174
0.330856126733124 0.862577244639397
0.30783713189885 0.885662342887372
0.315786716528237 0.904226456768811
0.335705442819744 0.913868170697242
0.38758892705664 0.916368197649717
0.284539819229394 0.925733169075102
0.269123775884509 0.942817548755556
0.220739697106183 0.970410278998315
0.302472367882729 0.970512693747878
0.297872105613351 0.978041732683778
0.297539918683469 0.98085424490273
0.37063122401014 0.933473345823586
0.366720247548074 0.941459817811847
0.3811912573874 0.94975689984858
0.3518584119156 0.956181864254177
0.309134185314178 0.986184306442738
0.341680119745433 0.985757119487971
0.319720691069961 0.979853275232017
0.387603337876499 0.970939431339502
0.428095105104148 0.965476513374597
0.428542839828879 0.93477875366807
0.469049427658319 0.912702090572566
0.428469500038773 0.902640525251627
0.422882491722703 0.871634990908206
0.411988018080592 0.865585731808096
0.359901547431946 0.894947219640017
0.385279291775078 0.891455863602459
0.418994463980198 0.907180421985686
0.40635842923075 0.915353913791478
0.395716457162052 0.908199194353074
0.353994412813336 0.896264784969389
0.35349202901125 0.894243902526796
0.358343050349504 0.875371299218386
0.394243315793574 0.84825442917645
0.357895844615996 0.892063499428332
0.430224583018571 0.851208409294486
0.479585404507816 0.80938469292596
0.388448680751026 0.860837049316615
0.412000584881753 0.838304395321757
0.413176054600626 0.824933633208275
0.423865613527596 0.819177057594061
0.421911034267396 0.812346548307687
0.439144775271416 0.811593949794769
0.443995065521449 0.816425498574972
0.446538344491273 0.800896422937512
0.48599745053798 0.770951676182449
0.482640486676246 0.771815279964358
0.468150457832962 0.772110186517239
0.458610386587679 0.781367242801934
0.431547509506345 0.797585239633918
0.420154823921621 0.80328904511407
0.44803454214707 0.78357114084065
0.46347326785326 0.773794938344508
0.467933068051934 0.767196150496602
0.470240234397352 0.765580654609948
0.495225303340703 0.753433876670897
0.475758962798864 0.753703302238137
0.469621760770679 0.756815519183874
0.400083531625569 0.779010815080255
0.399655256420374 0.772626822348684
0.415587981697172 0.764021853916347
0.46539854677394 0.753598768729717
0.494619898498058 0.743255367036909
0.494828971102834 0.742655183188617
0.498490585014224 0.743285478558391
0.505976495333016 0.754275013692677
0.519076441880316 0.752019926439971
0.509453322738409 0.78145065670833
0.495399913284928 0.806160120759159
0.500757194124162 0.801180984824896
0.520993825048208 0.779148541390896
0.529589608311653 0.784014432691038
0.544033958110958 0.794656215701252
0.527199736796319 0.808127103373408
0.542211744468659 0.811060178093612
0.542964520398527 0.808084152173251
0.548599229194224 0.786301427986473
0.552315871696919 0.781217466574162
0.549709901679307 0.745333636645228
0.577616706956178 0.729767560958862
0.574153878260404 0.742377462331206
0.587414499837905 0.729060907382518
0.575083331670612 0.749249018728733
0.600783690810204 0.745317338034511
0.562266334891319 0.77153863850981
0.583580278791487 0.773228258360177
0.568328799679875 0.812851731665432
0.571313636843115 0.801942266523838
0.550440135877579 0.810638478025794
0.547567112836987 0.817286149598658
0.552112664561719 0.815300450660288
0.55285357683897 0.840473922435194
0.541445603128523 0.845674208365381
0.533907959703356 0.839992667082697
0.49861543206498 0.814932428300381
0.482367521617562 0.82490660622716
0.470552287064493 0.840340948663652
0.49204694153741 0.847128153312951
0.470541024580598 0.866456369869411
0.466236009262502 0.870775314979255
0.484357294160873 0.859634030610323
0.487909265328199 0.859118511900306
0.527145960833877 0.86316546658054
0.526534805074334 0.874301032163203
0.525121139362454 0.883222221862525
0.535576633643359 0.865201689768583
0.552060348913074 0.880076735280454
0.559673534706235 0.863201443105936
0.581235661637038 0.832415428012609
0.578447400126606 0.8238435536623
0.618226751219481 0.779697014484555
0.649503950495273 0.763131842482835
0.65043500252068 0.760522371623665
0.667667240835726 0.759001938160509
0.633987507317215 0.777996399905533
0.615801825653762 0.791486131027341
0.645889061968774 0.776828048285097
0.657017249614 0.76575064426288
0.670187046285719 0.764032267965376
0.723051290027797 0.732197070959955
0.68779759760946 0.721950514707714
0.711706005502492 0.694372699595988
0.722523907199502 0.72976908646524
0.725256186444312 0.713482002262026
0.711858998052776 0.678093971218914
0.727347186300904 0.699212010018528
0.733336098957807 0.741820567287505
0.730249099899083 0.763821259140968
0.721806750167161 0.771774818189442
0.716704906430095 0.76819210126996
0.727066280320287 0.745855426881462
0.676040446385741 0.797649969346821
0.644385836552829 0.805478759575635
0.626920120324939 0.809797463472933
0.604752296116203 0.821427858434618
0.667035674676299 0.813626744318753
0.673276008572429 0.833696068730205
0.659881306812167 0.837761958595365
0.651846583001316 0.823288431856781
0.625343039166182 0.831914983224124
0.618094194214791 0.844426359049976
0.642399083822966 0.846611392684281
0.675758530385792 0.856018115766346
0.67656912188977 0.831095229834318
0.692256587557495 0.849418699741364
0.697250518482178 0.862781922798604
0.730781973805279 0.830894009675831
0.747268315404654 0.844235985539854
0.735192916821688 0.862337657250464
0.729529921431094 0.869027124717832
0.716362671926618 0.897644204087555
0.704629778396338 0.923509395681322
0.700348229613155 0.936757128220052
0.703564077150077 0.932054896838963
0.733166246209294 0.883006324525923
0.723698598798364 0.906170467846096
0.709950980730355 0.936694063711911
0.719390409067273 0.924145320430398
0.749961115885526 0.91907847346738
0.769899114966393 0.897377685643733
0.756706786341965 0.935126656666398
0.766949029639363 0.91243431949988
0.758594679180533 0.943366565275937
0.750618348363787 0.967833710368723
0.784010278526694 0.966917871963233
0.791953150648624 0.971208864357322
0.743700929451734 0.992500437423587
0.658812344539911 0.991734961979091
0.673420015722513 0.989720752462745
0.675346404314041 0.98289264459163
0.718934533651918 0.983888200949878
0.736318613402545 0.983041929081082
0.729365826118737 0.965368735138327
0.731600905302912 0.946531240362674
0.710147713776678 0.942075276281685
0.715681801084429 0.936482856515795
0.725870331283659 0.931482749059796
0.697233686223626 0.944662374909967
0.679464302957058 0.959726908244193
0.653221802320331 0.971487321425229
0.614548712037504 0.982289042789489
0.60395840043202 0.982651210855693
0.599407131318003 0.979163877200335
0.574961750302464 0.974875706713647
0.680425702594221 0.931645554956049
0.655406334903091 0.952018724288791
0.652380511630327 0.956951588392258
0.696154151577502 0.929620855487883
0.705755594186485 0.903297151904553
0.715614051092416 0.884700740221888
0.713067698758096 0.878373988904059
0.680789983365685 0.871789176948369
0.620011130347848 0.873528750147671
0.599785826634616 0.883884580340236
0.667092188727111 0.885099545121193
0.67508815927431 0.880073751322925
0.670182584784925 0.904017785564065
0.657843607477844 0.915176991373301
0.639820570591837 0.90344419144094
0.607020505703986 0.908650030847639
0.545539968647063 0.891526678111404
0.583817593287677 0.910371059551835
0.532142139039934 0.916607320774347
0.565817541908473 0.93503537401557
0.545643681660295 0.958784032613039
0.536657501012087 0.962973345536739
0.521107553970069 0.97305699205026
0.50056919362396 0.976030511315912
0.48771853139624 0.958324902225286
0.531797411851585 0.893603279720992
0.510597767774016 0.914949339348823
0.514293381944299 0.913308072835207
0.476970052812248 0.967973507940769
0.370675286278129 0.988303221296519
0.556863820180297 0.973246305715293
0.540145726874471 0.970638979692012
0.577579445205629 0.921679622959346
0.649781765881926 0.92415679153055
0.634891920723021 0.935202045831829
0.560859333258122 0.982282248791307
0.565340225584805 0.992139077279717
0.588760486803949 0.981109176762402
0.581417679786682 0.99374527996406
0.435731464065611 0.99787789164111
0.442484529223293 0.988065812271088
0.470178099814802 0.985255713108927
0.421767910011113 0.986772743519396
0.417771742679179 0.99307399475947
0.417743891477585 0.988112901337445
0.338336050976068 0.998640668578446
0.253600994125009 0.992230987176299
0.249397267121822 0.981557334307581
0.201798609923571 0.991446694359183
0.185832827351987 0.990419751964509
0.181521378923208 0.978418684564531
0.105582861695439 0.993848558049649
0.160865870770067 0.999263901729137
0.0868690386414528 0.998649272602051
0.0617187628522515 0.999467710964382
0.0786808403208852 0.987950457260013
0.0736987167038023 0.979432437568903
0.0406630532816052 0.987664047628641
0.0119765619747341 0.988439900800586
0.0317112077027559 0.977273260708898
0.0276217949576676 0.975277194753289
0.0402739620767534 0.954358601011336
0.059934298042208 0.947446123696864
0.0445287213660777 0.936280291993171
0.0476317158900201 0.90243795979768
0.00828921468928456 0.951274900697172
0.00271691102534533 0.972287999931723
0.00217720773071051 0.903545401524752
0.00776696251705289 0.928547726478428
0.014674068428576 0.860595805570483
0.0171464676968753 0.856029151473194
0.0075681172311306 0.832690694835037
0.0161809786222875 0.824046675581485
0.0202217334881425 0.815032589714974
0.0432098489254713 0.8272466044873
0.0699012652039528 0.822634118143469
0.0233426690101624 0.853074891492724
0.0202001645229757 0.8791205403395
0.0307099255733192 0.871893528848886
0.0305116348899901 0.892618482932448
0.0914540765807033 0.844182241242379
0.108257935848087 0.811936589889228
0.123037918936461 0.806742605287582
0.0994625575840473 0.804636060725898
0.0622720066457987 0.814730231650174
0.0536728990264237 0.812670077662915
0.0456588603556156 0.812901978846639
0.0330562996678054 0.817816431168467
0.00713265081867576 0.803254868835211
0.0233186255209148 0.762655471451581
0.00747585250064731 0.799161679577082
0.00903977733105421 0.793713764753193
0.000354909338057041 0.751058433204889
0.0146997035481036 0.755908605176955
0.0504648881033063 0.758903416339308
0.0427927654236555 0.769427214749157
0.061098740901798 0.769603463821113
0.0813682824373245 0.769293779041618
0.0875309333205223 0.77162674209103
0.106670049484819 0.747800604440272
0.110454582609236 0.745842752046883
0.139217033516616 0.744625343941152
0.152190149761736 0.745967659633607
0.160076380241662 0.744882598519325
0.192706323228776 0.720915146637708
0.169725860934705 0.713953053113073
0.119263470172882 0.737905235495418
0.155289502348751 0.717160362750292
0.171573014929891 0.710966328624636
0.215669966302812 0.699773994274437
0.186368554830551 0.699004895053804
0.124713225755841 0.717491433024406
0.104896922595799 0.731077212840319
0.0493101589381695 0.741960968822241
0.0498816128820181 0.756072494667023
0.0109209287911654 0.752362082246691
0.126568103209138 0.712482631672174
0.153033566195518 0.697553554549813
0.20279699517414 0.691162507981062
0.20400565629825 0.674788595177233
0.100669637322426 0.712938887067139
0.0917363851331174 0.710158133879304
0.121583794243634 0.696562258526683
0.165713031776249 0.677478240337223
0.182085723616183 0.657508983742446
0.14116345345974 0.681476064957678
0.179727252107114 0.648688808549196
0.136219194158912 0.681135024409741
0.0954913371242583 0.703815743792802
0.105413912329823 0.69598139449954
0.157732594758272 0.654690337833017
0.17899546213448 0.644008160103112
0.192905762698501 0.624288610182703
0.16910659102723 0.630143736489117
0.208211607299745 0.609799147117883
0.231889738235623 0.606199706438929
0.239031869918108 0.59905090322718
0.235174133908004 0.597828083205968
0.215791679918766 0.598206729162484
0.138903372455388 0.638995390851051
0.113443894777447 0.66526638623327
0.123764924239367 0.656690700445324
0.0963078583590686 0.682368714362383
0.087123692035675 0.687678582500666
0.0593671263195574 0.705074552912265
0.0982520096004009 0.665872767101973
0.0748705477453768 0.678822758141905
0.0246604820713401 0.704364807810634
0.0402654469944537 0.722465601284057
0.00639803940430284 0.730265360325575
0.00425268476828933 0.732145844958723
0.00576055888086557 0.705063603352755
0.0243692495860159 0.634522547479719
0.021634322591126 0.621397074777633
0.0413366835564375 0.623156366869807
0.0462882169522345 0.638059129472822
0.0200677909888327 0.664545099250972
0.0165879535488784 0.682483979966491
0.059031929820776 0.651150493882596
0.0548973837867379 0.657112837769091
0.0830596480518579 0.65807422529906
0.0918770632706583 0.638438062742352
0.0889946911484003 0.620785768143833
0.0797458542510867 0.60674308007583
0.026839591562748 0.670541874598712
0.0789061514660716 0.590384943410754
0.0837749852798879 0.589500444475561
0.103962193243206 0.597685137297958
0.106055181473494 0.591119059361517
0.116567866876721 0.578491544816643
0.130100681446493 0.568792344070971
0.130909228231758 0.541360127273947
0.0861034383997321 0.521652293391526
0.108103867154568 0.518424703739583
0.209634748287499 0.501506779808551
0.216678692493588 0.483897912316024
0.178841708227992 0.472333255689591
0.157057573087513 0.466499075293541
0.10808585351333 0.419581817928702
0.133443713653833 0.414224513806403
0.163210740778595 0.405391735956073
0.0783174685202539 0.419850370846689
0.104694617912173 0.439700018148869
0.121202656067908 0.439097659196705
0.119982061441988 0.443347052205354
0.102446359116584 0.445021423511207
0.138074299320579 0.468503769952804
0.127064051106572 0.502678850665689
0.116597432177514 0.496567732188851
0.0718038696795702 0.495888997334987
0.0682706264778972 0.49399027088657
0.0990555402822793 0.45577834919095
0.0816244091838598 0.470533009618521
0.0888139144517481 0.446635662578046
0.0647162687964737 0.43952407874167
0.0752304927445948 0.431136787869036
0.0459078964777291 0.414818108547479
0.0490128044039011 0.411305573768914
0.010858841240406 0.367320571560413
0.0112483589909971 0.368554024025798
0.0200007664971054 0.432211805135012
0.0266422377899289 0.438847612123936
0.0610582772642374 0.464421544224024
0.0516290250234306 0.490572482347488
0.0560195231810212 0.499768894165754
0.0546285286545753 0.508579538203776
0.056004804559052 0.513869848567992
0.0307213040068746 0.50523651111871
0.0273780929856002 0.533984429668635
0.0197797296568751 0.543003149796277
0.0220188535749912 0.544831440784037
0.0644134879112244 0.532109312247485
0.0355273587629199 0.568101636134088
0.037697252817452 0.567140846513212
0.0450026779435575 0.564371624030173
0.0613946211524308 0.54589852783829
0.0753325456753373 0.528640484437346
0.0971395126543939 0.554319696035236
0.0998012279160321 0.557333788368851
0.0903125456534326 0.573429182171822
0.0599102023988962 0.58023166982457
0.0598679217509925 0.595031525474042
0.0145190260373056 0.585805415641516
0.0117973200976849 0.587167008779943
0.0264106029644608 0.560197931248695
0.018216451164335 0.563002356793731
0.0146449035964906 0.545794237405062
0.00262147188186646 0.532677028793842
0.00924232834950089 0.529420294798911
0.0176575458608568 0.523981870152056
0.0235787220299244 0.501522403210402
0.0245204749517143 0.500931714195758
0.027936396189034 0.496844433248043
0.0481267799623311 0.488777917344123
0.0349104381166399 0.472008849028498
0.0160451545380056 0.453512979205698
0.0315315406769514 0.469611790496856
0.000549863558262587 0.445443676784635
0.00332804722711444 0.43623885139823
0.00437046261504292 0.346174814738333
0.0166516224853694 0.363961995579302
0.0126229417510331 0.365287094842643
0.0198995200917125 0.368911562953144
0.0720792366191745 0.367380703799427
0.0514082121662796 0.364081728737801
0.0843385611660779 0.362548781558871
0.0934912627562881 0.36914652120322
0.0789789902046323 0.383768809959292
0.0896358843892813 0.396576057188213
0.0686367899179459 0.382365426514298
0.070516814943403 0.380189052782953
0.0589542002417147 0.378446465823799
0.0738074672408402 0.388994392007589
0.0805913270451128 0.399015464819968
0.0565789467655122 0.405779275577515
0.077543156221509 0.40218490594998
0.0777104068547487 0.409258760046214
0.168608029838651 0.394161237869412
0.199155715759844 0.401722501032054
0.184169821906835 0.384987312369049
0.139340924564749 0.378584356512874
0.170298670884222 0.374144427478313
0.179261129815131 0.377337081823498
0.172125034034252 0.369959307368845
0.138497604057193 0.377093455288559
0.114594271406531 0.376413543708622
0.12268201680854 0.363466521259397
0.162229645531625 0.358147272374481
0.15142274601385 0.364401763305068
0.168670156039298 0.364148664288223
0.181831606663764 0.355584129225463
0.155962253455073 0.352637674193829
0.149936232715845 0.353230599313974
0.123892679344863 0.354701210744679
0.142232954036444 0.34211324295029
0.144817774649709 0.332216326612979
0.128253654576838 0.34554985165596
0.114092641510069 0.341369727160782
0.116071976255625 0.327610892243683
0.168404446449131 0.310869516339153
0.117514587938786 0.318545415066183
0.105224763974547 0.290490354876965
0.0942056314088404 0.265722156036645
0.0924358740448952 0.266779765486717
0.105287088546902 0.316006739158183
0.096921837888658 0.331609126646072
0.100942671298981 0.337234630715102
0.0945810857228935 0.339861332904547
0.0446341764181852 0.359751790761948
0.00576837966218591 0.33864851295948
0.0160888461396098 0.322123026940972
0.0412730202078819 0.282546895556152
0.0213621859438717 0.322414764668792
0.0523263514041901 0.327731057070196
0.0702382191084325 0.315829594619572
0.0888271317817271 0.317771542817354
0.073782370891422 0.295739305205643
0.0797704695723951 0.292797449044883
0.0712489010766149 0.256192424800247
0.0519639127887785 0.283933205064386
0.0450722118839622 0.264150295872241
0.00769901555031538 0.281815275549889
0.0214134878478944 0.199651594273746
0.0526317907497287 0.24419281585142
0.0261019198223948 0.202953663654625
0.0499795470386744 0.23530986905098
0.0711022093892097 0.245001869741827
0.0813691881485283 0.242984742391855
0.0874074571765959 0.236886073835194
0.0725325103849173 0.221458242274821
0.0986338048242033 0.220106829423457
0.0690853022970259 0.207709020934999
0.0467206425964832 0.213392061181366
0.0655516260303557 0.201182494405657
0.085027052089572 0.200184248387814
0.0903263259679079 0.199021365493536
0.0583545072004199 0.186540723778307
0.0397666497156024 0.177348209079355
0.0294667333364487 0.147403229493648
0.0183154009282589 0.148088471032679
0.0095517635345459 0.189855050761253
0.00356740644201636 0.142105655279011
0.00568199064582586 0.130585879553109
0.0221546581014991 0.117427114397287
0.00200074352324009 0.0580947929993272
0.0444677378982306 0.115363551769406
0.0331046395003796 0.131764200516045
0.0378780886530876 0.14814807055518
0.0819437759928405 0.165627612732351
0.0447304081171751 0.0894280257634819
0.0429924041964114 0.0787034202367067
0.0421831724233925 0.0566842025145888
0.0779069280251861 0.156792191788554
0.0691629885695875 0.12272930610925
0.102753679733723 0.118545944802463
0.0811132462695241 0.0840721232816577
0.0928630027920008 0.0814200616441667
0.117416147142649 0.122585975565016
0.106982347555459 0.129426990170032
0.0856634015217423 0.13799942471087
0.0789524847641587 0.144386884756386
0.0865041757933795 0.155504008755088
0.104681047610939 0.168388812337071
0.189240209758282 0.166241500526667
0.184540155809373 0.17333045322448
0.157104210462421 0.169286841060966
0.163557270076126 0.186982377897948
0.165581393055618 0.204929935745895
0.13582978816703 0.17214608611539
0.129948771093041 0.193720455281436
0.129975195042789 0.198216078337282
0.117126272059977 0.190678663086146
0.0997241544537246 0.188182855490595
0.0987698961980641 0.189076815731823
0.115871926303953 0.213080087210983
0.116755834314972 0.245086706243455
0.107318744063377 0.254561529960483
0.0809073932468891 0.248515144921839
0.0986225614324212 0.262311421334743
0.133122898172587 0.308330759871751
0.131491587962955 0.270883912220597
0.147794565185905 0.272333090659231
0.145703196525574 0.256624347995967
0.175860009621829 0.278161211870611
0.198256200645119 0.295614388305694
0.195435009896755 0.298882574308664
0.19602406071499 0.304745173547417
0.156463969498873 0.325936776585877
0.180486605037004 0.327963869553059
0.242864369414747 0.312163978349417
0.235585641115904 0.316425068303943
0.259880878031254 0.315086210612208
0.266408080700785 0.305614486802369
0.276615361683071 0.247868972364813
0.262793833389878 0.254083042033017
0.230722748674452 0.294370230287313
0.205520873889327 0.285767549648881
0.190545024815947 0.260445062071085
0.172876910772175 0.25732685951516
0.154643578920513 0.244059920310974
0.183233230374753 0.223414350766689
0.195032333489507 0.206233316566795
0.216918808873743 0.199258858337998
0.221388640813529 0.193722375668585
0.230645799543709 0.182500133290887
0.25301797920838 0.172129937913269
0.22074403706938 0.187081043608487
0.221713909879327 0.179837733972818
0.188951632939279 0.145911200437695
0.229390203487128 0.163436128757894
0.229436387307942 0.146624145563692
0.294208852574229 0.137232994195074
0.271790262777358 0.141907083801925
0.271121718455106 0.150923955719918
0.262417278718203 0.153099562507123
0.296470900531858 0.163155319634825
0.329004101920873 0.176652511116117
0.357874351553619 0.185277146287262
0.361277162563056 0.183418204542249
0.340007960796356 0.198653091676533
0.328941921703517 0.208425879944116
0.288663662038743 0.205309809185565
0.286142739467323 0.194033300504088
0.279834874905646 0.180680739227682
0.262022806797177 0.167395694181323
0.272393595427275 0.193805674090981
0.215931259095669 0.235060853417963
0.187798873055726 0.242403461132199
0.200737951789051 0.245141925290227
0.23009198717773 0.290684105828404
0.239968047477305 0.242039899807423
0.238349578343332 0.236194358672947
0.295930706895888 0.225997176021338
0.301853222306818 0.249567592516541
0.271873780526221 0.277513139881194
0.278127533849329 0.277793372515589
0.299435442313552 0.288423105608672
0.387955076992512 0.303754705470055
0.354481181129813 0.277400976512581
0.319076452404261 0.277286903932691
0.316377531737089 0.238168654497713
0.372696973849088 0.262981811538339
0.365788315888494 0.243374047800899
0.373145778197795 0.23621102841571
0.381713469047099 0.240932772867382
0.388783768285066 0.231739762239158
0.332362192682922 0.215771486982703
0.386441187467426 0.203451396897435
0.301875952165574 0.133276555687189
0.363036810886115 0.136552538722754
0.26117789093405 0.119376820977777
0.260802166070789 0.125104406382889
0.256929701194167 0.126612928230315
0.212718762457371 0.121196266729385
0.219045057892799 0.111232541967183
0.208667069207877 0.107411528937519
0.181880409363657 0.116076214704663
0.166016184259206 0.134941086638719
0.125483810901642 0.112571701873094
0.125751684885472 0.132547555025667
0.121967690996826 0.118810145184398
0.114935916382819 0.0938668618910015
0.0937706273980439 0.0754792694933712
0.130989925935864 0.0911336243152618
0.14738655788824 0.0946431555785239
0.152062499895692 0.0772673292085528
0.146935971919447 0.069686527363956
0.144699309486896 0.0522977341897786
0.0932582109235227 0.0465692928992212
0.100511007942259 0.0342185697518289
0.149709503166378 0.0494133397005498
0.191179669462144 0.0940061463043094
0.191428182646632 0.0977631765417755
0.258449146989733 0.110114867333323
0.284553467296064 0.106544565875083
0.325053663458675 0.0999319166876376
0.296228605788201 0.0792170157656074
0.268864701502025 0.0721392519772053
0.286432829685509 0.0821314491331577
0.237172233406454 0.068746845703572
0.187704696319997 0.052817543502897
0.189267875626683 0.0617171712219715
0.176497830078006 0.0514280521310866
0.177246673498303 0.04084447119385
0.219443010631949 0.0487243803218007
0.228500448632985 0.0455439384095371
0.269478823523968 0.0534635367803276
0.277984322048724 0.0641255732625723
0.294781990349293 0.070196891669184
0.31043336680159 0.0564166316762567
0.309592701960355 0.0455732373520732
0.199657862074673 0.031969765201211
0.175090607255697 0.0158627643249929
0.132868820801377 0.00969368545338511
0.127881356980652 0.0246538240462542
0.118109752424061 0.0312213804572821
0.0772129511460662 0.0268225045874715
0.058752435259521 0.0265173078514636
0.0488592521287501 0.0254528904333711
0.00872001564130187 0.0564321167767048
0.0414956579916179 0.0133072645403445
0.121189413126558 0.0282768891192973
0.117663811892271 0.0189392450265586
0.119299523998052 0.00399053934961557
0.173398522194475 0.00830207113176584
0.188091418705881 0.0182752530090511
0.237549827899784 0.0192496064119041
0.278986148536205 0.0206279279664159
0.283951767254621 0.0154557353816926
0.295214811339974 0.0270516821183264
0.308617198839784 0.0266577852889895
0.288176647853106 0.000976840034127235
0.302237437106669 0.0054023377597332
0.310949952807277 0.0340732731856406
0.312115642242134 0.0407032994553447
0.351331617217511 0.0405870284885168
0.313824360258877 0.0354625009931624
0.33343587256968 0.0319497007876635
0.327671444509178 0.011656740680337
0.348621543962508 0.00634002033621073
0.361893418245018 0.00201543746516109
0.387370410375297 0.00476612336933613
0.420126106590033 0.00829858519136906
0.4496253374964 0.0145686930045485
0.427058404311538 0.0158854946494102
0.411774324253201 0.0167521466501057
0.420257270336151 0.0333622130565345
0.393825064413249 0.0397259509190917
0.423520586453378 0.0463790618814528
0.448375966865569 0.0568960481323302
0.440088743343949 0.0580820506438613
0.461370830889791 0.071112941019237
0.466976065654308 0.077575673814863
0.482329863589257 0.101422226987779
0.48998210998252 0.104056130163372
0.485560902860016 0.109728781040758
0.474053602665663 0.0977308042347431
0.463610872626305 0.0964769558049738
0.473874610848725 0.123062971513718
0.474815700668842 0.144784757867455
0.451956109143794 0.122635117731988
0.426464242395014 0.113596054725349
0.417646836023778 0.108330682385713
0.449377092998475 0.103828110732138
0.469889469444752 0.128213015850633
0.45844122255221 0.104662572965026
0.452278747223318 0.0971057428978384
0.42721651121974 0.0717844604514539
0.418342591729015 0.049556415528059
0.36984171718359 0.049467499833554
0.368267859332263 0.0573632977902889
0.391520976088941 0.0832570190541446
0.40990523295477 0.105277837719768
0.435951003339142 0.130089309532195
0.412796836812049 0.123106894083321
0.394651275128126 0.106884662993252
0.341837968677282 0.106470563448966
0.333311511669308 0.10713515849784
0.439417737070471 0.13125393493101
0.457704267464578 0.14744113618508
0.435790725052357 0.147662394680083
0.442159353755414 0.154089366551489
0.423399044200778 0.160285053774714
0.380914478097111 0.158772966358811
0.392990394029766 0.173409051727504
0.399645433295518 0.184155857656151
0.495389402844012 0.153553476557136
0.484293648973107 0.131410913076252
0.530385820195079 0.183381306007504
0.577932953368872 0.159103536978364
0.56696766288951 0.156552073545754
0.57398502714932 0.149051580112427
0.544366535264999 0.1578682907857
0.523089649621397 0.164841065648943
0.525666877161711 0.163050177507102
0.520706286653876 0.145249692257494
0.516714056953788 0.0936775458976626
0.51320024440065 0.0942099494859576
0.496509658638388 0.088897502515465
0.45516307791695 0.050680750515312
0.438242434989661 0.0468403580598533
0.440810131840408 0.0465028542093933
0.452735847793519 0.0415537147782743
0.455137814860791 0.0393452798016369
0.456601074431092 0.0333534255623817
0.48497952055186 0.0347588639706373
0.497837849892676 0.0641480479389429
0.505505394656211 0.0695835947990417
0.48977816151455 0.0304974727332592
0.494761769194156 0.0240907217375934
0.495181348640472 0.0157611086033285
0.489195484668016 0.00328275933861732
0.526145035400987 0.0323581537231803
0.522288044448942 0.0245963125489652
0.571652101352811 0.0467846621759236
0.555152365006506 0.0482779862359166
0.550043040886521 0.0375911826267838
0.530430881306529 0.0480584558099508
0.519654583185911 0.0591742894612253
0.525469259358943 0.0900752195157111
0.552834097761661 0.0910293632186949
0.59040872938931 0.117777958512306
0.626992523670197 0.157948113046587
0.631345067173243 0.155431830324233
0.623059615027159 0.116508636623621
0.597433319315314 0.114464010577649
0.581244504544884 0.0763334603980184
0.622908859048039 0.107068314682692
0.64082712540403 0.135538637172431
0.653705527540296 0.108119543641806
0.654273433145136 0.105360072571784
0.654588408768177 0.09859539847821
0.606637056451291 0.0871142470277846
0.604764540679753 0.085420205257833
0.654711063019931 0.0742324651218951
0.667703701648861 0.147481444757432
0.669818270951509 0.151288588996977
0.656668690498918 0.162856297101825
0.648292297963053 0.165142707526684
0.631556418258697 0.170960036106408
0.603574201464653 0.147363887634128
0.617598485201597 0.148947267327458
0.605338874273002 0.141888211481273
0.593242096249014 0.127351834904402
0.541657149326056 0.140334556344897
0.562004083767533 0.13664169004187
0.614690038841218 0.185279425233603
0.596125286072493 0.2013971330598
0.621043937746435 0.190338340122253
0.610181944444776 0.205522408243269
0.597361028660089 0.208302538841963
0.582423242274672 0.241735292132944
0.56782194878906 0.241263796109706
0.547972076572478 0.247196523938328
0.541437200270593 0.244872116018087
0.534942160826176 0.220135634765029
0.547118327580392 0.204099559690803
0.542555989231914 0.202317971270531
0.519038924016058 0.188860783353448
0.515771690290421 0.204313377384096
0.505765418987721 0.23329860297963
0.500955142546445 0.228534801397473
0.480440166778862 0.214555922430009
0.472449032124132 0.216837924905121
0.436147458851337 0.197446838021278
0.400462163146585 0.202168298419565
0.416653794236481 0.209029720630497
0.431411727331579 0.21448613377288
0.395647380966693 0.212055880110711
0.432521820068359 0.271601777523756
0.38005616562441 0.287949323188514
0.401743355207145 0.303640595171601
0.42452148348093 0.310550725553185
0.437206991948187 0.294789118226618
0.441656613256782 0.282530449330807
0.450077163986862 0.241359662264585
0.445086714811623 0.233114843256772
0.447925869375467 0.231804103590548
0.451021859422326 0.224732733331621
0.430031311232597 0.212439022958279
0.528324612881988 0.24383455561474
0.515400286298245 0.245345503091812
0.521849739830941 0.24954631133005
0.51811593119055 0.255809926427901
0.553740481380373 0.267042400315404
0.555327700451016 0.266658675391227
0.558759691659361 0.269725908059627
0.577787662856281 0.252236923202872
0.579615034628659 0.251295771915466
0.609901120886207 0.22777640260756
0.633123511914164 0.19834556337446
0.632010273169726 0.19498341018334
0.628150885459036 0.176150775980204
0.659163499716669 0.172219869680703
0.672444813884795 0.179784665815532
0.684052145108581 0.164905599318445
0.686276210471988 0.162051741965115
0.679522973950952 0.163334344979376
0.67724347487092 0.154118737205863
0.747188839130104 0.166782070882618
0.746292199008167 0.175877556670457
0.746609109919518 0.179892264306545
0.760563082527369 0.184933998622
0.729612431488931 0.181655619759113
0.72595590678975 0.180399447213858
0.727905356325209 0.197961412835866
0.726449759211391 0.219727199990302
0.759268524125218 0.218477934133261
0.767833224963397 0.218803274910897
0.762523908168077 0.211568287108094
0.766732593998313 0.198623286094517
0.760179485660046 0.169235805980861
0.750959109980613 0.175454972311854
0.748611867427826 0.166587266139686
0.799350581131876 0.176412359811366
0.787949406076223 0.138056227937341
0.782173285260797 0.146948973182589
0.760393357370049 0.141428544186056
0.75910563999787 0.153950064908713
0.751482942607254 0.150020833127201
0.749662166461349 0.152690864168108
0.706250967457891 0.14057636493817
0.678304109256715 0.137212460394949
0.679661791305989 0.104451928753406
0.68167095631361 0.105890265665948
0.679805812891573 0.0911371004767716
0.69617620902136 0.11194895580411
0.703223372809589 0.104940133634955
0.660919250454754 0.0491161099635065
0.661915894132107 0.0575521956197917
0.643272061832249 0.06263138493523
0.611708750482649 0.0686246193945408
0.564585609827191 0.0754369460046291
0.547541509382427 0.0737451808527112
0.531113384757191 0.060784091707319
0.575613674242049 0.0482597150839865
0.560531158931553 0.0360809960402548
0.587053609546274 0.0235533136874437
0.554827725049108 0.0162348840385675
0.494510917458683 0.00103550171479583
0.574364981148392 0.0195753602311015
0.612670295871794 0.00818522460758686
0.594670651014894 0.0205300198867917
0.627053661737591 0.0495390580035746
0.629401591606438 0.0473041329532862
0.645100312773138 0.0136597268283367
0.697393999900669 0.0520167569629848
0.705912663135678 0.0603029998019338
0.709208198823035 0.081071313470602
0.730996194295585 0.123344032093883
0.756721794139594 0.114126795902848
0.753593884874135 0.100994318723679
0.736314146313816 0.0648722625337541
0.745731236878783 0.0536283478140831
0.776697599329054 0.107923704665154
0.792128853499889 0.114467953331769
0.749339676462114 0.0224689380265772
0.739033239893615 0.0464823627844453
0.72924632485956 0.0220050644129515
0.723033541347831 0.0495282146148384
0.724097691942006 0.0604991097934544
0.685399572830647 0.00678130146116018
0.749576575588435 0.0119617786258459
0.759996647480875 0.0292917215265334
0.768895561341196 0.0365450461395085
0.822340086102486 0.0504750423133373
0.810528606642038 0.0121517544612288
0.758640503510833 0.00101863639429212
0.81513151107356 0.00416940590366721
0.830866612493992 0.0190888862125576
0.867505421862006 0.0130346934311092
0.864624730311334 0.00396073330193758
0.900305377319455 0.0162957310676575
0.901146773248911 0.0214107935316861
0.934533757157624 0.0572135490365326
0.952227384783328 0.0478386133909225
0.935392843093723 0.0513618877157569
0.940358153544366 0.0434908978641033
0.962816975079477 0.0473893564194441
0.963782746344805 0.0599276185967028
0.982361754402518 0.0832964526489377
0.986398018430918 0.0522749642841518
0.972285720985383 0.0140804122202098
0.898555050138384 0.0120108560658991
0.977309247478843 0.00353549607098103
0.996411486994475 0.012876340188086
0.998492490500212 0.270195576362312
0.999912842176855 0.283744880929589
0.997807441279292 0.459015381056815
0.994950871448964 0.469997100066394
0.994380195159465 0.493680690880865
0.991931482218206 0.600092153530568
0.992045375984162 0.728971950244159
0.985363225918263 0.792387280613184
0.992729615420103 0.837869998067617
0.996534719131887 0.494166767690331
0.996260952204466 0.489885996095836
0.99815648375079 0.494072439149022
0.997971239499748 0.765017891302705
0.996042823884636 0.903962897602469
0.99564657965675 0.901918358635157
0.991766325198114 0.975845579057932
0.933322460856289 0.976506171282381
0.964451076928526 0.958348214160651
0.97220042347908 0.924246448557824
0.978772317524999 0.876925452146679
0.972995500080287 0.782419404946268
0.9676678692922 0.807040560524911
0.965364786796272 0.896147249266505
0.956957046408206 0.927778158802539
0.940094756893814 0.958947194274515
0.933712926227599 0.972625737544149
0.906876449938864 0.990574584342539
0.902325646951795 0.995413325261325
0.906111664138734 0.956879383418709
0.897445543203503 0.999256369657815
0.887347119860351 0.979468141216785
0.893742362502962 0.976707934401929
0.885163575410843 0.970951681025326
0.878845458384603 0.964064444415271
0.877442293334752 0.9378133402206
0.873773158527911 0.922291852999479
0.888597143348306 0.914011687971652
0.916207479313016 0.907493844162673
0.913833864964545 0.889391635544598
0.907588581554592 0.870573976077139
0.903904743026942 0.883059894666076
0.902662250678986 0.881628101225942
0.897593819070607 0.890115941409022
0.856380599085242 0.91508766496554
0.859181821346283 0.92379803955555
0.83398081921041 0.948122707661241
0.861149542499334 0.937377335503697
0.861492423340678 0.957230166066438
0.86687596142292 0.967005320824683
0.801064970903099 0.995990067254752
0.820460960268974 0.969494132790715
0.86038860026747 0.852911099791527
0.851751247886568 0.853307198733091
0.867098818067461 0.835307967849076
0.871096787042916 0.813687913119793
0.853293391410261 0.797442519571632
0.867650970816612 0.751923517789692
0.869531721808016 0.734740450978279
0.894053798634559 0.730482847895473
0.880588813684881 0.746440610382706
0.874786525964737 0.753996136132628
0.882756650913507 0.755843963008374
0.888435705564916 0.81489130249247
0.890404221601784 0.820488953962922
0.889518632087857 0.841524451971054
0.894736791960895 0.811233912128955
0.896167173516005 0.760761087760329
0.906352216377854 0.741441316902637
0.90947801945731 0.738748200703412
0.913783137686551 0.755974523723125
0.908032069448382 0.813364578876644
0.928281656932086 0.796691803261638
0.921082351356745 0.86315851053223
0.934808149002492 0.900010432582349
0.928657993208617 0.89522512909025
0.920966152101755 0.880939526949078
0.938408738467842 0.923233714420348
0.914108477067202 0.946990838740021
0.907759685534984 0.97974806278944
0.943457659799606 0.926138961222023
0.951029689982533 0.92796569224447
0.938439491204917 0.92394027672708
0.95269011054188 0.889635853935033
0.94928104383871 0.894765678793192
0.943924371153116 0.888105022255331
0.94006091542542 0.872255353722721
0.9459153926 0.876647165976465
0.949696283787489 0.838177255354822
0.95915090944618 0.841351388487965
0.966873084660619 0.758933537639678
0.963452514261007 0.823735699988902
0.958619364537299 0.901085320394486
0.977001813240349 0.696389874443412
0.979486845899373 0.699753077700734
0.982367796357721 0.624639176763594
0.987704599276185 0.615356423426419
0.989883608184755 0.542233881540596
0.989341642707586 0.505129173863679
0.983846093993634 0.527789890300483
0.985448637511581 0.518057166598737
0.989510154351592 0.388116246555001
0.998556111939251 0.305742947850376
0.98801870085299 0.339197928551584
0.987099561840296 0.260965281166136
0.989683676511049 0.287813105620444
0.996944935526699 0.110981926787645
0.99448550818488 0.0857834108173847
0.991993821691722 0.0551835889928043
0.99325476679951 0.0806248458102345
0.988464681897312 0.178776330780238
0.98732590302825 0.249382331036031
0.980486835353076 0.338263222947717
0.968414776027203 0.533395938109607
0.984017824754119 0.365911167580634
0.982552042696625 0.469377919100225
0.973040726967156 0.538814342580736
0.963776518125087 0.551949507556856
0.968237252905965 0.458760729059577
0.964258634019643 0.468330070376396
0.952005680650473 0.554460248444229
0.9514489332214 0.50404000421986
0.949296479579061 0.518326551187783
0.933668009005487 0.529196747578681
0.931888874620199 0.53097314434126
0.923457350581884 0.57027812441811
0.923430026974529 0.599137913435698
0.935842369683087 0.554253896232694
0.952911861240864 0.585065369959921
0.94507790543139 0.637800467200577
0.923170359339565 0.649184517562389
0.939809389878064 0.670075415167958
0.942545845173299 0.679236347321421
0.950897595379502 0.714682703837752
0.962582950945944 0.574660864192992
0.975834884215146 0.568946429062635
0.979227448347956 0.571460153907537
0.950416216161102 0.74446980888024
0.952724531758577 0.741503722034395
0.947144255507737 0.769476451445371
0.946494547184557 0.793054888490587
0.93018722999841 0.782418416347355
0.924969621933997 0.77301423670724
0.923243843950331 0.774857176467776
0.915045633912086 0.724465551786125
0.924366453662515 0.695519254542887
0.945793702732772 0.726660586893559
0.928713059518486 0.688966458663344
0.918857551645488 0.686052305623889
0.918112427461892 0.683196908794343
0.917043934110552 0.681167655158788
0.910673142410815 0.679659357760102
0.905038975644857 0.673512048088014
0.901924912817776 0.672917854040861
0.902756991796196 0.652554403059185
0.911100254394114 0.630090903956443
0.911015786696225 0.57656767917797
0.894854690413922 0.650520330294967
0.885328468400985 0.656269775237888
0.871409545652568 0.658017821144313
0.868949646595865 0.654482342302799
0.86695743072778 0.709447258617729
0.86022588564083 0.754001479130238
0.858826711773872 0.761032907757908
0.842424826696515 0.817545941099524
0.834601993206888 0.82893962552771
0.825343472883105 0.830664386972785
0.814318796154112 0.862694115843624
0.850593178533018 0.845534086227417
0.846710113342851 0.862660225480795
0.823475683107972 0.926454115658998
0.818206777330488 0.967726113274693
0.787928972393274 0.954438924789429
0.818270734045655 0.937609842978418
0.821966554038227 0.889095805585384
0.811934730969369 0.896630293224007
0.819138226564974 0.915634992998093
0.810573694296181 0.923741974402219
0.79139471706003 0.929690936114639
0.799003039952368 0.895951833110303
0.775283144786954 0.890892468392849
0.812229227740318 0.881923708599061
0.799159756395966 0.875241349916905
0.767872862517834 0.866637753788382
0.783899177331477 0.846673652064055
0.773516442161053 0.851159232668579
0.780870276037604 0.8273637550883
0.777064213063568 0.815177713055164
0.773231760133058 0.812291628681123
0.749461986124516 0.811244498472661
0.753831423353404 0.801948495209217
0.714043529238552 0.814426135271788
0.708061994053423 0.830464347731322
0.699294283054769 0.83444931730628
0.745994297321886 0.770943578332663
0.75917730294168 0.725158788729459
0.769189176615328 0.711489736568183
0.766672388184816 0.748326593544334
0.765007014386356 0.757365814875811
0.770981117617339 0.765338808298111
0.781619667541236 0.767484388314188
0.787243477068841 0.774834241252393
0.80148096755147 0.76473693177104
0.770977552514523 0.792266474105418
0.777866256423295 0.770858630072325
0.770909082144499 0.779425332788378
0.743730410002172 0.795304931234568
0.743462747894228 0.797760739456862
0.757394296117127 0.801336964126676
0.791888107080013 0.811564708594233
0.784422819502652 0.850111655890942
0.806948391254991 0.868990549817681
0.817939418833703 0.813300741370767
0.814005777239799 0.814583248924464
0.793004828970879 0.818101881537586
0.792391234077513 0.806421050336212
0.810342528857291 0.749290383886546
0.822560714557767 0.738228117581457
0.853746805805713 0.687288894783705
0.8289480865933 0.738476355560124
0.807776604313403 0.775926730595529
0.799586632754654 0.79968990618363
0.819096987135708 0.797972159460187
0.806310209911317 0.807230066042393
0.842331379186362 0.7923559746705
0.860081173013896 0.66199841722846
0.801102439872921 0.736443022731692
0.82177306804806 0.70905348053202
0.821871084626764 0.66631955653429
0.812817670404911 0.684199850540608
0.803428430110216 0.700553165748715
0.814040571451187 0.658961215987802
0.847593413200229 0.625886653084308
0.858162285760045 0.629323034547269
0.88585330825299 0.641993813216686
0.885826139245182 0.615055644419044
0.875483835116029 0.619200836867094
0.893143789377064 0.551024173386395
0.887651247903705 0.578688475769013
0.905664198566228 0.53480288432911
0.904348319862038 0.476848445832729
0.913741739466786 0.44462717557326
0.916723697911948 0.417397365905344
0.910007721744478 0.391287633217871
0.925196134950966 0.448880596552044
0.921531772240996 0.473355527967215
0.917820265050977 0.495292148552835
0.911865503061563 0.530020878650248
0.923101186752319 0.512460832949728
0.926963160280138 0.493666457477957
0.93332086969167 0.508420585189015
0.93753370642662 0.490736791398376
0.939960254356265 0.476312363054603
0.956495638005435 0.246931127738208
0.954229299910367 0.417872554156929
0.960623363498598 0.337649723514915
0.965673561673611 0.183811955153942
0.968989452812821 0.300028132274747
0.967372024897486 0.342187993228436
0.962012723088264 0.420001160353422
0.962419237010181 0.430353164672852
0.965883691329509 0.393308744300157
0.980211647693068 0.325786022935063
0.979840426705778 0.206487606279552
0.975274299271405 0.192458759061992
0.96937025571242 0.136719667818397
0.980408815201372 0.109352991916239
0.984142083209008 0.0929669756442308
0.973277750425041 0.117552963085473
0.952331708278507 0.0930077964439988
0.931542726233602 0.126303714234382
0.940994118805975 0.0873002507723868
0.893461257684976 0.0284344227984548
0.89357261126861 0.0445870184339583
0.88272985490039 0.0590913533233106
0.887368059717119 0.0713960928842425
0.890152008272707 0.0920327533967793
0.899149750825018 0.0913964719511569
0.912494209595025 0.11514196684584
0.933244341984391 0.102383782155812
0.924289493821561 0.109701885841787
0.918140067718923 0.151300441939384
0.91996501153335 0.180337532423437
0.888405164238065 0.226484888233244
0.892666435800493 0.201134246308357
0.895744067151099 0.149921264965087
0.895408067852259 0.148038909304887
0.887030578684062 0.150554321706295
0.865981914103031 0.145692471880466
0.844094963744283 0.152317900210619
0.849921379704028 0.120033729355782
0.858238662593067 0.110098166391253
0.865196954924613 0.112921447027475
0.87154051894322 0.0863470053300261
0.875867744907737 0.090852556284517
0.852423243690282 0.0620034444145858
0.836558507289737 0.03057059366256
0.834583289455622 0.110258329194039
0.81379807414487 0.0567153641022742
0.792418953496963 0.0698547014035285
0.795214432291687 0.0676703210920095
0.786934218835086 0.0642139813862741
0.781786292325705 0.0704711987636983
0.785544426180422 0.0832533990032971
0.796300959773362 0.0937172686681151
0.790594164282084 0.108312833122909
0.815291715785861 0.11285296222195
0.80464398721233 0.122260840144008
0.831320682074875 0.162246847525239
0.841573492623866 0.174875992815942
0.863121795933694 0.178194165695459
0.868798136711121 0.189533456228673
0.878928999882191 0.197539429645985
0.877168321516365 0.216860438231379
0.874175047967583 0.231036754790694
0.868859776761383 0.235928170848638
0.846181293018162 0.213460296392441
0.843794447835535 0.219474885612726
0.819173383060843 0.229384339414537
0.828459021169692 0.231938580051064
0.820002027787268 0.261450540740043
0.829975127242506 0.275485844817013
0.868691343348473 0.249381692614406
0.882973427884281 0.269975860603154
0.898813443724066 0.274776089005172
0.88528485968709 0.247037582099438
0.904925090260804 0.239231700543314
0.925838860217482 0.235918830148876
0.911723437253386 0.209999823477119
0.944835753645748 0.160008063074201
0.958483784459531 0.151331468485296
0.953538170084357 0.174267581198364
0.951517168432474 0.185811928007752
0.931467884685844 0.231080382596701
0.928330632857978 0.252944799605757
0.910944626666605 0.291164859663695
0.919155300129205 0.298779209610075
0.93783094547689 0.278668536804616
0.94291329337284 0.244429349433631
0.953366016037762 0.190484941937029
0.95110210776329 0.2696567713283
0.953055096790195 0.27983229001984
0.934393168892711 0.305134849157184
0.931770175695419 0.300122466403991
0.930926621891558 0.309211273677647
0.928003263194114 0.314508616924286
0.917291333433241 0.306561108212918
0.92980691883713 0.327845111489296
0.93914779368788 0.318095437251031
0.943830478005111 0.335155543871224
0.941063370089978 0.332806214224547
0.929380725137889 0.354215288069099
0.925600679591298 0.366701866034418
0.940984078217298 0.384343893267214
0.935076651629061 0.435880566481501
0.931705600582063 0.427378103602678
0.938630324788392 0.381955002900213
0.917108934838325 0.39480437990278
0.914033587556332 0.39302991097793
0.900924812071025 0.354181005619466
0.902908809948713 0.365687289275229
0.906552210450172 0.388393037486821
0.892909597605467 0.38559159077704
0.875392973423004 0.415690158959478
0.878958808723837 0.431772252544761
0.873401491437107 0.466270107775927
0.882644907571375 0.512633483856916
0.894504395779222 0.492189131211489
0.887834811583161 0.43591794045642
0.880374016240239 0.415077215060592
0.900600992143154 0.430921858176589
0.905761941336095 0.430671907495707
0.892048767767847 0.519269383512437
0.866462855134159 0.59878365136683
0.884874986950308 0.569254161324352
0.873069896362722 0.618728371337056
0.852231654338539 0.596069894265383
0.851745722815394 0.582637455314398
0.84583943663165 0.57938836235553
0.846412897575647 0.568843760993332
0.856456582434475 0.554786524735391
0.869187175761908 0.524574492126703
0.870292387437075 0.522492621093988
