32
0.0538486004807055 0.042387873865664
0.513317805249244 0.0595243810676038
0.129853434860706 0.0792113542556763
0.588923091068864 0.183702035341412
0.633720841724426 0.11200739396736
0.624000019859523 0.0251201540231705
0.724524115677923 0.0576959340833127
0.863342070020735 0.151218167040497
0.929525245446712 0.600760389119387
0.884771350305527 0.981924008578062
0.909233557991683 0.755320069845766
0.755131020676345 0.251344643067569
0.712599907070398 0.243006213568151
0.679169515147805 0.371056230273098
0.658456323202699 0.452032007277012
0.852124658878893 0.925323985517025
0.522432374302298 0.856030464638025
0.588689937256277 0.778307077940553
0.769516467582434 0.725531522650272
0.695038220845163 0.654049361124635
0.34036356722936 0.972820113878697
0.222695094998926 0.912557415664196
0.232553470414132 0.928251544944942
0.104024449363351 0.782310906331986
0.0635865558870137 0.611253222450614
0.470834443811327 0.444388016592711
0.443333994131535 0.369200136046857
0.24436222622171 0.201601889915764
0.366573292762041 0.358439558651298
0.157426394987851 0.219489800743759
0.227086694911122 0.319038240704685
0.12159922812134 0.476915696635842
