2048
0.0465786568820477 0.820929257664829
0.0459852959029377 0.822649304755032
0.0362215195782483 0.844312229193747
0.0237870677374303 0.902057357598096
0.0379574582912028 0.904203764628619
0.0472240257076919 0.898357014171779
0.0295790093950927 0.884606244973838
0.0393067807890475 0.849910066463053
0.076756679918617 0.831024483777583
0.0761984293349087 0.827462745364755
0.0775982751511037 0.823326796293259
0.143037358298898 0.815981944557279
0.15283341659233 0.816050538793206
0.141994006931782 0.834379331674427
0.0927628944627941 0.839726874604821
0.130627420730889 0.860672764480114
0.135654259007424 0.885048469062895
0.0960959242656827 0.891981853637844
0.0959393726661801 0.88390510994941
0.0847671465016901 0.88154858443886
0.126024108380079 0.864673029165715
0.0879924860782921 0.841838886961341
0.0769478781148791 0.839348466135561
0.100349987391382 0.856968742329627
0.119489517528564 0.86581372981891
0.0797487902455032 0.879723426420242
0.0722632422111928 0.880511750467122
0.0922192884609103 0.863593326881528
0.0783880255185068 0.858164169825613
0.0719674397259951 0.844625892583281
0.0507666189223528 0.895127785857767
0.068110307212919 0.89295293064788
0.113980752415955 0.892737248912454
0.131956310011446 0.904401441570371
0.151570584625006 0.868065419141203
0.147082622162998 0.858342301566154
0.155452042818069 0.863826248794794
0.139995405916125 0.90472548129037
0.197030037641525 0.800828051287681
0.230292749591172 0.76883395249024
0.239753069821745 0.735902432352304
0.233286030590534 0.736744071356952
0.218255011364818 0.747207627631724
0.231766084209085 0.753493582364172
0.173119375947863 0.786201450508088
0.207386443391442 0.753660166170448
0.220412783324718 0.737325811758637
0.270762004889548 0.711684032343328
0.270603386219591 0.729132702574134
0.265490932390094 0.737984381150454
0.243546665646136 0.772562982980162
0.228600182570517 0.789005268830806
0.184917048551142 0.838812390342355
0.277186059392989 0.741186771076173
0.286063177045435 0.731469707563519
0.338516863062978 0.655929427128285
0.339544232934713 0.656106631271541
0.367605873849243 0.664008726365864
0.346988132223487 0.689470402430743
0.343299223575741 0.697702993638813
0.347449027001858 0.70039527816698
0.316977040376514 0.75142317218706
0.311221648007631 0.756930646952242
0.277470908593386 0.78400512970984
0.271179309580475 0.787854424212128
0.335823640692979 0.702259503304958
0.332981115672737 0.701198356226087
0.332610874902457 0.70472530182451
0.329043654259294 0.70364503050223
0.242205934133381 0.814598083030432
0.239287417382002 0.815308808349073
0.245792349800467 0.789848774671555
0.228727164678276 0.80058113951236
0.173491077497602 0.860822893679142
0.177600580733269 0.858216844964772
0.202410472091287 0.844365163240582
0.225578631274402 0.828796866815537
0.241510778199881 0.830363337881863
0.297516888007522 0.779762129765004
0.318865531124175 0.771976286079735
0.332731092814356 0.760624355170876
0.279314375948161 0.850790325086564
0.301558511797339 0.81268753670156
0.305447176098824 0.804271704517305
0.287334657274187 0.824581780936569
0.274376509711146 0.848233982920647
0.259975558146834 0.866334035992622
0.247486968524754 0.83439196459949
0.235675136558712 0.833967234473675
0.214878441300243 0.840690540149808
0.183966146782041 0.866519663017243
0.215356336440891 0.854590843897313
0.19556985469535 0.877102563157678
0.219583312515169 0.865406279917806
0.223753481637686 0.88462089933455
0.219189951196313 0.888536732178181
0.207213797140867 0.886904480401427
0.165803373325616 0.888222328852862
0.18040207773447 0.880962473340333
0.17274672165513 0.877413420937955
0.135365658439696 0.911299499217421
0.161217101849616 0.92313170293346
0.172275132965297 0.929224207997322
0.168913510162383 0.939326022285968
0.191847886424512 0.938684559427202
0.171659767162055 0.955223369412124
0.173125694971532 0.956667385064065
0.172531212680042 0.964295103680342
0.193447416648269 0.951919656246901
0.194438957143575 0.942652649711818
0.20443582162261 0.921827407088131
0.20691997744143 0.917912289500237
0.221391839906573 0.914336687419564
0.23017330467701 0.890213666949421
0.247829380910844 0.880549539811909
0.235480576753616 0.909813328180462
0.288125639781356 0.853174669202417
0.30777877708897 0.840143576264381
0.312611033208668 0.836365407332778
0.340597585774958 0.78598883189261
0.306937940884382 0.820241259410977
0.334201551508158 0.773281540255994
0.334792192559689 0.763418847229332
0.344025516882539 0.739808748476207
0.318711183499545 0.74978923657909
0.354814519174397 0.706356327049434
0.364894178695977 0.703435230068862
0.366442095022649 0.723646108061075
0.362277555279434 0.736102509312332
0.354512664023787 0.749537710100412
0.366844429634511 0.737108621746302
0.395427586045116 0.690711134113371
0.39187228679657 0.701024427544326
0.388747880235314 0.704505334142596
0.370078413747251 0.736679932102561
0.400491802021861 0.762462488375604
0.385378433857113 0.769932996947318
0.377635368611664 0.769196147099137
0.346336235757917 0.791634576860815
0.389999284874648 0.78551385179162
0.424854069016874 0.752576840575784
0.423240680247545 0.750643136911094
0.456697491463274 0.751946999225765
0.445367464330047 0.761758403386921
0.453641856554896 0.767111486755311
0.463772868737578 0.739711550995708
0.476970210205764 0.718836594838649
0.431628216523677 0.73803644021973
0.473478752188385 0.702728408854455
0.49119905102998 0.692379690241069
0.481866990216076 0.677189333364367
0.471768861636519 0.67804371053353
0.437813688535243 0.707865764852613
0.416364677716047 0.70702872145921
0.384328850544989 0.730178037658334
0.416737149469554 0.689229188486934
0.406797743402421 0.67838965728879
0.451556068845093 0.676644730847329
0.423280489165336 0.689771078526974
0.411406899802387 0.703103185165673
0.442892325576395 0.691423843149096
0.454933801200241 0.679354288615286
0.464962704107165 0.646056830417365
0.483253425918519 0.656651448924094
0.474995716940612 0.61850499548018
0.445524183567613 0.62465332634747
0.456917696166784 0.62612200435251
0.436939958948642 0.638703535776585
0.411378397606313 0.670171591453254
0.414188601076603 0.656949080061167
0.404236229602247 0.639278328977525
0.376273114234209 0.677633389830589
0.366900911554694 0.682401472702622
0.363877386320382 0.683494692202657
0.361115994397551 0.676487641409039
0.384376798756421 0.649174999911338
0.381977909244597 0.648025684058666
0.373122040648013 0.650292274076492
0.390093356370926 0.63526724325493
0.390964115969837 0.622823023702949
0.404992511961609 0.614909872412682
0.394408242311329 0.644783664494753
0.421481211669743 0.601890631020069
0.427320616785437 0.600868658162653
0.426718297880143 0.62238334864378
0.44823251105845 0.604045778512955
0.466769712045789 0.605077227577567
0.493174254428595 0.584428411908448
0.514127856586128 0.578932301606983
0.467594502028078 0.587031770963222
0.468117529526353 0.581653099507093
0.465109670069069 0.570693418383598
0.460729614365846 0.568926903884858
0.470954180695117 0.544568375684321
0.478767902590334 0.554739126935601
0.503188100643456 0.516493783332407
0.512816450558603 0.507659875787795
0.525983283761889 0.520543340127915
0.510342583525926 0.514072458725423
0.51457236520946 0.521923009306192
0.522216318640858 0.533042646944523
0.522483031265438 0.535798290278763
0.516915051266551 0.547521041240543
0.542875950224698 0.524375943932682
0.542311781086028 0.505424032919109
0.527207842562348 0.512272624764591
0.513938379939646 0.499679582659155
0.481123689096421 0.512831720989197
0.47012825589627 0.511792228091508
0.45128236990422 0.522992602549493
0.490208486560732 0.485715948976576
0.456610371358693 0.484382495749742
0.462570362724364 0.479096139315516
0.46722809644416 0.470201263204217
0.4606565060094 0.466683763545007
0.456771175377071 0.457844499498606
0.447361255064607 0.437829916365445
0.497080344706774 0.465087739285082
0.510591760743409 0.46783163677901
0.503269027918577 0.453773663844913
0.521488610189408 0.446265175938606
0.534623387269676 0.466098001692444
0.536384916398674 0.468776460271329
0.528689913917333 0.476454979274422
0.567928502336144 0.528272036928684
0.585613522212952 0.504258213564754
0.563050732016563 0.501202125567943
0.599705846514553 0.467579655349255
0.602675445843488 0.502345263492316
0.611127612181008 0.495495125185698
0.63322449894622 0.513185775838792
0.635267361067235 0.519868429284543
0.606996299233288 0.578114548232406
0.602502207271755 0.510565541218966
0.599635037593544 0.559603800997138
0.60006337473169 0.594929207116365
0.592576450668275 0.591660874895751
0.595850956160575 0.602725575212389
0.580407909117639 0.597967362962663
0.572444669436663 0.638677077367902
0.558945234399289 0.68773413868621
0.57191326469183 0.669412397779524
0.585899238009006 0.65124615188688
0.595202005468309 0.640702985692769
0.606576045043766 0.621431189123541
0.60281098075211 0.638468185439706
0.585020863451064 0.681808122433722
0.553827772382647 0.695910615380853
0.5338279241696 0.694943868555129
0.531803777907044 0.67582989577204
0.56659360229969 0.624903169926256
0.545550252310932 0.649168098345399
0.531427521258593 0.674711271189153
0.501837575808167 0.714249250013381
0.520130460616201 0.688179468270391
0.520514986012131 0.684149904642254
0.547696225810796 0.600372090470046
0.569932422600687 0.606050128117204
0.570667736232281 0.579495706129819
0.570003342814744 0.563869943376631
0.595668618567288 0.571681565605104
0.563152134884149 0.538880398496985
0.536999002564698 0.534608242101967
0.540444905869663 0.546062120236456
0.543589267414063 0.559445879422128
0.539192019961774 0.558595899958163
0.517077536787838 0.564186387695372
0.473160160705447 0.563602337148041
0.529901804402471 0.581109147518873
0.511094252113253 0.626588869374245
0.522040403913707 0.634819237980992
0.472653621807694 0.737516344990581
0.469617693684995 0.755965140182525
0.458322623278946 0.777849663980305
0.487938529346138 0.770588484592736
0.490646048914641 0.77185286860913
0.521788212936372 0.745666811708361
0.533835565671325 0.764172092080116
0.530137457884848 0.772179649211466
0.568586168345064 0.725099392235279
0.603267467580736 0.691876243799925
0.534144977107644 0.782810766715556
0.583395412191749 0.737825410906225
0.578891959041357 0.734223526436836
0.60723001183942 0.687955191358924
0.638056169264019 0.66710584750399
0.649578494019806 0.651410264428705
0.684073482174426 0.652116030920297
0.65470238449052 0.641340730711818
0.662079109810293 0.633228345774114
0.672232929617167 0.612549288664013
0.666854500770569 0.595992299728096
0.647211947944015 0.6383445286192
0.654633088968694 0.603225931990892
0.685826476663351 0.546193223912269
0.704668167047203 0.514989879913628
0.713395242579281 0.55398650560528
0.740983216557652 0.559877626597881
0.757399359252304 0.522385478019714
0.751017281785607 0.536764026619494
0.728208896704018 0.540301841218024
0.784924103878438 0.466439981013536
0.751028942875564 0.55625633103773
0.74364059837535 0.58497469779104
0.736615758389235 0.603009050246328
0.743038976565003 0.593628514558077
0.750743241980672 0.606332702096552
0.758738494012505 0.573632480576634
0.771632173564285 0.545902829151601
0.795645347330719 0.451858653686941
0.73151196539402 0.435628154780716
0.765371158719063 0.366785925347358
0.726226086262614 0.426912695169449
0.727468650788069 0.410384031478316
0.743924638722092 0.398669215384871
0.734785250853747 0.390777643769979
0.708702799398452 0.412653225939721
0.727885318454355 0.451609786599874
0.725781505927444 0.461435373406857
0.728764673694968 0.457181345205754
0.738688914570957 0.469842146616429
0.773875910323113 0.468795271590352
0.749905811622739 0.491632902063429
0.744388309307396 0.511496233288199
0.738892603199929 0.509543440770358
0.701364673208445 0.472753029316664
0.708030683919787 0.4303870042786
0.693247994408011 0.469156325329095
0.658432286698371 0.492060286458582
0.662598553113639 0.504306288901716
0.658874423708767 0.505464414134622
0.65937154321 0.511956403963268
0.684767907485366 0.503580887336284
0.705968105699867 0.50048007722944
0.68627367541194 0.523874604608864
0.660773443523794 0.562932626809925
0.649674133397639 0.58406375721097
0.639431053772569 0.602740849368274
0.643142276443541 0.591454219073057
0.633782939985394 0.589865733403713
0.631184564437717 0.592737180180848
0.64191941684112 0.577410709112883
0.616414557676762 0.578267898410559
0.623603031970561 0.56338416505605
0.631019281223416 0.560323572717607
0.645955915097147 0.49801544751972
0.630764614790678 0.464130686130375
0.671317594591528 0.467016241047531
0.694801401812583 0.437108506914228
0.644517687615007 0.425134512130171
0.657484697643667 0.424885259475559
0.677191274240613 0.402114800177515
0.692750957328826 0.382571673486382
0.701487274840474 0.381668440066278
0.706627482548356 0.366142869461328
0.71199735160917 0.342570826411247
0.710094629786909 0.341233546845615
0.708906199783087 0.331179255619645
0.684519216883928 0.310683354269713
0.690451621543616 0.303942530881613
0.735977543052286 0.283372716978192
0.759197118226439 0.267403075005859
0.74344589561224 0.298648128751665
0.713978335727006 0.318444898817688
0.719755228143185 0.328996854368597
0.744902736507356 0.310874401126057
0.747214508708566 0.345094070769846
0.765444140415639 0.324916837736964
0.76077356794849 0.298866096418351
0.780434591230005 0.293410683516413
0.782265764195472 0.327514528296888
0.776443718466908 0.351999554317445
0.81096058152616 0.347753925248981
0.805144377518445 0.358295804355294
0.804873168002814 0.362083368003368
0.806726458482444 0.362293673213571
0.819896398577839 0.35119218705222
0.809805837925524 0.373035051859915
0.793367388192564 0.359051794745028
0.788658499717712 0.364230595529079
0.791869099717587 0.367339225951582
0.809735686052591 0.392029772512615
0.810047451872379 0.40377595834434
0.806883790064603 0.412216977216303
0.826528535224497 0.378140077460557
0.830548159312457 0.369884564075619
0.829044582787901 0.3527936139144
0.823726013768464 0.349349714349955
0.862858544103801 0.315932625904679
0.865716376807541 0.359875646419823
0.896906336769462 0.457406143192202
0.887017670087516 0.534486043266952
0.903197844978422 0.549131860025227
0.902918674517423 0.493742780759931
0.895965213421732 0.532031781040132
0.895321147050709 0.473735618870705
0.906912352889776 0.469909487757832
0.912050288170576 0.478876047302037
0.912409755401313 0.461691530421376
0.885911567136645 0.416348544415087
0.879065923858434 0.354232918936759
0.877669955138117 0.332185343373567
0.888785248156637 0.339246057439595
0.908665474038571 0.32271241536364
0.90198828605935 0.32328869914636
0.89037950290367 0.328022361267358
0.867993019055575 0.281922570429742
0.861003610305488 0.285481163766235
0.826162063982338 0.297683875542134
0.835570306051522 0.280024181585759
0.850768688134849 0.27091971039772
0.8742500776425 0.218690761364996
0.839845572132617 0.238303449936211
0.840177227277309 0.221625878475606
0.840167062822729 0.22043621679768
0.907069298904389 0.128611519467086
0.910502166021615 0.133587403222919
0.913209797814488 0.166110527236015
0.912386175710708 0.165991357062012
0.890928318258375 0.202163481153548
0.895036121364683 0.20220746519044
0.899133558385074 0.224018201231956
0.884818747173995 0.221731031313539
0.866389656905085 0.277320089749992
0.880703344009817 0.268616204150021
0.9032655605115 0.284532271325588
0.902445329353213 0.267498628702015
0.914573318324983 0.216421806719154
0.945372964255512 0.140478931367397
0.946160526014864 0.138220189139247
0.943658737000078 0.155821574851871
0.933805092703551 0.176567621063441
0.933503021486104 0.170347418170422
0.931543524377048 0.178063677158207
0.908707362599671 0.277062391862273
0.909092796035111 0.281271936371922
0.915216943249106 0.327366784214973
0.91432440513745 0.325724152382463
0.914920179639012 0.391232788562775
0.945770523510873 0.540885315742344
0.948694557882845 0.544928488787264
0.952252842951566 0.563780306372792
0.940687910187989 0.598490819800645
0.93822015915066 0.606532506179065
0.933258677367121 0.564424760174006
0.930224230512977 0.525290434714407
0.919749595224857 0.486522085033357
0.921744891442358 0.474438350182027
0.923577719368041 0.457800174131989
0.92412409093231 0.445950553286821
0.909554172772914 0.43911415617913
0.916571365203708 0.460223523899913
0.906952992081642 0.50615463918075
0.916543663479388 0.522105953190476
0.921773248817772 0.561869398225099
0.900648314040154 0.584364944137633
0.888338923454285 0.566503204870969
0.871862228959799 0.482644559815526
0.877510773018003 0.566976797766984
0.865788641851395 0.581178307067603
0.88208040362224 0.585708377882838
0.878923648037016 0.637488600797951
0.883199410047382 0.612744669895619
0.897351538296789 0.626259647775441
0.913345043547451 0.659553939942271
0.917729818727821 0.653720150701702
0.919439326971769 0.658302362542599
0.921989322640002 0.599980341270566
0.918942254502326 0.670660030096769
0.930512939579785 0.649955508764833
0.943040364421904 0.643128935713321
0.938249381724745 0.693039009813219
0.941181369125843 0.705772714223713
0.945687259547412 0.712937877047807
0.945045704487711 0.715360315516591
0.930879670195282 0.709998311940581
0.925355427432805 0.706859101075679
0.913961709477007 0.697203379590064
0.904194377362728 0.652178223710507
0.892703556455672 0.650153649970889
0.883386630099267 0.703087842091918
0.883902732282877 0.725113302934915
0.887466988060623 0.732833097688854
0.882582262158394 0.745504725724459
0.898122974205762 0.755819532554597
0.902250881772488 0.739217536989599
0.90378025919199 0.706925774458796
0.906606785953045 0.723426752723753
0.915913809556514 0.746420190203935
0.905315613839775 0.795250455848873
0.897315222769976 0.817115391138941
0.896138855721802 0.827681694179773
0.895872636232525 0.838280213531107
0.889782450161874 0.841347276698798
0.893488726578653 0.872924431692809
0.901094612199813 0.880391319282353
0.896929645910859 0.899345589336008
0.907858166377991 0.896256249397993
0.913893159013242 0.850719796493649
0.939056393690407 0.726829370018095
0.940831111278385 0.743097538594157
0.955190673936158 0.742855664342642
0.961352712474763 0.671467827633023
0.962001375854015 0.661978702992201
0.951094073243439 0.484002446290106
0.956732412800193 0.36432660697028
0.936533632222563 0.310020877514035
0.940147862304002 0.244145257864147
0.935947961639613 0.21057629911229
0.950068655889481 0.127026818227023
0.94819058990106 0.0961622889153659
0.91980375116691 0.118766268249601
0.907853085547686 0.115907182916999
0.815750041045249 0.241916149388999
0.810706050600857 0.240647561848164
0.796254202723503 0.24171122116968
0.786258909385651 0.263330149929971
0.775692884810269 0.274258707650006
0.764703632798046 0.266238436568528
0.781523012556136 0.244965918827802
0.7872249702923 0.227434000466019
0.760452663525939 0.220369523856789
0.791512295138091 0.227618045639247
0.796210145112127 0.209523042663932
0.79680657107383 0.178675493225455
0.806779241655022 0.177006585989147
0.842812538612634 0.197597035206854
0.84267861302942 0.193115608766675
0.82635698793456 0.163506148383021
0.832236093003303 0.157458754722029
0.85224836692214 0.147905562538654
0.846271350514144 0.146382641512901
0.824018690735102 0.145461615175009
0.8060915726237 0.137478641234338
0.76502819545567 0.117706286720932
0.7636490133591 0.129892060998827
0.768813148606569 0.127951123286039
0.769834821112454 0.146171232685447
0.745906650088727 0.119998082052916
0.693156415596604 0.116420887410641
0.66268278285861 0.106872748583555
0.66291939932853 0.109589390456676
0.698337834328413 0.127710279077291
0.767321383114904 0.153928196989
0.775829144753516 0.200115477200598
0.723833767231554 0.150127792730927
0.689149210229516 0.145059647969902
0.658422258682549 0.152694283053279
0.709984978660941 0.161838210653514
0.76567004667595 0.202717770356685
0.771875650156289 0.206095323432237
0.729623958934098 0.197720528114587
0.723007040563971 0.204954450950027
0.703782874159515 0.202256283722818
0.712300969753414 0.221239260397851
0.658767402172089 0.165281614288688
0.63784777931869 0.121376076247543
0.617189451586455 0.0763637940399349
0.622326945420355 0.0829147356562316
0.663155901245773 0.143597573507577
0.681022160220891 0.134413209743798
0.655623807571828 0.114554616622627
0.64219318004325 0.0931949401274323
0.637124691624194 0.0868117087520659
0.640792026184499 0.0826946380548179
0.680021916050464 0.0862276307307184
0.657853460405022 0.0646264837123454
0.706606349907815 0.0680662365630269
0.757838910445571 0.0702418033033609
0.795723665971309 0.0698391543701291
0.827176194638014 0.0474116941913962
0.808059835340828 0.0310968705452979
0.80083945626393 0.0206040656194091
0.785816487856209 0.0198567360639572
0.770941918250173 0.016372187063098
0.778061368968338 0.0210421825759113
0.802321235183626 0.0360503513365984
0.777284636162221 0.0532799940556288
0.731326749548316 0.0399648286402225
0.708781454712152 0.0359417502768338
0.692020170390606 0.0252085481770337
0.686295699328184 0.0258455276489258
0.676468036137521 0.0307144885882735
0.651477738283575 0.0118087423034012
0.775580327957869 0.0378932245075703
0.736852898728102 0.02687754528597
0.73288580449298 0.00439673708751798
0.724178088828921 0.0181487086229026
0.652622686233371 0.00967695889994502
0.569133296608925 0.00284935347735882
0.579543347470462 0.0239727860316634
0.615948367398232 0.0312303681857884
0.570519101805985 0.0357810920104384
0.503359488677233 0.016628775279969
0.522769604809582 0.0129627389833331
0.401237091980875 0.0171422678977251
0.367931234650314 0.0251908837817609
0.338302493561059 0.0144234565086663
0.271961326245219 0.00504396250471473
0.380910234060138 0.00762213207781315
0.402122719213367 0.00666155153885484
0.382614762056619 0.00235491897910833
0.397243458777666 0.00459088012576103
0.483677386771888 0.00434241723269224
0.341268496122211 0.00139557290822268
0.535238020587713 0.000583881977945566
0.778936567250639 0.00265809008851647
0.827451149467379 0.00658839382231236
0.829689458012581 0.0178107167594135
0.835367277730256 0.025840419344604
0.837508502416313 0.0141989174298942
0.831597668118775 0.0486605763435364
0.850651600863785 0.0564489490352571
0.879852432291955 0.0579319270327687
0.885263347998261 0.0719936648383737
0.887404405511916 0.0727292387746274
0.842080814763904 0.0712347747758031
0.780344187282026 0.0901114861480892
0.794946886599064 0.107326623052359
0.795970738399774 0.109728852286935
0.791034104768187 0.103828841354698
0.788517490494996 0.115352329332381
0.781945806462318 0.111592023167759
0.757009217049927 0.0756402579136193
0.717085332144052 0.07611054321751
0.727345605846494 0.080165492836386
0.704199704807252 0.0816365177743137
0.711503475438803 0.107816030737013
0.729551164899021 0.105869386810809
0.740462423767895 0.0951890526339412
0.794352277182043 0.118911564350128
0.822700828313828 0.123278352431953
0.832620469853282 0.118678797967732
0.850973575375974 0.0922918096184731
0.856731855776161 0.0954621341079473
0.91015984909609 0.0820938930846751
0.899377778638154 0.0158063098788261
0.926944266073406 0.045481073204428
0.932574398349971 0.0410585105419159
0.923652750439942 0.0556001933291554
0.907228626310825 0.0890186564065516
0.88263670867309 0.09685990633443
0.884320551995188 0.123399097938091
0.862076256424189 0.153973653446883
0.877161977812648 0.141924668569118
0.92639248771593 0.0845616790466011
0.931167381815612 0.0627601058222353
0.956251171417534 0.0472845053300261
0.943877081386745 0.0429435879923403
0.956089910119772 0.00249600643292069
0.961134577635676 0.00835526082664728
0.985722812823951 0.00610194867476821
0.996229872573167 0.0581810246221721
0.996020055841655 0.179867162369192
0.994940957520157 0.068119240924716
0.977913586422801 0.0858745560981333
0.972595821134746 0.0261551742441952
0.972331758588552 0.0293562244623899
0.961197803262621 0.0551022915169597
0.971627341583371 0.0828212616033852
0.966108857654035 0.167590365745127
0.963685582857579 0.100778303574771
0.958508386742324 0.125266476534307
0.962105558719486 0.194679727312177
0.969107801094651 0.197186397388577
0.979977705981582 0.137892391066998
0.992780599277467 0.133947966620326
0.993049657903612 0.150525305885822
0.989881581626832 0.271911812014878
0.992490715812892 0.321904985699803
0.988413862884045 0.314260866492987
0.988353319000453 0.261147200595587
0.980737058911473 0.205155560281128
0.951974365394562 0.260027959011495
0.952864340972155 0.283292275387794
0.954431398306042 0.28602235019207
0.982681012246758 0.242754405830055
0.987087823916227 0.320870333351195
0.990667047444731 0.376580611336976
0.983906822744757 0.416863628197461
0.981820943765342 0.375631199683994
0.973854662850499 0.312062262557447
0.965711863711476 0.308040811680257
0.963655053637922 0.313186540268362
0.952937697060406 0.310154327657074
0.966859558597207 0.318816347047687
0.957083234097809 0.339083245955408
0.963612382300198 0.393184129614383
0.967508542817086 0.451443932484835
0.976685133296996 0.554140994790941
0.983773858752102 0.523894594050944
0.981252153404057 0.476293731015176
0.977311661466956 0.45869213482365
0.984455655794591 0.444128610659391
0.992699989583343 0.391137987840921
0.995612813625485 0.464487477205694
0.995916412211955 0.380560136400163
0.996740734670311 0.441242652013898
0.995845786295831 0.481906730681658
0.987614300567657 0.497512158937752
0.9924993282184 0.666952761821449
0.994654248934239 0.689086095895618
0.994470615405589 0.550948465242982
0.996033782139421 0.494227487128228
0.997938661836088 0.52526729227975
0.99614687031135 0.602167075499892
0.997603235766292 0.682718972209841
0.997308935038745 0.711325043812394
0.990430572535843 0.675995125900954
0.986972045153379 0.593225922435522
0.976839317008853 0.57983497902751
0.966540822759271 0.702113276813179
0.962405050173402 0.748199447523803
0.964733590371907 0.495713902171701
0.96233336860314 0.497549540828913
0.962234537117183 0.689089208841324
0.961705820634961 0.709827359300107
0.958213337697089 0.793579697143286
0.945879126898944 0.776794142555445
0.942199396900833 0.760242428164929
0.925967125222087 0.816811725497246
0.952469752635807 0.807355147320777
0.946901444345713 0.783874333836138
0.947483825962991 0.781433925498277
0.957183190621436 0.827372991014272
0.965719217434525 0.802455337252468
0.969973926898092 0.815934326034039
0.974494746420532 0.793338784947991
0.971431901212782 0.880403446499258
0.98098730109632 0.68195118336007
0.979611044749618 0.762202663347125
0.983551984652877 0.806290995329618
0.990892708767205 0.791277186945081
0.993591997306794 0.757353628519922
0.993861398193985 0.842167665716261
0.993925823364407 0.942652376834303
0.983065892476588 0.923353252932429
0.978358485735953 0.884832969401032
0.972664251923561 0.878769667353481
0.975154480431229 0.924015122000128
0.955613085068762 0.903504377696663
0.998339077457786 0.984997658059001
0.900797746144235 0.997527146711946
0.905605542473495 0.995544463396072
0.933515891898423 0.987792439293116
0.938648216426373 0.985527557786554
0.952260655350983 0.976428755093366
0.916448624338955 0.974878482054919
0.86411536578089 0.953231803141534
0.87313498230651 0.95659300358966
0.892916056793183 0.940520979929715
0.903897565323859 0.93317913543433
0.891530718188733 0.955075769685209
0.904424710664898 0.963010701816529
0.926495402120054 0.916638093534857
0.907593512441963 0.953272865153849
0.928306022193283 0.902771581895649
0.945147973485291 0.879798269830644
0.947349089663476 0.878292701672763
0.962512061465532 0.883458836004138
0.933584549464285 0.869555126409978
0.907918730285019 0.899307952728122
0.897332367487252 0.92973714042455
0.869181260466576 0.938061595894396
0.855451134499162 0.932589775882661
0.874397679232061 0.910268891137093
0.844902043696493 0.907785835675895
0.856576168909669 0.868714613374323
0.861834526993334 0.851069629192352
0.880592932458967 0.760187693405896
0.872657660394907 0.77524329861626
0.852396285161376 0.854097598232329
0.854209322016686 0.836794431786984
0.859418911393732 0.801847394555807
0.877994010224938 0.697474642191082
0.885546120349318 0.6509990375489
0.844982121605426 0.831972240004689
0.822729472070932 0.880896349903196
0.842956808395684 0.875499416608363
0.828700468875468 0.938434347044677
0.810427577234805 0.962424212601036
0.814776419661939 0.968946789857
0.815862965304404 0.972072915174067
0.815362779423594 0.972314010374248
0.86989165795967 0.977824696339667
0.887425053864717 0.985238052904606
0.883849924430251 0.999980394728482
0.718500064220279 0.9959995476529
0.725484947673976 0.985159845557064
0.740978064481169 0.973208713810891
0.743201557081193 0.986288970336318
0.755695401225239 0.992129035759717
0.759360703174025 0.985688226297498
0.754908414557576 0.954583270009607
0.775147236417979 0.934034518431872
0.797033977694809 0.917477705981582
0.800187255721539 0.921400015708059
0.815404613967985 0.906404220033437
0.812000000383705 0.891593420412391
0.742966184392571 0.953363680280745
0.755165804643184 0.941065819002688
0.79577582096681 0.901198078878224
0.797682077623904 0.89740540413186
0.740647172555327 0.946376054082066
0.727531189564615 0.959750729147345
0.717890811152756 0.970869759563357
0.666382923256606 0.936507408507168
0.708151202648878 0.933198865968734
0.72699969727546 0.922883336897939
0.662806313484907 0.930580660235137
0.64513548836112 0.947237567510456
0.700389279052615 0.963274492882192
0.611612804699689 0.978135161101818
0.649980732239783 0.9668346834369
0.551266097463667 0.985741266515106
0.599690396804363 0.988224427681416
0.693323461338878 0.977126315236092
0.698518630117178 0.995072054676712
0.694324884098023 0.993677209597081
0.681339873000979 0.984862598590553
0.621225812472403 0.991746655199677
0.559246158227324 0.996971515472978
0.517122176941484 0.993757900781929
0.535038421396166 0.979274373501539
0.569854152854532 0.956571857444942
0.588141174986959 0.953545166179538
0.584079769905657 0.966835028957576
0.599093576427549 0.950549114029855
0.625560509040952 0.937218869570643
0.584499971009791 0.923061265144497
0.557081950362772 0.912768143229187
0.551121759228408 0.916500379797071
0.573758595157415 0.901247932575643
0.568603604566306 0.893348050303757
0.629054796416312 0.870360658504069
0.600700224749744 0.887552775908262
0.59629042679444 0.892228440847248
0.589601973537356 0.917185577563941
0.592207425273955 0.915944418404251
0.620882543269545 0.901037578936666
0.624567543622106 0.908449285663664
0.61613342911005 0.920747496187687
0.621272297110409 0.92561956634745
0.637062906753272 0.932423911057413
0.65118812629953 0.927262655459344
0.696917982306331 0.903372250497341
0.667226381599903 0.908244414720684
0.652005879674107 0.911159594543278
0.671650202013552 0.89344846829772
0.686783463694155 0.896211485378444
0.720895657781512 0.880698869936168
0.707740272395313 0.88148523773998
0.703303540125489 0.876797402277589
0.682113432791084 0.87147559504956
0.650048764422536 0.87060520099476
0.67185380263254 0.859995895531029
0.690032706130296 0.851905432064086
0.70745009649545 0.850233796518296
0.70613600499928 0.863875501323491
0.729373359121382 0.856858759187162
0.73194690188393 0.894828093238175
0.736296323128045 0.900746427942067
0.776578962802887 0.808665193151683
0.750104282982647 0.848504912573844
0.733005917165428 0.843677125871181
0.696031369268894 0.843453829642385
0.685949236154556 0.843238530680537
0.641134328674525 0.867007500492036
0.634762574918568 0.864051576703787
0.684526169672608 0.837829496711493
0.622027387842536 0.856560475192964
0.641599893569946 0.836208133492619
0.651507403701544 0.824697068892419
0.614212332759053 0.845705405808985
0.549009328708053 0.896096726413816
0.520175946876407 0.950044211931527
0.541856878902763 0.930914341937751
0.562717513181269 0.921445693820715
0.556781175080687 0.928200520575047
0.551232357975096 0.951492073014379
0.548247129656374 0.940445362590253
0.532956532202661 0.95706231193617
0.500473605003208 0.980976031161845
0.492875934578478 0.918860402423888
0.487864966038615 0.90920699108392
0.501558463554829 0.903613638132811
0.51718085585162 0.90170585969463
0.537592290434986 0.893458694685251
0.543919243849814 0.892051544040442
0.608167782891542 0.831227711867541
0.571337420493364 0.863073194865137
0.587009522132576 0.843134242575616
0.573595860507339 0.823959919158369
0.59531396208331 0.812163308728486
0.596577392425388 0.81722963321954
0.598356230184436 0.821120250038803
0.642877458594739 0.80858744867146
0.67342782439664 0.811728671658784
0.687294385395944 0.805025666486472
0.706821120809764 0.801005954388529
0.752839686349034 0.779088671784848
0.749413059093058 0.814401732757688
0.767189494799823 0.798403538297862
0.784450157545507 0.782821213360876
0.792481994256377 0.760787858627737
0.817594617605209 0.713782333768904
0.843220697250217 0.68432850856334
0.851515175309032 0.685414968058467
0.809330002870411 0.762425991240889
0.812134007457644 0.770305549260229
0.816347936168313 0.762524139601737
0.81705474620685 0.765437602065504
0.802467686124146 0.803156865760684
0.772389085032046 0.826988551300019
0.77008360484615 0.84497446520254
0.761919331271201 0.887126501649618
0.816529895178974 0.803731661755592
0.836000941228122 0.783828885760158
0.826185435056686 0.825663566589355
0.828119129408151 0.860832917504013
0.840048001147807 0.756459918804467
0.82743718707934 0.758058508392423
0.828352516051382 0.751948867924511
0.835255840327591 0.746319944038987
0.857209744863212 0.693015026859939
0.860120006371289 0.676249866839498
0.858007448725402 0.674385807942599
0.860984025988728 0.632537046447396
0.847286977339536 0.637295536696911
0.818734909407794 0.684565308038145
0.81021635606885 0.704790795221925
0.817558690905571 0.629088776186109
0.80513854464516 0.645489930175245
0.803634639363736 0.626013961154968
0.787103698123246 0.610072982031852
0.803728360217065 0.573599276132882
0.826247448567301 0.575455099344254
0.865599936805665 0.592911183368415
0.857909937389195 0.546434888616204
0.862934303004295 0.481903828214854
0.855225690174848 0.522227339446545
0.852923749014735 0.485853299964219
0.852056626230478 0.521174462977797
0.848859127610922 0.528004994615912
0.833196497522295 0.559021290857345
0.835448024794459 0.571198477875441
0.796520897187293 0.549818218220025
0.830495161004364 0.549047584179789
0.838540002238005 0.527443317696452
0.824498809874058 0.514122736174613
0.813734772149473 0.524968793615699
0.830510633997619 0.475490830373019
0.854489408899099 0.474969876930118
0.853441295213997 0.483820664696395
0.858163826633245 0.464474434964359
0.856781836599112 0.444459788035601
0.849137363955379 0.431097983382642
0.842706182971597 0.432394603267312
0.848441112786531 0.425126474816352
0.843140710145235 0.377378508448601
0.84044803539291 0.371474812272936
0.845141880214214 0.419217738788575
0.838834823574871 0.427302459254861
0.828105182386935 0.438643184024841
0.818999686278403 0.442786682862788
0.829078149050474 0.434033437166363
0.830494910012931 0.386771010700613
0.801990421488881 0.465303599834442
0.814076204318553 0.473410326056182
0.831503599882126 0.438596794847399
0.82462953729555 0.479993047658354
0.794073163066059 0.540203154552728
0.785327970981598 0.541864736936986
0.78290893509984 0.548868882469833
0.793050456792116 0.569105430040509
0.770635100547224 0.589433704037219
0.771265933755785 0.642968619707972
0.774136366788298 0.656728196423501
0.769251431338489 0.677821024786681
0.790306329727173 0.6493931110017
0.799028893001378 0.644166162237525
0.810497085098177 0.651357115246356
0.798486900981516 0.702456966042519
0.771238158456981 0.738113485276699
0.768767045810819 0.747239203192294
0.757690456230193 0.741051181219518
0.758796872105449 0.738641612697393
0.741928797680885 0.736849089618772
0.750509827863425 0.746374428737909
0.734237247612327 0.780853971838951
0.70356816612184 0.779889699071646
0.661388287786394 0.785117567982525
0.669028676114976 0.785058339592069
0.705832536797971 0.793638321105391
0.675934332888573 0.80548112699762
0.638037667609751 0.792099992278963
0.592471925076097 0.796906667295843
0.615978489164263 0.777801037300378
0.637783732265234 0.774743232876062
0.67084574373439 0.770022647455335
0.697887586895376 0.759735812433064
0.687755210325122 0.758827050682157
0.702333169057965 0.750808523967862
0.706554414704442 0.749451698735356
0.710264618974179 0.755554682575166
0.730384045280516 0.755115821026266
0.734090552199632 0.722528439480811
0.728679513093084 0.687964900396764
0.743330158293247 0.687723879702389
0.731771294027567 0.672544005326927
0.751030909828842 0.665122754871845
0.742873017210513 0.614696035627276
0.742920719552785 0.630809945985675
0.737096877302974 0.659482908435166
0.737455980386585 0.648696899414062
0.720438989344984 0.643768005073071
0.710513696074486 0.675437277648598
0.681177503429353 0.703612361103296
0.696303757373244 0.707138297148049
0.694219464901835 0.728936596773565
0.690162859391421 0.731649068649858
0.709160980768502 0.738763351459056
0.694241245277226 0.748099888674915
0.682122537866235 0.741867704316974
0.650400653015822 0.760604903101921
0.680450282990932 0.731444994453341
0.687556827440858 0.724931336939335
0.676509970799088 0.710698498412967
0.688339259941131 0.683950368780643
0.655908632092178 0.68585201445967
0.63163143908605 0.68854923453182
0.614804490935057 0.699968641158193
0.607338072732091 0.709371474571526
0.596237154211849 0.729654752183706
0.65693769371137 0.705349040683359
0.677396647632122 0.726090051233768
0.66933439578861 0.734528173692524
0.607419048435986 0.747633423656225
0.587134072557092 0.76155347423628
0.592207069508731 0.772914346307516
0.607123662251979 0.778296204749495
0.590186406858265 0.781720309518278
0.559871422126889 0.796988416928798
0.56322164600715 0.788355975411832
0.52608558582142 0.796342922374606
0.512924865353853 0.813070616219193
0.490283526945859 0.845244378317147
0.557065685279667 0.803130941931158
0.547248241491616 0.812994492705911
0.476257817819715 0.862364151049405
0.552214269060642 0.836824933998287
0.523604984395206 0.853770603891462
0.548468006309122 0.853465490508825
0.548388910479844 0.876761295832694
0.520773441530764 0.886350273154676
0.512218551710248 0.855692740529776
0.472958691418171 0.867779922671616
0.454285379499197 0.874647615477443
0.452472101897001 0.862919941544533
0.44253861811012 0.854681198485196
0.464054689742625 0.835181318223476
0.497290292754769 0.812171378638595
0.496002488769591 0.807607404887676
0.488370169419795 0.800676926504821
0.465072038117796 0.816385023295879
0.453029324766248 0.831001219339669
0.388663805555552 0.899266039486974
0.413869301788509 0.857163016684353
0.396756038535386 0.857008341699839
0.389448880217969 0.86790612526238
0.400279880035669 0.87568852910772
0.382142421789467 0.883206051774323
0.363163111265749 0.90567415067926
0.361372466664761 0.906500685960054
0.355023154988885 0.915737911593169
0.355780156329274 0.916487301699817
0.342806699685752 0.936434363014996
0.378780995961279 0.921963142231107
0.393475533463061 0.911586786154658
0.413517551496625 0.8948814580217
0.448557188268751 0.891442216467112
0.408564489800483 0.914104063995183
0.42527090664953 0.917687652632594
0.477269098162651 0.903932023327798
0.486445430200547 0.898611285723746
0.482024773489684 0.91873967461288
0.487878108862787 0.918890255037695
0.368210292886943 0.935781387146562
0.365758975967765 0.935461595654488
0.363492580130696 0.950431681703776
0.410979274660349 0.944590699858963
0.42132654087618 0.945193154271692
0.428238380234689 0.942123031709343
0.468501111958176 0.937753996811807
0.489269114099443 0.96584713505581
0.480168939568102 0.971791457384825
0.444642371498048 0.971544244326651
0.414728282019496 0.968432020861655
0.415321058128029 0.965840895660222
0.377612536307424 0.955395438242704
0.360117697156966 0.95397520205006
0.353857171256095 0.957814359571785
0.328078452963382 0.971781115978956
0.386299437843263 0.974975135643035
0.387706827372313 0.97906853351742
0.357864764519036 0.980497903656214
0.325872377492487 0.9952208888717
0.355384213849902 0.988723172806203
0.388504106085747 0.983437519986182
0.440140007063746 0.989536598324776
0.514163016341627 0.982005725149065
0.449973392300308 0.993459222838283
0.501243452075869 0.993655350990593
0.439221964217722 0.999198315199465
0.32350574946031 0.997699179220945
0.287789795082062 0.996600267477334
0.286063991021365 0.98952938709408
0.269078705925494 0.98766979528591
0.272383756469935 0.983361695427448
0.22869761288166 0.983176661189646
0.245410459581763 0.961884566117078
0.264418066479266 0.949803160969168
0.271545782219619 0.941631252411753
0.279383517801762 0.946074016392231
0.297566860448569 0.936910588294268
0.317305355332792 0.933115502353758
0.285420584492385 0.948380261659622
0.311512322630733 0.947552266996354
0.314853057265282 0.971096978057176
0.329713358078152 0.949401095509529
0.333155340980738 0.941996653564274
0.317683097440749 0.931537483353168
0.260903114452958 0.922697337344289
0.291112316772342 0.922308900393546
0.372273044195026 0.855221456382424
0.341670744121075 0.888439199421555
0.336739663500339 0.899899381678551
0.337391026783735 0.906723608728498
0.315687428694218 0.917184305842966
0.351584191899747 0.913606134708971
0.377068711444736 0.862575756385922
0.384176780935377 0.849860967136919
0.449010213371366 0.823501590639353
0.449421448167413 0.796482361387461
0.397660202346742 0.824666616972536
0.398678704164922 0.819355125539005
0.369297309312969 0.842274465598166
0.34620026871562 0.852433694526553
0.3320820662193 0.867700150236487
0.309748838655651 0.853984605986625
0.304254506714642 0.858397176954895
0.303659623488784 0.861469903960824
0.285799239296466 0.863832222763449
0.286117957439274 0.870666936505586
0.28108829818666 0.884387698955834
0.256035784259439 0.902293485123664
0.230409282259643 0.938580818939954
0.235268958378583 0.92851513531059
0.234246028121561 0.924961076583713
0.217464180663228 0.950003262609243
0.187023436650634 0.966677557211369
0.192698504775763 0.970949776470661
0.109764433931559 0.998623090796173
0.143312948290259 0.978170666843653
0.143105116672814 0.9591802242212
0.124938290566206 0.945760477799922
0.126386911142617 0.95056124124676
0.111165510024875 0.955427364446223
0.0994983911514282 0.986166476272047
0.093566186260432 0.998346760869026
0.00106712570413947 0.990175405051559
0.0165193411521614 0.984538849908859
0.0631048022769392 0.94723395537585
0.0196034195832908 0.985138420946896
0.0847971793264151 0.971735125873238
0.0720135914161801 0.961029259487987
0.0819540582597256 0.949987961445004
0.0971726793795824 0.958914132788777
0.103913325350732 0.945413886103779
0.0825639492832124 0.948160112369806
0.0744778420776129 0.934522614814341
0.0792170250788331 0.919177997857332
0.0952095915563405 0.926039105281234
0.0635550455190241 0.904792063403875
0.0414074040018022 0.904654887039214
0.0248225345276296 0.90671756118536
0.0433392184786499 0.925948779564351
0.00230882549658418 0.952624451369047
0.0138961272314191 0.842270733322948
0.0124943451955914 0.779251226689667
0.019313155207783 0.809351164847612
0.0180257447063923 0.76797050377354
0.0282325726002455 0.769891195464879
0.0320084858685732 0.781994254793972
0.0552284484729171 0.780992919113487
0.0758900330401957 0.782087283674628
0.0810296139679849 0.786856567952782
0.0779035803861916 0.782840480096638
0.0615976946428418 0.765936803072691
0.0466573145240545 0.774748396594077
0.0139002157375216 0.759991276543587
0.0113188573159277 0.743366654962301
0.0113482000306249 0.746407255530357
0.0104643502272666 0.743058117572218
0.00459471810609102 0.725375610403717
0.0387660362757742 0.737444953992963
0.0451917834579945 0.700645231176168
0.0691131148487329 0.693158455193043
0.0706600490957499 0.694078127853572
0.0961777614429593 0.67866189731285
0.0886525427922606 0.674599738791585
0.0486444788984954 0.69003781536594
0.0509391874074936 0.688155620824546
0.0971235008910298 0.642395215108991
0.0709755457937717 0.658294023014605
0.044000057503581 0.68389838328585
0.060716837644577 0.653247295878828
0.0502013801597059 0.662500652018934
0.0258529344573617 0.677451228257269
0.0500585311092436 0.64245953829959
0.0770525787957013 0.613586524501443
0.0904174228198826 0.608699207194149
0.0545884296298027 0.640735149383545
0.0957276509143412 0.613739912863821
0.0792943742126226 0.640341790392995
0.095707543194294 0.625621238723397
0.106795365922153 0.594294524751604
0.0721266740001738 0.580742788035423
0.0454159257933497 0.579813425894827
0.0703632975928485 0.576097623910755
0.0845645260997117 0.58025199919939
0.0866146259941161 0.572645769454539
0.126074233092368 0.564057475887239
0.166656557936221 0.52011077478528
0.112952070776373 0.496343749575317
0.180215907283127 0.521463516168296
0.198963350150734 0.541033263318241
0.22072207601741 0.509327372070402
0.209666046313941 0.470297459047288
0.167735741473734 0.473493031226099
0.116573460865766 0.478790691122413
0.0425707241520286 0.469946139492095
0.0657704556360841 0.487750490196049
0.0937499995343387 0.49458528123796
0.0978064187802374 0.494882789906114
0.100118463393301 0.50342109426856
0.104536931961775 0.499171220697463
0.125025207176805 0.514487598557025
0.127924566622823 0.516660083085299
0.11278112186119 0.532392830587924
0.143747585359961 0.539438694249839
0.120491839479655 0.543972141575068
0.104727420024574 0.531145025976002
0.101024498231709 0.544845394324511
0.0856366795487702 0.55340173188597
0.0902665057219565 0.531653679441661
0.0910724033601582 0.508324624039233
0.05083510838449 0.50003645196557
0.0522328554652631 0.517246461007744
0.0428670193068683 0.548235429916531
0.0444784038700163 0.568619575351477
0.0295950556173921 0.605820787604898
0.0346787483431399 0.618211827240884
0.0134596680290997 0.661303541157395
0.0167135689407587 0.694058989640325
0.00655460031703115 0.71782997995615
0.00231933500617743 0.718620692379773
0.000955651979893446 0.697771300561726
0.0111361248418689 0.662595478817821
0.0147360013797879 0.631588393822312
0.0158140379935503 0.516523968894035
0.0175863052718341 0.506380651611835
0.037829530891031 0.550134150311351
0.044387768022716 0.518792115617543
0.0438278340734541 0.494896911550313
0.00585359707474709 0.475031640846282
0.00744917942211032 0.447933613788337
0.0105876470915973 0.450324076693505
0.0546844345517457 0.488874565344304
0.0103126345202327 0.439618674572557
0.0528891594149172 0.44277983577922
0.0755181633867323 0.410422478336841
0.0830111638642848 0.427793491166085
0.060839812271297 0.462624699808657
0.0860866918228567 0.468546814285219
0.0859852829016745 0.467471721116453
0.119437929708511 0.46084419824183
0.134452854283154 0.449916632380337
0.089789760299027 0.466368373483419
0.144347613211721 0.445809097029269
0.121903425082564 0.393778331112117
0.164793817792088 0.407572948839515
0.174105566460639 0.404801760334522
0.187031972687691 0.408908498007804
0.196797843556851 0.409927959088236
0.207874952349812 0.414452336262912
0.161595785524696 0.429425648413599
0.180250986013561 0.431332824286073
0.212433035019785 0.431602736935019
0.219083785545081 0.412697616033256
0.201650644652545 0.37298770621419
0.19458319991827 0.391359302215278
0.115166880656034 0.381065780762583
0.187590282876045 0.359085744712502
0.207010966725647 0.356224961578846
0.184115768410265 0.345139711629599
0.167633077129722 0.327173986937851
0.157403449993581 0.330334717407823
0.154286866076291 0.322659975383431
0.123722776770592 0.319431511685252
0.110817704349756 0.304804120212793
0.0901930336840451 0.327108485624194
0.0787784508429468 0.328510104678571
0.0748090529814363 0.342211315408349
0.0673291608691216 0.354071668349206
0.124868839047849 0.324483772739768
0.159787042066455 0.348306336905807
0.183465517591685 0.348337906878442
0.152771543711424 0.360970994457603
0.131371939554811 0.368236165959388
0.100395066663623 0.365925839170814
0.0687049347907305 0.389388299547136
0.0574850626289845 0.383989679161459
0.084785595536232 0.37561196833849
0.0730230342596769 0.376028080936521
0.0661102379672229 0.377282778266817
0.0698895705863833 0.356945397332311
0.0517130857333541 0.369931377004832
0.049096423201263 0.374961597379297
0.0392864854075015 0.383744968101382
0.0543235209770501 0.420886638574302
0.011149859521538 0.437294855248183
0.00785371661186218 0.412718563340604
0.0066402698867023 0.39424849068746
0.0235812049359083 0.374983752612025
0.0057956762611866 0.391126735135913
0.0200593713670969 0.32244612975046
0.0299153449013829 0.340443485882133
0.0519643798470497 0.357568105682731
0.0427601775154471 0.356844822876155
0.0298872152343392 0.368375230580568
0.0238612336106598 0.366361654829234
0.0329009015113115 0.375336746685207
0.0558663536794484 0.361777455545962
0.0293384366668761 0.323503583669662
0.0583239430561662 0.293674777261913
0.061278949957341 0.291158858221024
0.0762112243101001 0.300623416900635
0.0970101989805698 0.307521963957697
0.104626928921789 0.293885245453566
0.0591005492024124 0.23745265416801
0.0393413184210658 0.286445066332817
0.0414588758721948 0.300334634259343
0.018882607575506 0.302306020166725
0.0227911612018943 0.298540504649282
0.00836523855105042 0.223664324264973
0.0172058385796845 0.291699761990458
0.0167206348851323 0.299748362973332
0.00555153517052531 0.238666879013181
5.80251216888428e-05 0.208103002980351
0.00787110719829798 0.205504127312452
0.0440156538970768 0.269124491140246
0.0408852049149573 0.250706002116203
0.0357974492944777 0.224060871638358
0.0152653590776026 0.199503049254417
0.0034220814704895 0.194506921805441
0.000172344036400318 0.178630165755749
0.0052633467130363 0.141025988385081
0.0150234596803784 0.166540735401213
0.0163710932247341 0.193266575690359
0.0232153628021479 0.16310524335131
0.0228752912953496 0.15709355706349
0.0505268131382763 0.215055812615901
0.0854036556556821 0.262962671462446
0.09774822415784 0.262285220436752
0.107763073407114 0.262546423822641
0.122979304753244 0.267627185210586
0.181850099936128 0.327727175783366
0.195054832380265 0.3452940848656
0.186539318878204 0.300528093241155
0.139715653378516 0.268474889453501
0.137816580943763 0.262672611977905
0.13702495303005 0.249563409015536
0.12029088800773 0.237127765547484
0.0901780966669321 0.241788789629936
0.0840598219074309 0.230193633120507
0.07573027536273 0.19880326744169
0.0952640813775361 0.21735095558688
0.104477342218161 0.218228711280972
0.0792949674651027 0.186632602009922
0.110069383401424 0.193135248031467
0.137508272193372 0.198485370259732
0.124192655086517 0.202353513333946
0.191770693287253 0.236944822594523
0.187921567354351 0.244306769222021
0.175765871070325 0.255550742615014
0.199938715435565 0.257841159589589
0.20750408899039 0.253554632887244
0.204672840889543 0.244588602799922
0.206383908633143 0.243389276321977
0.189392284955829 0.22632160782814
0.1358672962524 0.195593318901956
0.191815295256674 0.191885916981846
0.142404919955879 0.144375756848603
0.16956969210878 0.154180832207203
0.197509099263698 0.159022348467261
0.169392796698958 0.149923687335104
0.199889456387609 0.156049403827637
0.234504522755742 0.187354515772313
0.262877312954515 0.213398852851242
0.275468696840107 0.214168088044971
0.288294574245811 0.190263608470559
0.290952467359602 0.160951117519289
0.315522980410606 0.162144722416997
0.355117397382855 0.156419250648469
0.374057684559375 0.158907927572727
0.408268163911998 0.170994828920811
0.403653793036938 0.155930937733501
0.365938873495907 0.15723823569715
0.349933909252286 0.148705785628408
0.329753172583878 0.129796358756721
0.385761383455247 0.14465199271217
0.356371313799173 0.122540404554456
0.391289155464619 0.124915125314146
0.449918472673744 0.207482603378594
0.430710347369313 0.211158021818846
0.421715371310711 0.230136997997761
0.379760285373777 0.245620661880821
0.352271754760295 0.199168858584017
0.382467295508832 0.211343839764595
0.397141516208649 0.21627367194742
0.338587442878634 0.175088978838176
0.333844135981053 0.177143742796034
0.313198736868799 0.197642636485398
0.334835604764521 0.231737859081477
0.2981151714921 0.236815484240651
0.314548572525382 0.250290675088763
0.349706767592579 0.245010507293046
0.328112008981407 0.252992720343173
0.321358277462423 0.254898793064058
0.316418464295566 0.286321191582829
0.269967036787421 0.254607826471329
0.296049568802118 0.265093043446541
0.310476033017039 0.282145942095667
0.303665443789214 0.259964538738132
0.272174715064466 0.244439632631838
0.241790945176035 0.227045359089971
0.233516458421946 0.236665525473654
0.235946969129145 0.261565825901926
0.237572043202817 0.262091204989702
0.296413610223681 0.286231904290617
0.203598658554256 0.278517693281174
0.150326449424028 0.244520669803023
0.127875850535929 0.229137732647359
0.130795860663056 0.241533528547734
0.145923177711666 0.244744591414928
0.174187963828444 0.269034198019654
0.190367075614631 0.283455776516348
0.207134719472378 0.290359493810683
0.220726761501282 0.300280593335629
0.217722953297198 0.308244226966053
0.25308028049767 0.305083253886551
0.252230597194284 0.296681205742061
0.266296728979796 0.304560917429626
0.309303225483745 0.325055171735585
0.3269516332075 0.333253350108862
0.333430293481797 0.321484807878733
0.355806334409863 0.324425113387406
0.354483063332736 0.314169001299888
0.322879496030509 0.305867366027087
0.35505849448964 0.294924636837095
0.360857506748289 0.290336442645639
0.362883689813316 0.296340910717845
0.354114259593189 0.29895397182554
0.358968520071357 0.330096489749849
0.397131775040179 0.348869593348354
0.45356058049947 0.320948507171124
0.425163804087788 0.299512606114149
0.445587741211057 0.304117591120303
0.448376430664212 0.298738502431661
0.470242398325354 0.310353115666658
0.468949595466256 0.306997520383447
0.438670611940324 0.269205979537219
0.438167055603117 0.288276662118733
0.437603472732008 0.295599764678627
0.433235198259354 0.294683760497719
0.367461282294244 0.28193322615698
0.346976253204048 0.29199598915875
0.34354649996385 0.28769824327901
0.34758534329012 0.280665890313685
0.359191939700395 0.272074680775404
0.386437577195466 0.265821913722903
0.374196915887296 0.274431818164885
0.404163158964366 0.275182973127812
0.419622841756791 0.282835025340319
0.390334683004767 0.246487374883145
0.415069586597383 0.244791963137686
0.430583946406841 0.247054263483733
0.439497897401452 0.262556520756334
0.441175091080368 0.256122428458184
0.442363704089075 0.230155492201447
0.460392884444445 0.246214895509183
0.455169589724392 0.236289465334266
0.46174057200551 0.242986490484327
0.49061977211386 0.277825318276882
0.504319104831666 0.250381770543754
0.509837079793215 0.24318868573755
0.509839037433267 0.227890712209046
0.50733206095174 0.234204407315701
0.466765934601426 0.229318661149591
0.470834641717374 0.224914252292365
0.440294845495373 0.180827443953604
0.407195851206779 0.145059206523001
0.428834757301956 0.16195916198194
0.444114307872951 0.179395585786551
0.488467650022358 0.166477346792817
0.482346657197922 0.153262872248888
0.479465540032834 0.159355195239186
0.443237395491451 0.130966035183519
0.409684910904616 0.111782079562545
0.399553064722568 0.110972139053047
0.386669298168272 0.105472163762897
0.367980145383626 0.0806429656222463
0.370544940233231 0.0853320038877428
0.357807206455618 0.104835324455053
0.338322782889009 0.100255369674414
0.346754740457982 0.119952649343759
0.33502112608403 0.121441279537976
0.280057558324188 0.0596948964521289
0.297150820493698 0.0628825696185231
0.266232798807323 0.0444860998541117
0.254055377561599 0.0565241700969636
0.232819157652557 0.0466964053921402
0.223519184160978 0.0398396817035973
0.165141982957721 0.0350169143639505
0.226912726648152 0.0703605813905597
0.261677847709507 0.109769198577851
0.26110094320029 0.0755563867278397
0.277874466497451 0.0623104157857597
0.315339756198227 0.112943847663701
0.313556047622114 0.13614743668586
0.291368101257831 0.135543440934271
0.248832989949733 0.122245018836111
0.21763044828549 0.0918537485413253
0.190184608101845 0.0710424864664674
0.161742572207004 0.0593850356526673
0.189799821935594 0.0771220941096544
0.188154308591038 0.101446739397943
0.105137007310987 0.0980177209712565
0.150627387221903 0.106181488838047
0.175439456943423 0.109768341295421
0.196372863370925 0.126792924012989
0.205701766069978 0.131040293257684
0.226985279005021 0.138445131015033
0.242034869734198 0.14969598595053
0.235423312988132 0.152159484103322
0.247679635416716 0.149519027676433
0.267183279618621 0.147937207017094
0.268844358623028 0.148218185640872
0.249103524722159 0.192414592020214
0.241636963561177 0.164935178123415
0.193795312661678 0.140589190647006
0.220727510750294 0.158129493705928
0.139709307812154 0.121307586785406
0.11208081850782 0.114154798910022
0.137165921274573 0.149127651471645
0.119677310343832 0.136402175296098
0.110880459658802 0.148729177657515
0.105085365474224 0.149345789570361
0.0810267673805356 0.143448347225785
0.0650317477993667 0.129506984725595
0.0482670343481004 0.1160759748891
0.073590827640146 0.160617142915726
0.0693558594211936 0.156855201348662
0.0130856353789568 0.0997591116465628
0.0546878939494491 0.145391380880028
0.0614594710059464 0.157514659222215
0.0711802304722369 0.182344838045537
0.0171776181086898 0.117746740579605
0.00204766914248466 0.0975412502884865
0.00928304763510823 0.0763676702044904
0.00239972257986665 0.0572396516799927
0.025512820109725 0.0788112385198474
0.0215405840426683 0.0822685868479311
0.0171408941969275 0.0804267879575491
0.0441363528370857 0.094266957603395
0.0937591129913926 0.111902385950089
0.0523778591305017 0.108722921926528
0.0992892188951373 0.141522190067917
0.109103179071099 0.127028489019722
0.103460010606796 0.122094289399683
0.102927245665342 0.119397142436355
0.108514063060284 0.112560757435858
0.0785769992507994 0.102904844563454
0.0687418626621366 0.0934327808208764
0.0712288781069219 0.0861980859190226
0.0641477652825415 0.05980055173859
0.059829318895936 0.0609437287785113
0.0251986030489206 0.0543788657523692
0.0333229070529342 0.0520344376564026
0.0423877504654229 0.034425659570843
0.000861235428601503 0.0120290797203779
0.0565286041237414 0.0412598014809191
0.073266314342618 0.0389113975688815
0.0411522220820189 2.9455404728651e-05
0.0786066283471882 0.0258516087196767
0.0799693604931235 0.000551699660718441
0.133623752277344 0.00448569841682911
0.135384212248027 0.0186085207387805
0.0679419594816864 0.0286179450340569
0.0924252145923674 0.0367226395756006
0.0703384475782514 0.0518323741853237
0.133037844207138 0.0612323372624815
0.164084210991859 0.0833010654896498
0.163132200948894 0.0752429435960948
0.16647915635258 0.0747998058795929
0.147010467015207 0.0623414940200746
0.128998713102192 0.0526750618591905
0.132863017264754 0.0477376594208181
0.178872684016824 0.0584869855083525
0.145948842633516 0.0343453059904277
0.121776930987835 0.0323149235919118
0.177903422154486 0.0266070887446404
0.19208796415478 0.0341620375402272
0.187911938875914 0.0205104523338377
0.237218684051186 0.00161209003999829
0.250588531605899 0.00663005094975233
0.273891553748399 0.0221118596382439
0.302643719129264 0.0258653061464429
0.291061291936785 0.0282038510777056
0.337554315105081 0.0363092618063092
0.280225166585296 0.00839417241513729
0.323630291968584 0.0212186588905752
0.373006689827889 0.0329174348153174
0.381051240954548 0.035346383228898
0.406419808510691 0.0834252322092652
0.378470080439001 0.0532713630236685
0.358958811499178 0.0468837642110884
0.310092220082879 0.04822679143399
0.275490682572126 0.0281956121325493
0.327396262437105 0.0645479103550315
0.33250735886395 0.0696509657427669
0.327822646591812 0.0603562658652663
0.346814071759582 0.06871995376423
0.363649849779904 0.0570872789248824
0.367941530887038 0.0798282627947628
0.396579081658274 0.0855184397660196
0.44071203423664 0.111625833436847
0.450274271890521 0.113408572040498
0.431733589153737 0.0973581513389945
0.435302757192403 0.0660807825624943
0.452820083126426 0.0676768715493381
0.465348809491843 0.0658551757223904
0.474558064714074 0.0656354688107967
0.458461170084774 0.049873904325068
0.45172759424895 0.0492188376374543
0.427962900605053 0.0510444757528603
0.402799345552921 0.0245900736190379
0.431052756030113 0.0375252505764365
0.44131914852187 0.0210442822426558
0.53663677489385 0.0351351690478623
0.615702318027616 0.0433526234701276
0.699707634747028 0.0475454581901431
0.686846049968153 0.0444682301022112
0.711018453817815 0.050210271961987
0.665602547116578 0.0531777683645487
0.645772543735802 0.0472178724594414
0.643194676842541 0.0551653569564223
0.634274129290134 0.0531211486086249
0.625269981101155 0.0577724440954626
0.589887580834329 0.0526826996356249
0.555965986568481 0.0509682646952569
0.562149045988917 0.062593559268862
0.606816248968244 0.0671909246593714
0.610047809779644 0.06207902636379
0.600382297299802 0.0844708029180765
0.612335667014122 0.0759949707426131
0.596559127327055 0.0930209732614458
0.630576826166362 0.120458479505032
0.616065893787891 0.129713043104857
0.589979254640639 0.142159092240036
0.547470720950514 0.0826031952165067
0.556149791926146 0.0824502548202872
0.564810095354915 0.0717803100124002
0.528237011283636 0.0588677483610809
0.485475560184568 0.0522985928691924
0.528360401745886 0.0507997912354767
0.48114122916013 0.0405640881508589
0.457958993967623 0.043507345020771
0.471196979284286 0.0492779593914747
0.530934877227992 0.0677809668704867
0.496916897594929 0.0704710404388607
0.550430688075721 0.0985083701089025
0.532826309558004 0.0953840734437108
0.558083778712898 0.105344728101045
0.53241796977818 0.119346565101296
0.512659581843764 0.106464440468699
0.514620274771005 0.110460266005248
0.466063524596393 0.0811142516322434
0.456805136054754 0.0727425627410412
0.438624317292124 0.0815762542188168
0.451585842296481 0.089849547483027
0.45703844493255 0.0866928789764643
0.465121815446764 0.0966053949669003
0.473270245827734 0.124112776946276
0.478860976174474 0.113660066388547
0.506556685082614 0.144316575024277
0.519731263164431 0.165782819502056
0.558247170876712 0.164266228675842
0.561475604772568 0.153851185925305
0.587954807560891 0.186336481478065
0.599085798952729 0.183166769333184
0.574169970117509 0.202690714970231
0.568346510641277 0.206451504025608
0.574413544032723 0.209321912843734
0.615549237467349 0.180093445349485
0.624055687803775 0.18486102623865
0.630588477943093 0.16383106354624
0.63732499210164 0.151407135650516
0.610253092367202 0.178494720719755
0.592054813168943 0.148678885307163
0.619640687480569 0.142119249794632
0.637252842076123 0.131874051410705
0.660608112812042 0.177987337112427
0.662256738636643 0.1863082642667
0.669155499897897 0.202872093301266
0.694677351973951 0.228997687343508
0.723225174471736 0.236072390340269
0.715886984486133 0.207087193150073
0.746491091325879 0.228580123279244
0.738734443672001 0.243476622272283
0.728516610804945 0.246158880181611
0.709025398362428 0.247887406498194
0.672474382910877 0.233379293698817
0.704408769961447 0.28550158534199
0.69426421681419 0.277273820247501
0.663215300533921 0.221649268176407
0.66248936811462 0.219439109787345
0.63106641639024 0.190043397713453
0.630396755412221 0.217910094186664
0.606798819731921 0.224060824140906
0.597311358898878 0.212617074605078
0.572259013075382 0.21427926979959
0.607932150363922 0.23890963383019
0.615352925378829 0.229745993856341
0.633198697119951 0.23967959266156
0.631329510826617 0.260847291443497
0.641195659060031 0.272272673435509
0.61028438527137 0.294631222262979
0.640673901885748 0.289671078324318
0.642247566021979 0.277336655184627
0.668434009887278 0.277470037806779
0.683534902520478 0.294525244273245
0.672846087720245 0.31012886017561
0.669387291651219 0.293022486381233
0.650965868495405 0.288832888007164
0.673373046331108 0.335363856051117
0.654271850828081 0.347076994366944
0.631450891494751 0.33970092702657
0.64580207131803 0.325583206955343
0.655198880005628 0.310158782172948
0.590659447945654 0.303794212173671
0.579341039992869 0.259881948120892
0.551283572800457 0.251859607174993
0.599842638708651 0.262157006189227
0.575997041538358 0.224764287471771
0.57640001969412 0.228850525803864
0.537591869477183 0.223558300174773
0.522781244013458 0.19176376843825
0.50005461787805 0.193947025574744
0.50759484898299 0.203968045301735
0.519452578853816 0.218605394940823
0.528380417264998 0.233784427400678
0.465942266397178 0.177879453636706
0.473705663811415 0.190928904805332
0.496460627764463 0.215001587755978
0.510523877572268 0.223580992314965
0.526397237554193 0.24546836130321
0.537049748934805 0.266186932101846
0.529462922830135 0.264924982097
0.514990669675171 0.271672673057765
0.525902958121151 0.27550272969529
0.516108326613903 0.290677461307496
0.480429860763252 0.291953092906624
0.519137038383633 0.323847412131727
0.578063731547445 0.401968959718943
0.588189844973385 0.404892249032855
0.592227222397923 0.408163866493851
0.588651057332754 0.39559886418283
0.585768849588931 0.386241330299526
0.536424200981855 0.328261715359986
0.539905011188239 0.328606772236526
0.617659899406135 0.378707222174853
0.636109985876828 0.38159444462508
0.641900171060115 0.38021500967443
0.625275858677924 0.355793538037688
0.603224293794483 0.341721238102764
0.57474423199892 0.329680559691042
0.56405623909086 0.324461464304477
0.588867578655481 0.312022029887885
0.659001214895397 0.372212792746723
0.702792250085622 0.375186828430742
0.634539755061269 0.408811883069575
0.625037951860577 0.413994079455733
0.618933033663779 0.414911281317472
0.632467007264495 0.435305065475404
0.612152103334665 0.408801616635174
0.598967377562076 0.448021895717829
0.586299738381058 0.458261549472809
0.594089123420417 0.459571379702538
0.570433742366731 0.493995872326195
0.566762456204742 0.484527048654854
0.56962673086673 0.480527716688812
0.553208657540381 0.491788539104164
0.545019623357803 0.460845915600657
0.560426227282733 0.448268033564091
0.551381311379373 0.464140720199794
0.563843691721559 0.452586436178535
0.570816111750901 0.44534228509292
0.602354558650404 0.414589113090187
0.577690260019153 0.422894949559122
0.576013904530555 0.413872486911714
0.566306924447417 0.426765363663435
0.538047967478633 0.42722976859659
0.498601145576686 0.435465349815786
0.494323967024684 0.421712799929082
0.526693360880017 0.384043576195836
0.532311662100255 0.427090303041041
0.534856486134231 0.391890389844775
0.521418056916445 0.359468650072813
0.500780866015702 0.331003255676478
0.49607146019116 0.340560320299119
0.484623941127211 0.357939647510648
0.461535612586886 0.393948880024254
0.436527381185442 0.431638147681952
0.439717915840447 0.436491725035012
0.425816510803998 0.419888585805893
0.422527906019241 0.410362118855119
0.431343370117247 0.398109014611691
0.438721981830895 0.393800863064826
0.45701438235119 0.368479394353926
0.455286854878068 0.367150897160172
0.439746985211968 0.366798086091876
0.438231438864022 0.362850702833384
0.46735558193177 0.345239055342972
0.443756556138396 0.343292622361332
0.424746261443943 0.356343327090144
0.42440381180495 0.371463033370674
0.411597986705601 0.377523605246097
0.391270996071398 0.37331122579053
0.381465786136687 0.372930701356381
0.368136188946664 0.388801348861307
0.364677587524056 0.37999814003706
0.336570547427982 0.362507910002023
0.315216818358749 0.355258302763104
0.372908546123654 0.372485221363604
0.3543371995911 0.336145147681236
0.347583687864244 0.337405965663493
0.289937589783221 0.344042852520943
0.298070165328681 0.355400107335299
0.287081565707922 0.348164940718561
0.27970732236281 0.345510800834745
0.265209033619612 0.32598638208583
0.23569029243663 0.333591192960739
0.256250603590161 0.332505290862173
0.267731061670929 0.356448746286333
0.286631837952882 0.34875141363591
0.290316743310541 0.36212074989453
0.268620487302542 0.372339389286935
0.261723280884326 0.368042140733451
0.26087006740272 0.361423455644399
0.245227771345526 0.349727054126561
0.241374884732068 0.350902140140533
0.24241362977773 0.38288231799379
0.219486692454666 0.370595929212868
0.22856017248705 0.395653907209635
0.2349125565961 0.390802897978574
0.225133508443832 0.398650588002056
0.237054389901459 0.405413429252803
0.235395984724164 0.401953763794154
0.272904679179192 0.412546152248979
0.29930127505213 0.418627028353512
0.261922483798116 0.373309336137027
0.271663696039468 0.380821235943586
0.292377613019198 0.378801205661148
0.336186930537224 0.411348526831716
0.394622399006039 0.419268422760069
0.367760235909373 0.431595111265779
0.384408177342266 0.45831583859399
0.353097109124064 0.448845576494932
0.336235693190247 0.449458445422351
0.352011947426945 0.440001931041479
0.358235348481685 0.433607792947441
0.334956671111286 0.442298999987543
0.298052484169602 0.429791947361082
0.310203393921256 0.441052603535354
0.313696459401399 0.447047529742122
0.250801521819085 0.420363697223365
0.261030942667276 0.425166657660156
0.281306590884924 0.443594668526202
0.293941795360297 0.464875029865652
0.303357766475528 0.46532879723236
0.317783877719194 0.461886188481003
0.337916221935302 0.461089494638145
0.341577323153615 0.468543897382915
0.3758509689942 0.472645699512213
0.405237319879234 0.475679965689778
0.414126051124185 0.467451245523989
0.420958515256643 0.460334802977741
0.424604347907007 0.489276526961476
0.390510816592723 0.5021514557302
0.393322051502764 0.503682821523398
0.385681253392249 0.506235857494175
0.35611915262416 0.539921592921019
0.373972910456359 0.530403251759708
0.379337347112596 0.530590596608818
0.344096277374774 0.556709473952651
0.386903683654964 0.555802700575441
0.423881415277719 0.55476260650903
0.425078567117453 0.545006634201854
0.386892402078956 0.533898189198226
0.392549648880959 0.534340169280767
0.43003903888166 0.537579929921776
0.431697476655245 0.530820705927908
0.429137783590704 0.583417362999171
0.422341909725219 0.574416222982109
0.415888133458793 0.568122337572277
0.330057849176228 0.598423794377595
0.37887610308826 0.583213997539133
0.40571270044893 0.583021235652268
0.36217080289498 0.609442997258157
0.294643208850175 0.635031894315034
0.301003527827561 0.622667039744556
0.312368928920478 0.608979625161737
0.322933523450047 0.600502994842827
0.305633137468249 0.574524505995214
0.306580547709018 0.569884598720819
0.308963655959815 0.565607050899416
0.33570192148909 0.547917500138283
0.338095797225833 0.53308704122901
0.343434997834265 0.525089321658015
0.339133240748197 0.506273839157075
0.334630669094622 0.494792971294373
0.3090177946724 0.483625345397741
0.253573598340154 0.429776795674115
0.224387413356453 0.414143392350525
0.222298548091203 0.436726419720799
0.198486901819706 0.437826003879309
0.203467822633684 0.439945271704346
0.217816630844027 0.443482501897961
0.251927520148456 0.449953646399081
0.250120023265481 0.463998960796744
0.250593558885157 0.499370695557445
0.281767216045409 0.511478410568088
0.285384203772992 0.525021838955581
0.291969879996032 0.511356036178768
0.28481166344136 0.496786863543093
0.298501855693758 0.492991052567959
0.310940103139728 0.521107662003487
0.335452124942094 0.51480947714299
0.32068846328184 0.540735545102507
0.317454038187861 0.532609031535685
0.300703172571957 0.547604645136744
0.309178726281971 0.549398604314774
0.290971300564706 0.583823615685105
0.273513805586845 0.586203864775598
0.253269371110946 0.566218262538314
0.247190762776881 0.565938762389123
0.231830737553537 0.563930982723832
0.268811638001353 0.540992785710841
0.248650945723057 0.526699479669333
0.19008877268061 0.552806632593274
0.182609812356532 0.547774074599147
0.179183377884328 0.547742682043463
0.144463064149022 0.564934023655951
0.125775679014623 0.567762926220894
0.130425250623375 0.625471680890769
0.141074418555945 0.621547233778983
0.165415944997221 0.597060300409794
0.182515859138221 0.57885163044557
0.18945066165179 0.559925040230155
0.206188048236072 0.588258629199117
0.227139496710151 0.578031006269157
0.235859832260758 0.572195736225694
0.250014446675777 0.573299868963659
0.250177205074579 0.60262299189344
0.2256866581738 0.621700768824667
0.228925888426602 0.611170837655663
0.22932971874252 0.609304689336568
0.233437927439809 0.5941994455643
0.176843978930265 0.62291993200779
0.148198580369353 0.627707770094275
0.169215957634151 0.637603178154677
0.199733110610396 0.65833993954584
0.209540708456188 0.661568683572114
0.25358098000288 0.608301420230418
0.27650754339993 0.630739446729422
0.256999592296779 0.619160475675017
0.240598432719707 0.640597084071487
0.223746888805181 0.652209315448999
0.24857466481626 0.649498423561454
0.263740631751716 0.665321127511561
0.19944506790489 0.691009346395731
0.206831711810082 0.676691851578653
0.173172933980823 0.675436122342944
0.182762131094933 0.65882667992264
0.147394101135433 0.652315827086568
0.102786056231707 0.659893051721156
0.0867793303914368 0.666823221370578
0.115035431459546 0.695130181964487
0.0743185984902084 0.695618215482682
0.0840097242034972 0.755691578611732
0.0997760170139372 0.762636417057365
0.1029556626454 0.773801518138498
0.101597377564758 0.745002198033035
0.118364069145173 0.727926031220704
0.103111116215587 0.732692871242762
0.122211500070989 0.711616217158735
0.149948898237199 0.713293677661568
0.176085072103888 0.704961049370468
0.133889023214579 0.677791795227677
0.175206382758915 0.688673474360257
0.180459838826209 0.685258635319769
0.189860100392252 0.702403277158737
0.179531676694751 0.739680005703121
0.131822032853961 0.766677958890796
0.135511999949813 0.775002322625369
0.183821737300605 0.748306202236563
0.197171713225543 0.729006298352033
0.248615535441786 0.680039154365659
0.247795124072582 0.685734716244042
0.218751720152795 0.721782345324755
0.266215519513935 0.677762623876333
0.26220826106146 0.667257722932845
0.284938215278089 0.649360164068639
0.293192686047405 0.641014681663364
0.317307256627828 0.667677935212851
0.26197955571115 0.703121849801391
0.236366441939026 0.722880728077143
0.232652167789638 0.719635809306055
0.20078594237566 0.73560816468671
0.161696138326079 0.799877533689141
0.135207840241492 0.792828279081732
0.0779834459535778 0.793172180186957
0.086159844417125 0.810759285930544
0.0538491057232022 0.805517002940178
0.0557758370414376 0.789627234917134
0.029467336833477 0.810749419033527
