128
0.618849090766162 0.806714351288974
0.572512636892498 0.775424633175135
0.562205736525357 0.787048805970699
0.511310714296997 0.755560844670981
0.523672671057284 0.510172160342336
0.636595285031945 0.448183342348784
0.651218666695058 0.430701426696032
0.639038403984159 0.333584368228912
0.575191514566541 0.375358549878001
0.484037455171347 0.407293900381774
0.407534955069423 0.442338199354708
0.438794282265007 0.431923435535282
0.366368921007961 0.515828279778361
0.425688210874796 0.570445760618895
0.339796325191855 0.62992802541703
0.0457180659286678 0.756199218798429
0.105296600610018 0.669488991610706
0.150518974289298 0.656214015092701
0.21227323403582 0.627122863661498
0.169009645935148 0.600185735151172
0.262526955455542 0.571262457873672
0.182978884316981 0.545197669416666
0.285855434369296 0.576061901636422
0.341779955197126 0.611466063652188
0.177939673420042 0.474878260865808
0.0746889351867139 0.498302093707025
0.0904695452190936 0.515568228438497
0.0574520812369883 0.556912563741207
0.0317908246070147 0.498657086864114
0.0205065510235727 0.701605015899986
0.018074659164995 0.714236685540527
0.00501671526581049 0.498036548029631
0.0406575952656567 0.461046043317765
0.0716788256540895 0.45270938007161
0.216368772555143 0.416488483082503
0.230064965318888 0.425478721037507
0.183048207778484 0.440944139380008
0.256484656129032 0.466014399193227
0.304557910189033 0.476882280781865
0.35153843043372 0.342421290930361
0.231115343049169 0.411795365158468
0.202743027359247 0.404084532521665
0.0526015846990049 0.384443580172956
0.0315270251594484 0.0397257236763835
0.0853428426198661 0.303990451619029
0.037107945419848 0.0500687640160322
0.0806179214268923 0.151014666538686
0.091800625436008 0.0993042578920722
0.0955855548381805 0.0948222307488322
0.106403387151659 0.0275723403319716
0.28304168023169 0.0520335761830211
0.261016263626516 0.175692168064415
0.136386229190975 0.303010916803032
0.0810702634043992 0.374460429418832
0.253189323004335 0.326513030100614
0.345080823637545 0.174509536474943
0.355420270934701 0.180928397458047
0.314929032698274 0.0587189132347703
0.461194148287177 0.128665348514915
0.51952773379162 0.23539175465703
0.604743231087923 0.207567600067705
0.558878787327558 0.165911198593676
0.540051422547549 0.0546060218475759
0.478645135182887 0.00599234225228429
0.518660873174667 0.0230913748964667
0.675043190829456 0.109878973569721
0.837083046324551 0.110686236526817
0.815590687096119 0.0867244829423726
0.682445860933512 0.0208706464618444
0.910888563841581 0.0242288848385215
0.987424443941563 0.22266598418355
0.930294611956924 0.0931530455127358
0.905950987245888 0.130977166350931
0.903384243138134 0.203120558988303
0.913341801147908 0.265820587985218
0.819089265540242 0.158867927733809
0.779893198050559 0.124329294543713
0.747556284535676 0.122482134494931
0.744132129475474 0.17586875660345
0.674856815952808 0.250234705395997
0.783942879643291 0.222333810757846
0.930543416645378 0.327309545595199
0.976150210946798 0.669784094206989
0.836982696317136 0.375964475329965
0.699185750912875 0.311954327858984
0.693338780663908 0.422016530763358
0.74258185364306 0.414628422819078
0.774383017327636 0.448192550800741
0.989061418455094 0.701857784762979
0.899549789726734 0.629641419276595
0.994927278254181 0.918774940539151
0.938063472509384 0.94936088193208
0.856029169633985 0.935867501888424
0.774705580901355 0.940492188557982
0.398812682367861 0.943624905776232
0.462320470251143 0.885132246185094
0.492882725317031 0.910123396664858
0.459495776332915 0.849394516088068
0.35008350526914 0.838046751916409
0.22911555878818 0.832679050974548
0.0735250851139426 0.92712489143014
0.114948211703449 0.819235110189766
0.107595129869878 0.782682904507965
0.178734112530947 0.7481759050861
0.230981077998877 0.72504025278613
0.294288286473602 0.697218396235257
0.28984509408474 0.715152798220515
0.278288792818785 0.763311250135303
0.276169573888183 0.779637744650245
0.343583425506949 0.739589661359787
0.485237523447722 0.855621705297381
0.607915521599352 0.89153800951317
0.813933762256056 0.918207755777985
0.703151280991733 0.820188755635172
0.808435690123588 0.841431980952621
0.852422686293721 0.831800284795463
0.88878270611167 0.776158598251641
0.835118800401688 0.686265199445188
0.782549338880926 0.524920165538788
0.756075233221054 0.642823657952249
0.732750151306391 0.606680582277477
0.760576697997749 0.654641415458173
0.687837119214237 0.633445892948657
0.617590579204261 0.608023086562753
0.74715971481055 0.680059906095266
0.78004900785163 0.808861040975899
0.74133073957637 0.767473451793194
0.652825821656734 0.8003891101107
