512
0.99709639325738 0.72124557569623
0.983942621853203 0.835560662206262
0.956294404342771 0.937785151880234
0.987811442930251 0.675233563408256
0.981193997431546 0.685828318819404
0.963093317113817 0.717864417470992
0.962817166000605 0.734108304604888
0.952991879079491 0.667770407628268
0.955722344107926 0.774757541716099
0.942604524549097 0.954429801087826
0.936628045514226 0.997063879854977
0.902105678338557 0.997286326717585
0.791705761104822 0.989574681967497
0.875701913144439 0.972148790955544
0.879211778752506 0.979636754374951
0.871096866205335 0.937205439899117
0.892579376231879 0.903033106122166
0.912176223937422 0.832848052028567
0.932114616502076 0.706642512697726
0.942428953945637 0.596030747052282
0.961923385504633 0.512457342818379
0.950947570614517 0.399852297734469
0.954578459728509 0.493482749909163
0.942535439971834 0.543790138792247
0.929720886982977 0.602742513176054
0.911444896366447 0.636278665624559
0.876792522147298 0.663272317033261
0.867813624441624 0.692111059091985
0.860064192209393 0.693452510051429
0.919569680932909 0.688007558230311
0.900928963441402 0.817679604515433
0.889978318009526 0.772545696701854
0.869338217657059 0.857160585466772
0.867883451282978 0.735463968012482
0.841675064526498 0.745779572520405
0.813425666186959 0.699093380011618
0.819576876237988 0.674774271436036
0.78661550488323 0.728582594078034
0.763585319276899 0.790208539925516
0.7679389170371 0.865226299501956
0.762814940884709 0.868961548898369
0.718105212319642 0.930667147506028
0.793465336319059 0.959352907259017
0.770505569409579 0.937571256421506
0.798595814034343 0.885196695569903
0.803865479305387 0.789517297875136
0.796469504013658 0.78692891029641
0.788515861611813 0.799262302462012
0.793248942587525 0.769064972177148
0.830830571707338 0.759232953190804
0.842064139433205 0.78252772660926
0.853098588064313 0.789468420669436
0.859156503807753 0.86334067909047
0.861086752265692 0.899926374666393
0.836995449848473 0.961466190870851
0.795683001633734 0.97380467876792
0.779876619111747 0.993144572712481
0.593438089359552 0.99104245333001
0.670847445260733 0.968422690872103
0.707530656363815 0.971399499569088
0.70614056289196 0.931883146055043
0.708370871841908 0.925709540955722
0.709014903753996 0.849274623673409
0.693739642389119 0.849220716394484
0.654635829851031 0.909286283422261
0.698597734328359 0.891408649738878
0.686123235616833 0.903592647053301
0.58619657671079 0.98759905481711
0.663970421999693 0.807969801593572
0.648930884897709 0.77691758191213
0.58717592433095 0.927892559207976
0.569462029263377 0.949776489287615
0.390812131110579 0.971227494999766
0.510794225614518 0.976364694070071
0.483548180665821 0.999598118942231
0.336562951561064 0.987674822099507
0.275149201974273 0.981944124680012
0.306836132891476 0.948153927456588
0.311218346934766 0.951077070087194
0.336774460040033 0.947794017847627
0.541795738507062 0.946936914697289
0.604352752678096 0.868710489943624
0.581009671557695 0.851347466465086
0.619248351547867 0.804942318238318
0.608128419145942 0.787238038145006
0.517669992521405 0.816215893253684
0.457628465257585 0.837060972116888
0.502341178711504 0.840204978361726
0.53465844783932 0.838123034220189
0.525513307657093 0.862571462988853
0.540049679111689 0.933524109423161
0.490177321713418 0.933919133618474
0.431785820517689 0.938277602661401
0.43067807611078 0.926668544299901
0.464992295950651 0.878875864204019
0.340856068301946 0.904292720369995
0.376226388383657 0.864858195185661
0.392749823164195 0.844809554051608
0.357150920666754 0.847416981589049
0.419890912715346 0.803002836648375
0.393041092436761 0.783381768036634
0.349222630728036 0.817735597025603
0.334938852116466 0.819833676796407
0.410975264851004 0.696548831183463
0.419047160539776 0.700284285936505
0.4642174388282 0.660664838273078
0.472040691412985 0.67373931594193
0.411485970485955 0.72923923144117
0.408010801766068 0.737717872019857
0.485537162981927 0.708638751413673
0.53393892897293 0.636569412890822
0.464013868011534 0.622679757419974
0.449114616028965 0.634716371074319
0.455612830817699 0.628477876540273
0.454820294398814 0.623080083169043
0.43263536831364 0.64687731442973
0.466437181923538 0.603998571168631
0.491251077037305 0.591610665433109
0.508355035446584 0.604792632628232
0.600289335474372 0.455959733575583
0.582748963497579 0.416793015319854
0.608146536629647 0.403466410469264
0.52462365059182 0.401752553414553
0.479228388518095 0.360234740190208
0.48314219340682 0.340982533991337
0.448030387517065 0.296804704703391
0.455129684414715 0.374146369751543
0.467600708361715 0.36244523525238
0.47705905418843 0.395946179982275
0.51676315581426 0.417632821947336
0.574728875420988 0.45238985074684
0.530284770298749 0.518691387493163
0.481945951469243 0.577614937908947
0.45768531318754 0.567879299633205
0.414698085747659 0.583947459701449
0.44844529312104 0.551690082997084
0.45710352435708 0.528654817957431
0.464644310995936 0.41760713653639
0.428022401407361 0.520291520748287
0.37793058808893 0.525413330644369
0.436599949840456 0.478423784021288
0.392795007210225 0.49390470283106
0.407130818348378 0.469495087862015
0.40123132802546 0.458830689545721
0.328680471982807 0.412847565021366
0.337502253707498 0.436256736516953
0.344159273430705 0.518310876563191
0.331071198452264 0.524599433410913
0.304470783099532 0.575139802414924
0.296701340470463 0.578668285161257
0.314471591264009 0.586286190897226
0.349174059461802 0.534972867928445
0.372505492065102 0.536206244491041
0.370888858102262 0.596966546494514
0.407007148955017 0.592936232220381
0.345145455095917 0.62126320367679
0.407541673630476 0.615134259220213
0.413021164946258 0.625994805246592
0.404296259861439 0.658402896951884
0.370857327245176 0.649139129091054
0.311899591702968 0.615022134035826
0.267134319525212 0.616755680181086
0.257597058080137 0.618078050203621
0.33797570457682 0.650001060217619
0.348112210165709 0.659088397864252
0.343721929006279 0.664053875487298
0.320665928069502 0.650085103232414
0.304111969657242 0.669157621916384
0.256423998158425 0.646769851911813
0.254301616922021 0.664648619480431
0.170085910242051 0.741014529019594
0.146797949913889 0.750156099442393
0.210589252412319 0.667233239393681
0.136070596519858 0.664514282718301
0.130319477058947 0.702920298557729
0.0602934774942696 0.691593241877854
0.132811870891601 0.66359030129388
0.146882464643568 0.632557267788798
0.0696994089521468 0.673604245763272
0.0542618073523045 0.677160598803312
0.0388476625084877 0.627304284833372
0.0371286179870367 0.743685412220657
0.0345313809812069 0.836586283054203
0.0660356823354959 0.807720441371202
0.071041886229068 0.755034041125327
0.0976207368075848 0.759067768696696
0.090170958545059 0.817885227035731
0.140441614668816 0.830398962832987
0.136353803332895 0.776580559555441
0.194200656376779 0.850855825003237
0.256308788433671 0.789556795265526
0.345252169761807 0.6776212612167
0.318715804256499 0.801691944245249
0.267491383943707 0.81431457772851
0.169496454298496 0.908195191994309
0.261309358291328 0.872117212042212
0.283582355827093 0.93685685377568
0.256150849629194 0.901703173760325
0.219562782440335 0.988914065994322
0.200160548556596 0.96378504531458
0.239341253880411 0.892249994911253
0.164250560570508 0.91820708476007
0.117610382381827 0.981452187057585
0.118457479868084 0.971754065249115
0.0951708513312042 0.992764006834477
0.113303994759917 0.930985937360674
0.101367716211826 0.914509379304945
0.0825074850581586 0.95583100663498
0.106273368000984 0.853788180276752
0.0883229798637331 0.825385191477835
0.0799252274446189 0.97129709366709
0.0053058909252286 0.918804669752717
0.00441958243027329 0.820072835311294
0.0272864839062095 0.625109285116196
0.0332880481146276 0.611420108005404
0.0870457720011473 0.639645272865891
0.0841831718571484 0.589967218227684
0.0848403759300709 0.554182622116059
0.0575982052832842 0.522870491724461
0.123103981371969 0.483976393472403
0.144623812288046 0.478687587194145
0.138075205031782 0.465140571817756
0.146498912014067 0.472876169253141
0.175284633412957 0.538298854138702
0.182237410452217 0.551178223453462
0.171497903764248 0.582124339882284
0.197295712307096 0.584488975815475
0.234010144602507 0.588184629566967
0.234917577821761 0.618963918182999
0.257037800271064 0.585163393989205
0.285062860231847 0.546774519141763
0.225636430084705 0.561590732075274
0.184825486503541 0.47059583151713
0.201603325083852 0.444415777456015
0.290166741702706 0.431815600488335
0.356543516740203 0.377867572009563
0.366771294735372 0.356942116748542
0.383813028689474 0.271643131971359
0.333883012644947 0.206448246724904
0.324408383108675 0.190284603275359
0.377403787337244 0.249751859344542
0.404696621932089 0.282727700658143
0.418220456223935 0.255228363908827
0.322353697847575 0.124134607613087
0.301227109506726 0.0689527150243521
0.335630232002586 0.113240176346153
0.380685410927981 0.149201739113778
0.434830658137798 0.152650136034936
0.456759592983872 0.17235423438251
0.491686868481338 0.196914329659194
0.507987006101757 0.165848394390196
0.53161346539855 0.218961185775697
0.524866240564734 0.240393472835422
0.448461796157062 0.203600322362036
0.491187219507992 0.248620487283915
0.427690179087222 0.194532511290163
0.37379260873422 0.146372182294726
0.45906497258693 0.244677212554961
0.440942724701017 0.251814181916416
0.439798891544342 0.273438887204975
0.489262364339083 0.341874202247709
0.536673069000244 0.335693242028356
0.59036107826978 0.368869693949819
0.613870148546994 0.358827295713127
0.506099732127041 0.2741848398
0.543184409383684 0.283169588074088
0.549208375625312 0.280746025964618
0.570834870450199 0.295033111236989
0.644228667020798 0.330027357209474
0.584077150560915 0.282523636240512
0.505098943132907 0.264726934954524
0.556169669609517 0.235127461608499
0.624971409793943 0.224291078280658
0.704234411474317 0.252679365221411
0.65422657225281 0.257321679033339
0.652379837818444 0.322021191939712
0.671899205073714 0.345816922839731
0.645067745354027 0.410811939742416
0.585404534358531 0.489664245396852
0.581734085921198 0.506190274376422
0.578264755196869 0.512479178141803
0.540486319921911 0.570239555090666
0.605555559974164 0.519262987188995
0.607261136639863 0.505025931168348
0.631776425987482 0.453240874689072
0.676241016481072 0.393792547285557
0.664189877454191 0.464644622057676
0.727564822416753 0.382258416153491
0.735228111501783 0.342866225168109
0.755586808081716 0.325392556842417
0.750339372549206 0.303801090456545
0.747600071132183 0.286275546532124
0.82855424657464 0.478762359824032
0.827598490286618 0.434286267030984
0.833578406367451 0.333303682040423
0.807747657876462 0.330492056906223
0.780729464720935 0.310342088341713
0.804086470510811 0.244376369286329
0.78649784065783 0.186940386891365
0.729119960684329 0.114545162301511
0.750920168589801 0.0966998608782887
0.810740814544261 0.149495333433151
0.848037098068744 0.292568114586174
0.80129006318748 0.100870460737497
0.77548266062513 0.105379516258836
0.784998220857233 0.0908281179144979
0.755213408265263 0.0446558333933353
0.660692538600415 0.0354603887535632
0.753172157332301 0.0699051166884601
0.746587691362947 0.0892565711401403
0.675990264862776 0.0802361010573804
0.680456690490246 0.0840899455361068
0.649547938257456 0.0852172020822763
0.640811277553439 0.0839577331207693
0.635647816583514 0.195409467909485
0.678042012266815 0.13925175415352
0.641806859057397 0.209485366940498
0.588981858454645 0.220908856485039
0.524533809628338 0.113584415521473
0.479039969388396 0.111776085570455
0.508989602327347 0.135372842662036
0.385517302434891 0.112902967259288
0.418841126840562 0.0971340010873973
0.36010310985148 0.0982796773314476
0.352711176034063 0.104995812289417
0.289220345206559 0.0491179428063333
0.270919587928802 0.0415527154691517
0.258339963387698 0.0456704045645893
0.301625144667923 0.118061739951372
0.226923646405339 0.142092785798013
0.267794351559132 0.187205988448113
0.310603770427406 0.20700773363933
0.313924967776984 0.213992275763303
0.338126883842051 0.3338299584575
0.256554494611919 0.368236854672432
0.293620595708489 0.426753065083176
0.157740871887654 0.399857713375241
0.154101938474923 0.42164811398834
0.132046178914607 0.409342532046139
0.110648295842111 0.410756900440902
0.0920941946096718 0.476117277052253
0.0156771554611623 0.493036809843034
0.0813772245310247 0.421503383666277
0.132020100951195 0.352016067598015
0.0695767709985375 0.375838330946863
0.0763366152532399 0.411789948586375
0.057252409402281 0.433628820814192
0.0131311425939202 0.494081729091704
0.0103312055580318 0.477817522361875
0.00623011868447065 0.461161855142564
0.0105547020211816 0.440028337296098
0.0260355370119214 0.430442337412387
0.0111136492341757 0.349608987569809
0.0123823564499617 0.306429898366332
0.0309021254070103 0.297743870876729
0.0558977457694709 0.305947275832295
0.0590871158055961 0.335743906907737
0.0855862111784518 0.314580889418721
0.110197590198368 0.304814923554659
0.15401199972257 0.340885669924319
0.15533565916121 0.342686582822353
0.241205239668489 0.368140916805714
0.251926457509398 0.365112121216953
0.235527338925749 0.319127253722399
0.233462152536958 0.333274671807885
0.161028602160513 0.305902417283505
0.215170402079821 0.26724077668041
0.228457863908261 0.281695493962616
0.289479708299041 0.270508409943432
0.271552817430347 0.212897405494004
0.171426716726273 0.139326681382954
0.161257216706872 0.143247882369906
0.245898352470249 0.263037094846368
0.191799293272197 0.243910719174892
0.186053403187543 0.216812327038497
0.147749935742468 0.131370701361448
0.105554916895926 0.150081822648644
0.132863693870604 0.157468417193741
0.158596011810005 0.186152899637818
0.165224230848253 0.180590524338186
0.168170996475965 0.199566009454429
0.172279525082558 0.238429986871779
0.104285998735577 0.275913321878761
0.143985370639712 0.24257831601426
0.101442117244005 0.244038526900113
0.140575193334371 0.2150370744057
0.0732504958286881 0.117227813228965
0.0689335325732827 0.126336188986897
0.0794684453867376 0.193504989612848
0.0685275583527982 0.234428130555898
0.0542159490287304 0.26795367570594
0.00592294242233038 0.0863238726742566
0.0460074408911169 0.0493997926823795
0.0246214675717056 0.00901606539264321
0.138157058507204 0.0148164723068476
0.161278604995459 0.00684957578778267
0.155200247652829 0.0484119527973235
0.161014755256474 0.0974292578175664
0.184951410628855 0.128269960638136
0.259183650370687 0.113085038494319
0.239396925084293 0.102954390458763
0.18356383824721 0.036128943786025
0.209192181006074 0.00064939958974719
0.242486973758787 0.00198763329535723
0.276013751048595 0.0331076923757792
0.298697231803089 0.0272014383226633
0.454111256171018 0.0374708920717239
0.553299737162888 0.00166822876781225
0.444887959398329 0.052249772939831
0.43210649676621 0.0691560776904225
0.416880592238158 0.0718502034433186
0.387842879630625 0.0788582470268011
0.442686172667891 0.0902564330026507
0.573382346425205 0.0329652717337012
0.600910729262978 0.0281262840144336
0.610091105103493 0.026242374908179
0.6715008453466 0.0143970586359501
0.766518281772733 0.0115256821736693
0.905279544647783 0.0107213784940541
0.849924023728818 0.0147552266716957
0.869929377455264 0.0483077866956592
0.863406105432659 0.0586287276819348
0.927016554400325 0.000914387404918671
0.924866335466504 0.0602660388685763
0.903253770899028 0.126507034059614
0.923395841848105 0.115129401907325
0.928077480290085 0.0819332827813923
0.939585639629513 0.0546490903943777
0.955904603470117 0.196619112510234
0.959679609630257 0.222390793729573
0.936986264772713 0.167565802112222
0.934490628540516 0.165117198135704
0.886939263902605 0.125503473449498
0.829214421100914 0.0997342085465789
0.878231519833207 0.248207405209541
0.871216699946672 0.290552427526563
0.891524317674339 0.429759999737144
0.884057846385986 0.450333633460104
0.838345564436167 0.499023191165179
0.831024306826293 0.507615298964083
0.776956842746586 0.383359686471522
0.672098078764975 0.481961075682193
0.760695915669203 0.402281995397061
0.775620311032981 0.435078126378357
0.76451663672924 0.429662635549903
0.757569389417768 0.442830068990588
0.738211158663034 0.506690586451441
0.768169827759266 0.520826477091759
0.768510152585804 0.564561395440251
0.757694191299379 0.615684266202152
0.736389613244683 0.600412579253316
0.715150757692754 0.622067803051323
0.69665700243786 0.647342709358782
0.728308013640344 0.594564839266241
0.689171330071986 0.541553900577128
0.670768146403134 0.499232921749353
0.611175502184778 0.531113683711737
0.636229832656682 0.533519854303449
0.668798266910017 0.505174028687179
0.642608963418752 0.53102185530588
0.548633529804647 0.584235813468695
0.671025642659515 0.604273859411478
0.641207800712436 0.60030170949176
0.592272002715617 0.595473218243569
0.64813455985859 0.634327464271337
0.615740134380758 0.657272584736347
0.607888144440949 0.623591418378055
0.552529114298522 0.626284348778427
0.566397169139236 0.630131947342306
0.472135990858078 0.741637625731528
0.442744662985206 0.80226398492232
0.513590483926237 0.7459163274616
0.503170646261424 0.739366640802473
0.523216673638672 0.705243894830346
0.573280128650367 0.743971772957593
0.540304286871105 0.747215446550399
0.631164185702801 0.739774714224041
0.70019557652995 0.785799561534077
0.710076480172575 0.784187308512628
0.718817257322371 0.782346359454095
0.666613564826548 0.696006326004863
0.758545937482268 0.664283128455281
0.754355682060122 0.762207433115691
0.80551611399278 0.644340809434652
0.804028264246881 0.636520668398589
0.798583254218102 0.614757822360843
0.807898230385035 0.54601035406813
0.863539272453636 0.571204449981451
0.856134789995849 0.49107772205025
0.871457402594388 0.520324667450041
0.909976194147021 0.52398206340149
0.930767860729247 0.547933744266629
0.898049170151353 0.367235390469432
0.885371970944107 0.363013782538474
0.889894735533744 0.327664901036769
0.905407458543777 0.360314225777984
0.917850006371737 0.330447404179722
0.919560862705112 0.339157195296139
0.935528658796102 0.390553780831397
0.945536653976887 0.285390757955611
0.951728431042284 0.368221395649016
0.968523105140775 0.397991083562374
0.972781327553093 0.1546072200872
0.958471783902496 0.165269852150232
0.95717154070735 0.168927217368037
0.941939635202289 0.0740686459466815
0.944000794552267 0.0258430493995547
0.957156758755445 0.0144085055217147
0.964028419461101 0.0733544146642089
0.975060039199889 0.0778091661632061
0.977370066568255 0.398977958131582
0.996911961119622 0.498511785641313
