1024
0.739277339540422 0.382131268270314
0.737672981806099 0.360549715347588
0.738556882366538 0.37770966347307
0.704422930721194 0.328842191025615
0.697001756634563 0.327614353969693
0.705848587211221 0.307417201809585
0.702427133917809 0.309438521508127
0.686439444310963 0.297437277622521
0.660852119792253 0.257450008299202
0.60497555276379 0.244840611238033
0.638756297063082 0.287305939011276
0.642973540816456 0.303884778637439
0.695988123770803 0.347749061416835
0.667694583535194 0.376280122902244
0.621753113809973 0.444371994119138
0.630341196898371 0.425831226631999
0.609164715744555 0.453415485098958
0.588175427168608 0.484139691572636
0.569953776896 0.476947095245123
0.536946065723896 0.474150032736361
0.534010948613286 0.477597618009895
0.535277466289699 0.480382449459285
0.458798707928509 0.600824989844114
0.510245202574879 0.497933175880462
0.522134785540402 0.476200716104358
0.483493184670806 0.465982563327998
0.446926551871002 0.449665825348347
0.460368257481605 0.427331273443997
0.427706392947584 0.400360273197293
0.422683820594102 0.400523916818202
0.443718568887562 0.367341925855726
0.418043617159128 0.388170973863453
0.365784963592887 0.350835628807545
0.389990572817624 0.358389069791883
0.369131904561073 0.330255069769919
0.324053107760847 0.324696247465909
0.321230698842555 0.353539372328669
0.37927526421845 0.363409491255879
0.389946939889342 0.374389270786196
0.29122890997678 0.350835933350027
0.243031129706651 0.355444241315126
0.276838209014386 0.389220514334738
0.273434810806066 0.380877487827092
0.332044167909771 0.41302108252421
0.268627122975886 0.399845054838806
0.259249368682504 0.401395398657769
0.219848014879972 0.375035770237446
0.210335253272206 0.386171364225447
0.198882706463337 0.387647540308535
0.247443076223135 0.432743037585169
0.146203328389674 0.390070594381541
0.172208845149726 0.438433479052037
0.0988418404012918 0.473743431735784
0.150715330149978 0.450441070832312
0.144629528746009 0.485151510220021
0.105958555359393 0.488616889342666
0.128435930237174 0.514665278140455
0.145656987093389 0.491315270774066
0.183575934264809 0.490620499011129
0.152264231350273 0.53340922947973
0.124451522249728 0.544297840446234
0.103211695794016 0.559906154870987
0.0988563294522464 0.563363831490278
0.126360232941806 0.594838408753276
0.116574365179986 0.609194960910827
0.0908888126723468 0.590060781687498
0.0674032727256417 0.632296352181584
0.0107646067626774 0.695260087493807
0.000771444756537676 0.710019038058817
0.0149579830467701 0.665641989093274
0.0180208417586982 0.629115829709917
0.0121112712658942 0.61651549488306
0.0290917423553765 0.614941081032157
0.0966094359755516 0.52186378184706
0.071455089841038 0.555668029468507
0.00234230421483517 0.57305097207427
0.00197274144738913 0.567719926126301
0.00698555307462811 0.511513108387589
0.000903851818293333 0.487804848700762
0.0152218211442232 0.50749320210889
0.000431798864156008 0.486459563486278
0.000879702623933554 0.486055731307715
0.0485975919291377 0.49990901350975
0.0513681066222489 0.52742409100756
0.0674540270119905 0.510577022098005
0.0682338587939739 0.470904607325792
0.00675499718636274 0.434516113717109
0.0411419328302145 0.446608495432884
0.0637023188173771 0.459086183924228
0.0538858342915773 0.4194843377918
0.0494188666343689 0.403161504305899
0.0289714625105262 0.371495299506932
0.0429334114305675 0.36233234545216
0.0654181819409132 0.356668460648507
0.0860230065882206 0.336041741538793
0.123396672308445 0.366524126380682
0.135468591470271 0.392592865973711
0.136999315116554 0.382302796002477
0.203554906416684 0.369217636063695
0.205481378361583 0.345976961310953
0.198904457502067 0.367454788181931
0.174355611205101 0.361930549610406
0.0399247435852885 0.273264391347766
0.0607835855334997 0.293868022505194
0.0999441910535097 0.315653884783387
0.0617982754483819 0.32671426422894
0.00660119531676173 0.370196203235537
0.00728728622198105 0.322073247283697
0.00819267937913537 0.298388493712991
0.023180581163615 0.244895529933274
0.023132779635489 0.22236014297232
0.067104525398463 0.225389670580626
0.0692985742352903 0.236000549979508
0.0777072315104306 0.24795580143109
0.0563864749856293 0.267900380771607
0.0562124447897077 0.272296781651676
0.100180893205106 0.306596811395139
0.129135638009757 0.311740785837173
0.0988806909881532 0.277522346004844
0.130253510549664 0.296539405826479
0.192832231987268 0.327404963318259
0.135152982547879 0.253267934080213
0.0696568163111806 0.208160723093897
0.061267988756299 0.205088713206351
0.0553156821988523 0.199565990362316
0.0360635882243514 0.175571171566844
0.0260100504383445 0.151302207261324
0.111169184558094 0.193636465352029
0.0129658207297325 0.139331558253616
0.0187939717434347 0.13696497073397
0.0407957155257463 0.108879239298403
0.0450777914375067 0.111544477753341
0.0944692124612629 0.128138970583677
0.0620824825018644 0.127108587417752
0.0873596491292119 0.150841630995274
0.169001663569361 0.149620079435408
0.330120456404984 0.179071415681392
0.301632634364069 0.168173272162676
0.284356566611677 0.157121267169714
0.213565478101373 0.107718862127513
0.244814039673656 0.141168246045709
0.240994959138334 0.145741819869727
0.201934962533414 0.144594601821154
0.122578776441514 0.126747651491314
0.159219364169985 0.109828654211015
0.0801550787873566 0.0939142247661948
0.0365497479215264 0.081023920327425
0.0693124625831842 0.0844600051641464
0.0677996287122369 0.0659335288219154
0.0961023648269475 0.0621819593943655
0.132091416977346 0.0580946058034897
0.139864651020616 0.0476892557926476
0.0462131830863655 0.0450909268110991
0.0166700556874275 0.00363505119457841
0.0307815144769847 0.00324477255344391
0.126105493400246 0.00765884900465608
0.150178904645145 0.0051406598649919
0.167010420933366 0.00498538510873914
0.202976671978831 0.00907729892060161
0.212023368105292 0.0216587181203067
0.202521718572825 0.0621802415698767
0.197997799143195 0.0574631434865296
0.164093118160963 0.0793779185041785
0.258624688256532 0.0597156616859138
0.255286226514727 0.0456000086851418
0.254344245884567 0.0389214912429452
0.291029286105186 0.00944659346714616
0.314432913437486 0.017310013063252
0.340730045922101 0.0689272005110979
0.274403430521488 0.0971435140818357
0.215454707387835 0.0860872128978372
0.284011522307992 0.111801820341498
0.307507062796503 0.0970132034271955
0.3701152629219 0.137320078909397
0.377837663050741 0.171259061433375
0.355846162419766 0.150466647464782
0.342080387286842 0.133109088987112
0.32864493643865 0.120370886288583
0.371067916043103 0.177714777179062
0.308081494178623 0.195513490121812
0.372310839127749 0.205018908251077
0.289230827242136 0.209573713131249
0.25551080936566 0.201374454423785
0.239569440484047 0.202437411062419
0.22815924230963 0.201857241336256
0.191286046989262 0.18002000823617
0.221572835464031 0.236539993435144
0.225809102412313 0.249724984634668
0.171437734272331 0.258060952182859
0.192408360075206 0.25671918457374
0.24632260389626 0.272959656547755
0.243071758188307 0.285546557977796
0.237308545503765 0.317340819630772
0.213807858061045 0.334187443833798
0.274494187440723 0.298669364769012
0.356806049123406 0.280901516787708
0.343016944359988 0.273005221504718
0.2434919658117 0.245395007077605
0.267521332483739 0.234414666891098
0.406219583470374 0.255952942650765
0.380167853087187 0.174005048815161
0.455176098737866 0.165932886768132
0.427862028591335 0.16301260329783
0.435805162414908 0.145616621244699
0.444005341269076 0.127086287830025
0.432359184604138 0.117412848398089
0.431644983589649 0.122718879021704
0.386725293938071 0.0830691978335381
0.335705604869872 0.0290459245443344
0.339552788063884 0.0305591481737792
0.374038073699921 0.0607684561982751
0.422337596304715 0.093209988437593
0.438225138001144 0.052065213676542
0.399752873461694 0.048789519816637
0.365420063957572 0.0226709605194628
0.406699614599347 0.0149068408645689
0.431238973978907 0.0130836507305503
0.470764506142586 0.0364290690049529
0.529817295260727 0.0583515386097133
0.524598110001534 0.0681205550208688
0.435710029210895 0.110748366918415
0.443768669851124 0.113516422454268
0.532199191860855 0.112506614997983
0.547993531916291 0.134042034391314
0.491384345572442 0.121780793648213
0.477011094801128 0.127239589113742
0.553027077578008 0.139378703199327
0.512792957946658 0.151628405321389
0.55205534491688 0.152086731046438
0.598560232203454 0.20745487138629
0.571230039466172 0.211299698799849
0.507654732093215 0.160593608394265
0.498007675167173 0.141591691877693
0.491494298446923 0.153172084596008
0.495430230628699 0.175003247801214
0.491204315796494 0.168912804219872
0.467417506035417 0.160509339999408
0.473685483448207 0.181149411480874
0.470946963876486 0.184104142710567
0.457822845783085 0.188977628014982
0.448585096746683 0.220932972151786
0.391954242251813 0.275431567337364
0.405875166412443 0.30240671755746
0.387897135689855 0.30770041840151
0.368058426305652 0.291761952918023
0.32269789930433 0.312290792819113
0.334738655947149 0.308078950736672
0.361970718950033 0.306001985445619
0.407507659401745 0.329606116749346
0.412429125979543 0.337609004229307
0.431368386838585 0.325400901492685
0.427504121791571 0.318710022605956
0.468220894224942 0.304825793020427
0.435169092845172 0.308049636892974
0.412657118402421 0.312294743955135
0.398317369166762 0.314368046820164
0.443690852727741 0.284855773672462
0.467645348981023 0.274946794845164
0.517315119504929 0.254788046702743
0.539196132216603 0.241050800308585
0.499687199946493 0.236685627140105
0.457563946023583 0.223166687879711
0.489066996611655 0.212108419742435
0.503027774393559 0.219802184030414
0.504159217700362 0.211843128781766
0.524612511042506 0.202993742190301
0.544196265283972 0.20949234906584
0.55796487769112 0.218574360944331
0.547105532605201 0.217676678672433
0.55902340169996 0.230435599107295
0.517276047263294 0.260588259901851
0.547673537861556 0.265797428321093
0.560993616469204 0.248434205539525
0.564257636200637 0.247528261505067
0.59084332967177 0.303358144126832
0.559282377362251 0.324822631664574
0.555120361503214 0.325950656086206
0.522718435619026 0.312690916471183
0.506554034072906 0.277589921839535
0.499415238853544 0.322143856436014
0.462151344399899 0.330938815139234
0.486189766321331 0.340513503644615
0.543748925905675 0.339677049778402
0.553399020340294 0.391339191235602
0.53620661329478 0.404186403378844
0.518062247894704 0.392247702460736
0.491100512910634 0.362418307922781
0.439690807368606 0.401976275257766
0.496836631558836 0.430234306957573
0.500257003586739 0.408917558845133
0.509663925971836 0.412792497314513
0.578421550802886 0.409727764315903
0.596053886692971 0.423275041859597
0.642174777109176 0.383987636305392
0.654055774211884 0.393012841697782
0.674953479319811 0.344111789949238
0.669602770823985 0.336081149987876
0.649791558273137 0.330078642815351
0.612731742206961 0.278433024417609
0.565124773420393 0.235084803774953
0.581957035232335 0.240240070503205
0.603817462455481 0.24170310748741
0.621601558290422 0.218911424279213
0.633077492471784 0.187569655478001
0.569652931299061 0.168033179361373
0.584164272993803 0.167195137124509
0.551950860302895 0.0897958241403103
0.585435551125556 0.139254718553275
0.598570600617677 0.155116280540824
0.61051671532914 0.174708070699126
0.677613405045122 0.205198823474348
0.717375191859901 0.30665232706815
0.767088806722313 0.324723029043525
0.780651969369501 0.311933925841004
0.806983214337379 0.342665172647685
0.810157132800668 0.265432188753039
0.803106966428459 0.307061784900725
0.806748129893094 0.328648712486029
0.784574611112475 0.307421195320785
0.7499860082753 0.282716130372137
0.739785590209067 0.289056886918843
0.718947080895305 0.28564098989591
0.728495995979756 0.280601707752794
0.766047642100602 0.212529891170561
0.74043986806646 0.202520636375993
0.720144583377987 0.222646058071405
0.712577892933041 0.204653126653284
0.70889001712203 0.197273028548807
0.707209740299731 0.182632080279291
0.71080800704658 0.17714504012838
0.767392636276782 0.187404082156718
0.798746377229691 0.186773238703609
0.794469226151705 0.181657055392861
0.774436868261546 0.158570040948689
0.769011232070625 0.131400059908628
0.835865888744593 0.13370446395129
0.843610632698983 0.0584827358834445
0.83822529297322 0.0717928158119321
0.791588150430471 0.106819704174995
0.753041014075279 0.10811841674149
0.751870426349342 0.124957810156047
0.740257914178073 0.137334045022726
0.722304737195373 0.13134875241667
0.720260018482804 0.130769776180387
0.701623681001365 0.114150042645633
0.653813088778406 0.131114819552749
0.669717375189066 0.132841459941119
0.696080117952079 0.130888995248824
0.629628117196262 0.147062207572162
0.615292069967836 0.142563510220498
0.579223060514778 0.0962815186940134
0.574754649307579 0.0877664336003363
0.622336912900209 0.0986196687445045
0.58304143184796 0.079110867343843
0.616200354881585 0.0657251244410872
0.589238892309368 0.0358507968485355
0.46962704276666 0.00600293651223183
0.515301449690014 0.00837769079953432
0.564076612237841 0.00356992240995169
0.652762290090322 0.0333573487587273
0.65989226847887 0.0340062729083002
0.66806854121387 0.0453898990526795
0.642348238267004 0.0731533635407686
0.665665839333087 0.0791907301172614
0.68030665628612 0.0878067957237363
0.718112499453127 0.0917091313749552
0.68341206619516 0.0541548524051905
0.704921195283532 0.0426603578962386
0.774216307327151 0.0021312995813787
0.762830568943173 0.0417756764218211
0.768486751709133 0.0576706090942025
0.818821750115603 0.053611665032804
0.759174978360534 0.0750221125781536
0.772851490415633 0.0823383014649153
0.811383809428662 0.0792197328992188
0.848197353072464 0.0341573967598379
0.848318107426167 0.0385224893689156
0.851909029297531 0.0236148210242391
0.833250137511641 0.0301412786357105
0.81169840041548 0.00658029224723577
0.815193716902286 0.00156300095841289
0.848646093625575 0.00215814402326941
0.877695848233998 0.00735043501481414
0.883152861148119 0.0383777841925621
0.881267159245908 0.0659084715880454
0.871122617274523 0.105773793533444
0.88667983468622 0.14317575795576
0.892049898393452 0.148887895047665
0.898688805289567 0.171664770226926
0.858517927117646 0.244237372186035
0.837868513073772 0.194080091547221
0.848076613619924 0.246488910168409
0.87812418024987 0.360360078513622
0.873422067146748 0.459009855985641
0.891042711678892 0.501144270878285
0.876051747705787 0.317125263623893
0.875858560670167 0.268067795783281
0.884872877504677 0.323892056010664
0.893636238761246 0.393573296256363
0.910189066082239 0.412901356350631
0.919950079638511 0.356026326771826
0.906068024225533 0.204635193571448
0.935149943456054 0.280826210044324
0.937824677210301 0.325167626142502
0.931812467984855 0.376924387179315
0.92465793993324 0.379022028762847
0.923455943819135 0.415144999977201
0.893971475306898 0.434282011818141
0.896187134087086 0.442820012103766
0.900873022153974 0.479874548967928
0.913133955094963 0.452111639548093
0.921701831743121 0.432002014946193
0.904520304873586 0.526366007979959
0.946637015324086 0.370966679416597
0.970549837686121 0.453247227706015
0.969508427660912 0.329084619879723
0.945799655281007 0.263209391385317
0.942976590711623 0.228474625386298
0.946506001520902 0.229616930708289
0.936559775844216 0.107603943906724
0.920486016198993 0.0868494673632085
0.922657592222095 0.0952873812057078
0.920973792206496 0.166253109928221
0.908943490125239 0.175411043222994
0.918928530067205 0.147258257027715
0.905213172547519 0.136042897589505
0.884015660267323 0.0108230509795249
0.891110287047923 0.0193657451309264
0.891157247591764 0.00220789015293121
0.936671448405832 0.0400179154239595
0.941668572835624 0.0536477495916188
0.952883130405098 0.119094948749989
0.948550581466407 0.220203694887459
0.961948138196021 0.226594548672438
0.964307413902134 0.198358618654311
0.966160682495683 0.179178122896701
0.966755082365125 0.13784402096644
0.97294858423993 0.070295937359333
0.97720639500767 0.0591057809069753
0.993359323125333 0.0520217027515173
0.996012123301625 0.0801413785666227
0.985727415885776 0.114913634490222
0.994462774600834 0.155847711022943
0.985389200970531 0.163744602818042
0.993065344635397 0.318046564701945
0.973210548982024 0.389611875172704
0.985077141784132 0.413412836845964
0.981863790657371 0.589904306456447
0.974129217676818 0.493490071035922
0.969239863567054 0.691986081656069
0.972255582455546 0.691588910762221
0.976929682772607 0.714600290637463
0.976060654968023 0.839469328057021
0.99043771950528 0.547125921119004
0.994244426488876 0.515977875329554
0.984904209151864 0.393000776413828
0.983597247395664 0.368248532060534
0.995381946675479 0.505974939092994
0.999497397337109 0.501897934358567
0.998059839941561 0.648654645308852
0.991427313536406 0.711314463522285
0.989591232966632 0.745844893623143
0.986387172713876 0.803369361907244
0.986316643189639 0.921324644237757
0.999648227822036 0.783434601034969
0.995426030829549 0.961056269239634
0.992832953575999 0.979355030693114
0.941319046076387 0.995950481854379
0.950653130654246 0.970947543159127
0.95795639930293 0.953707481734455
0.975497037172318 0.959354155696929
0.949924130924046 0.940551170147955
0.926759723108262 0.92630895646289
0.938308415003121 0.908211514819413
0.94816286675632 0.846766211558133
0.956141941715032 0.916044602170587
0.9533123197034 0.85939550679177
0.968674047384411 0.748458558693528
0.947727493941784 0.825807303190231
0.958030249923468 0.725766558665782
0.962814410217106 0.665679884608835
0.9552789228037 0.659743764903396
0.952270629815757 0.69160918565467
0.949748708866537 0.715243891812861
0.941998448688537 0.809163949452341
0.925444529857486 0.706852261442691
0.929886647034436 0.657984237652272
0.941733808722347 0.658340270165354
0.937182171270251 0.569187283981591
0.946675227023661 0.579752675257623
0.94899057270959 0.517669321969151
0.936694470234215 0.545197247993201
0.922320962417871 0.527261368464679
0.884901281446218 0.580483192577958
0.881667530164123 0.54120853357017
0.859566784929484 0.624623728916049
0.858782056719065 0.635889494325966
0.835542180109769 0.654470500070602
0.862164786551148 0.510476819239557
0.84596938546747 0.487511737737805
0.863880501594394 0.418132229708135
0.858481877017766 0.392448191065341
0.826924019493163 0.502568488940597
0.840590426232666 0.493494137655944
0.837909529916942 0.517819324042648
0.853738705161959 0.533695295453072
0.839234821032733 0.613706967327744
0.831024015322328 0.616095916833729
0.802765298634768 0.717287980485708
0.797611030749977 0.710812464822084
0.770184891764075 0.727946736384183
0.811403764877468 0.74184897262603
0.857174978591502 0.663132194895297
0.864367485512048 0.64797054277733
0.864153124392033 0.622873064596206
0.903118743561208 0.619778802152723
0.9173713629134 0.605758044403046
0.919509733095765 0.665477548260242
0.87161872163415 0.637064628768712
0.87634744355455 0.69092186819762
0.866635798010975 0.743561971001327
0.864142422564328 0.698190813884139
0.86187214916572 0.709373044781387
0.787295482587069 0.790960151702166
0.774616006296128 0.831473062746227
0.796542810741812 0.817016342189163
0.816209846176207 0.791686698328704
0.80324919661507 0.784196212422103
0.817609122954309 0.773853955324739
0.816669899504632 0.776170728262514
0.858173721469939 0.768857610411942
0.911582651082426 0.839054293930531
0.876608190126717 0.822774251457304
0.859103055670857 0.809723534155637
0.837029784917831 0.811446998268366
0.894833464175463 0.874396678525954
0.894926972221583 0.866532891057432
0.915398566052318 0.915600626263767
0.913473031483591 0.809014591854066
0.907243926543742 0.778976212721318
0.90264827106148 0.7723168884404
0.910422076936811 0.751508675981313
0.938950198702514 0.837639003526419
0.931236343923956 0.904151705559343
0.881085033994168 0.947066704276949
0.868207292165607 0.958404897712171
0.872691123746336 0.886245518922806
0.84255903866142 0.955937320832163
0.827262578997761 0.938098650425673
0.785879498813301 0.976070177275687
0.753584756981581 0.927420608699322
0.73946731351316 0.966922292020172
0.737311278469861 0.98162650084123
0.70652590226382 0.993755134288222
0.665101424790919 0.982163475826383
0.661830725613981 0.968391693197191
0.640651309862733 0.984896511770785
0.602856195531785 0.990737912710756
0.623313642572612 0.946679358370602
0.656899484340101 0.926479863934219
0.630678789690137 0.921685069333762
0.619913754519075 0.922146131750196
0.652132085524499 0.891476324293762
0.640237445011735 0.864987536333501
0.62602904997766 0.872047143056989
0.619997268542647 0.886861806735396
0.599750071763992 0.925257827620953
0.589660506695509 0.974762325640768
0.58560316869989 0.986974569503218
0.575135198421776 0.99182315543294
0.565660969819874 0.992298517376184
0.574495866894722 0.985695133917034
0.556621718686074 0.965756618417799
0.629171130713075 0.852926326915622
0.714085555635393 0.867448077071458
0.725319935008883 0.889240077231079
0.700907511636615 0.92160753486678
0.715238956268877 0.922674328554422
0.750016542617232 0.911917509045452
0.76507833879441 0.89718507276848
0.774404619820416 0.90228561591357
0.782482045236975 0.904717382974923
0.821159665007144 0.884515891782939
0.825875658076257 0.825180592481047
0.788019966334105 0.883106437046081
0.742201567161828 0.853258142713457
0.76594201149419 0.800294230692089
0.733607546892017 0.86718141566962
0.733062723185867 0.856088493950665
0.711049878504127 0.845294289756566
0.736584558151662 0.827216560486704
0.703489637933671 0.834376126527786
0.683496402110904 0.828840603120625
0.669217362534255 0.822044008411467
0.673521628137678 0.823328299913555
0.659260870423168 0.803252106066793
0.645554273854941 0.780464181210846
0.671993043273687 0.779383204877377
0.678459756076336 0.779645602684468
0.699229182675481 0.761777436360717
0.721797327045351 0.760532950982451
0.705212160479277 0.787223783321679
0.707607032731175 0.790273359976709
0.775596084538847 0.791574265342206
0.778231356292963 0.781647252850235
0.754597385879606 0.774562983307987
0.760615469887853 0.743060550652444
0.754803909920156 0.723603209480643
0.732622914481908 0.712449782527983
0.717823639512062 0.707179669756442
0.709929272066802 0.694126089569181
0.692285012919456 0.682189723942429
0.698974242433906 0.756972481962293
0.661195940338075 0.774627837352455
0.659344339277595 0.774403262417763
0.649586983490735 0.777975323610008
0.669352495577186 0.763393552508205
0.668856623116881 0.758544204290956
0.648743846453726 0.768940188456327
0.671786545775831 0.72919974476099
0.645931429229677 0.754774815402925
0.592225117143244 0.782729993574321
0.605072415899485 0.753728393465281
0.555821048561484 0.814875179901719
0.550954044796526 0.827031526714563
0.541726637165993 0.824771056883037
0.552325797732919 0.774169567972422
0.549461062531918 0.774996914435178
0.548047181218863 0.753967229276896
0.548611200414598 0.744190167170018
0.572473696898669 0.745540028903633
0.555366110987961 0.722650395240635
0.511705121025443 0.739605624228716
0.504291311372072 0.78424105187878
0.490311827976257 0.82339324709028
0.507840712089092 0.846528447698802
0.514028496108949 0.863698012661189
0.541250037960708 0.826429778244346
0.540774510707706 0.866296280175447
0.570685943122953 0.839660868514329
0.582991432864219 0.917639332823455
0.515621669124812 0.985283319838345
0.413255034014583 0.996681970078498
0.337225004564971 0.994414077140391
0.292569981422275 0.981912442483008
0.354229066986591 0.85792729165405
0.335310110356659 0.828952586278319
0.282273192424327 0.83469074126333
0.287193251308054 0.84923308622092
0.328436928801239 0.850761506240815
0.331973143387586 0.86570652294904
0.304152677766979 0.869061021134257
0.30168687319383 0.875251130666584
0.292790493462235 0.980187826789916
0.235375477466732 0.979224740061909
0.278460592031479 0.960839374922216
0.288793552201241 0.948584364727139
0.229108758270741 0.936488652136177
0.229319331701845 0.941734369378537
0.244971045292914 0.955851465463638
0.207249965984374 0.994247396010906
0.182584105525166 0.983677437063307
0.207430035807192 0.939990042708814
0.254728995263577 0.903059462551028
0.255869081243873 0.902780647855252
0.277001725975424 0.895281317643821
0.259545732755214 0.871266181115061
0.261106770951301 0.864450942259282
0.225152174010873 0.898482273798436
0.190454533323646 0.958236067555845
0.174511681776494 0.983470997773111
0.153794339392334 0.99187545850873
0.20233802171424 0.88450617948547
0.189787366893142 0.927164655644447
0.252461911179125 0.854232015088201
0.204474329017103 0.853465238120407
0.174786635674536 0.887806718703359
0.123802097514272 0.921897273510695
0.164251844864339 0.9417590838857
0.132515585049987 0.946294620633125
0.052106951829046 0.974396754056215
0.0332212168723345 0.944735066965222
0.0715968725271523 0.93363323668018
0.0574451172724366 0.928076655138284
0.0818109195679426 0.92389906803146
0.0587194501422346 0.912959174253047
0.134977774694562 0.871696696151048
0.173654948826879 0.853319371584803
0.193923591636121 0.827614374924451
0.153523786924779 0.844686761964113
0.172929653897882 0.810968446079642
0.108395691495389 0.820673875976354
0.0970650082454085 0.846578541211784
0.0395331038162112 0.891876734793186
0.0259600887075067 0.955710721667856
0.0362941259518266 0.989052036777139
0.0190162505023181 0.958198411855847
0.0170440329238772 0.918302749749273
0.0163221061229706 0.902232476510108
0.0087425047531724 0.885218536481261
0.0388461858965456 0.819875011220574
0.0249803713522851 0.90988642256707
0.0445058047771454 0.830974875018001
0.0714351893402636 0.812793950550258
0.0549407731741667 0.800152641255409
0.0380491106770933 0.777002169750631
0.0181257096119225 0.729420783929527
0.0377249573357403 0.738772684242576
0.0516409217379987 0.744933787267655
0.076941545587033 0.695583205670118
0.0747244069352746 0.696806955616921
0.128456111531705 0.648382425773889
0.112743862904608 0.685474145691842
0.109412206802517 0.711251364089549
0.11467396421358 0.708483766298741
0.12949512898922 0.699511132203043
0.166043451055884 0.67792245419696
0.190707781352103 0.67527020862326
0.193945937324315 0.657880540471524
0.228407320566475 0.626811925321817
0.263475078158081 0.596775297541171
0.269892483484 0.568292196374387
0.29015540285036 0.547390780877322
0.27450644550845 0.5613455157727
0.240559753961861 0.597082156222314
0.23460231628269 0.59719012863934
0.234153784345835 0.589973215013742
0.209079097025096 0.598844124935567
0.140565420500934 0.617903077043593
0.168571605347097 0.590370839927346
0.148897154722363 0.548875588458031
0.144225837662816 0.548982746433467
0.172056558541954 0.523066238034517
0.208749315701425 0.502816096413881
0.217533201910555 0.498109510634094
0.245571206323802 0.492629276588559
0.235148572362959 0.514747218694538
0.235227667260915 0.521523308474571
0.192148524802178 0.571215297095478
0.152584595605731 0.610663129482418
0.223276519216597 0.579855387099087
0.265275287907571 0.528721037320793
0.280667278449982 0.506393965799361
0.268591704312712 0.465595721267164
0.268056449014693 0.465064248535782
0.258344038855284 0.439212822820991
0.277561020571738 0.434050107840449
0.29128454439342 0.41678510652855
0.297804255969822 0.418541267048568
0.336235746275634 0.445526857860386
0.349948211573064 0.459878363646567
0.358119192998856 0.423104234971106
0.392432171385735 0.433256725780666
0.366975685115904 0.422871182672679
0.400059285108 0.409876266494393
0.426477496512234 0.418808368034661
0.426997162401676 0.458493842743337
0.488396283239126 0.519722975790501
0.469284093938768 0.531865310389549
0.456170677673072 0.591107888612896
0.443555843085051 0.570381350815296
0.457090066280216 0.549255048856139
0.451272371225059 0.534513653255999
0.457217930816114 0.528691735118628
0.391136826947331 0.47049800446257
0.368360527791083 0.473651919513941
0.395845872815698 0.456308876629919
0.317534728907049 0.503931626211852
0.292199151124805 0.526512211654335
0.315715793520212 0.52176441764459
0.34541780827567 0.509771859738976
0.324259192682803 0.550338948145509
0.398224643897265 0.579750871285796
0.342593927867711 0.572620451450348
0.30433039041236 0.565741282422096
0.321554904803634 0.602584692649543
0.256326728034765 0.618539907969534
0.292281666770577 0.643966421019286
0.339139287825674 0.608574845828116
0.353945290669799 0.613615629728884
0.345602294895798 0.619791975710541
0.376804628875107 0.599682137835771
0.384353971574455 0.598657811060548
0.377216828987002 0.591685059014708
0.422962794080377 0.594788425136358
0.418103070463985 0.627415874972939
0.40630448423326 0.656071783509105
0.363980305381119 0.660423312336206
0.333537629339844 0.678770104888827
0.307169934269041 0.667738608084619
0.289309145417064 0.654686901718378
0.270443134009838 0.645611901301891
0.268924121279269 0.639643627218902
0.247125120833516 0.640111689921468
0.218613423407078 0.681618536822498
0.231910154689103 0.723965016659349
0.262061797548085 0.720419844612479
0.304004175588489 0.690081796608865
0.258203245699406 0.752710640896112
0.26556290872395 0.768537331838161
0.295743037480861 0.733478490263224
0.295142662711442 0.753528559580445
0.34928114945069 0.720384137704968
0.356199870351702 0.712642690166831
0.390049831941724 0.7182950633578
0.378486332017928 0.744082145858556
0.428285452071577 0.733453849330544
0.405052146874368 0.744998231064528
0.366345142014325 0.747454228810966
0.356849868781865 0.766677896957844
0.351571245584637 0.766577133443207
0.311052267439663 0.788580478169024
0.311056246515363 0.786181861069053
0.290788325946778 0.80331210559234
0.232377024833113 0.782529161311686
0.234130923170596 0.774024006444961
0.238608693704009 0.756485361605883
0.24660182511434 0.734829675406218
0.231723404955119 0.757875314448029
0.120633075479418 0.718883097171783
0.0564398225396872 0.75819369405508
0.0586995496414602 0.761090340558439
0.112132218200713 0.749728384427726
0.158750279806554 0.761352383065969
0.13625041814521 0.765234492253512
0.120679795742035 0.760404786560684
0.102224515751004 0.778644929639995
0.0716894464567304 0.765182081144303
0.0636327364481986 0.762176678515971
0.0905627254396677 0.784373641945422
0.154645880684257 0.796881021466106
0.166577479802072 0.796673795673996
0.173170875757933 0.796318913809955
0.204983429983258 0.797134485095739
0.217635820619762 0.817441344261169
0.262430259492248 0.825630634557456
0.259990764781833 0.839646494947374
0.269552983809263 0.828783694189042
0.273509957827628 0.826969493646175
0.3017932260409 0.805860931519419
0.374416362028569 0.794318787287921
0.376231044530869 0.783965499605983
0.387977952137589 0.801313712261617
0.423007838893682 0.765836764127016
0.447279457934201 0.728981511667371
0.386619026772678 0.740016581490636
0.40579449897632 0.726163810119033
0.417805001605302 0.683474923949689
0.372077164240181 0.711537464056164
0.337487701326609 0.699397183954716
0.349867363460362 0.682904831133783
0.412319824099541 0.660591557156295
0.451340194791555 0.632574889808893
0.460274145938456 0.654095157049596
0.462128753308207 0.691973808221519
0.465078711044043 0.713853830005974
0.460457876324654 0.703451003879309
0.455025858711451 0.719177734106779
0.450918218120933 0.72514512296766
0.410249611362815 0.808916149195284
0.408977088984102 0.797321235761046
0.399111986160278 0.81128193018958
0.339705282822251 0.910801340825856
0.406180722173303 0.825119663961232
0.409535177517682 0.818729728460312
0.428434723988175 0.824516048189253
0.40850654290989 0.837091007269919
0.410419154446572 0.836123024579138
0.412793665658683 0.851473652757704
0.397469415329397 0.862209965940565
0.367830241099 0.883193632122129
0.364296163897961 0.899640202987939
0.376370738726109 0.9245361587964
0.393171979580075 0.925492990761995
0.419024019036442 0.925622452516109
0.451910268515348 0.918094094842672
0.46719165565446 0.910025319084525
0.510954966768622 0.899106174241751
0.484449738636613 0.955731185618788
0.466820273082703 0.962125533260405
0.457360642496496 0.962393660563976
0.406712274532765 0.976198737043887
0.388344916515052 0.977467163931578
0.332057823892683 0.979488777928054
0.422393585089594 0.982073429971933
0.436726239044219 0.980634341947734
0.489052990917116 0.976695355027914
0.494467771612108 0.985553076956421
0.507218442391604 0.950891540851444
0.5625214362517 0.887690515723079
0.48924174811691 0.859787547960877
0.450616401154548 0.886407951824367
0.493006433360279 0.853309762198478
0.4990154937841 0.84229840291664
0.431886914651841 0.861605941783637
0.439229026436806 0.84646691987291
0.412266946397722 0.869443265255541
0.405286557972431 0.877122316975147
0.41976167447865 0.854276238940656
0.444747668225318 0.822661758866161
0.461797531694174 0.812836964614689
0.464447036385536 0.801671211142093
0.460183180402964 0.801244666799903
0.426610855385661 0.784654539544135
0.450472043361515 0.773349916562438
0.441264342516661 0.778815327677876
0.455002002418041 0.784473793581128
0.503061363007873 0.76654995046556
0.495373331476003 0.737942473962903
0.486895885784179 0.715762048494071
0.515397297218442 0.693465955555439
0.571381540503353 0.605994540732354
0.515052238013595 0.718912406824529
0.599773810245097 0.636963655706495
0.596647600643337 0.665486693382263
0.599348973482847 0.699911517091095
0.63091993983835 0.695551445242018
0.618296729400754 0.667440805584192
0.627918477635831 0.648280970286578
0.644462410360575 0.66334958281368
0.63022349961102 0.700655397959054
0.635696788784117 0.696317838039249
0.618010663427413 0.726747612003237
0.613585218787193 0.743833689950407
0.640084585640579 0.717715668492019
0.674970335327089 0.665818322915584
0.728228480089456 0.681171903386712
0.754504951182753 0.622083961497992
0.737288856413215 0.606442734133452
0.748037107288837 0.600669091567397
0.773687186650932 0.559595539234579
0.773403758648783 0.674001319333911
0.797382979188114 0.666983528062701
0.828392712399364 0.616407124791294
0.82845649169758 0.522341823671013
0.808330012951046 0.545770619530231
0.752745433710515 0.561610480770469
0.734430454671383 0.547453504055738
0.743379318155348 0.582261944189668
0.698772954754531 0.640038402285427
0.666453748941422 0.603103822097182
0.669540463015437 0.496336738113314
0.673102415166795 0.542084093671292
0.676871334668249 0.586589695420116
0.691938462667167 0.595047300681472
0.69604495447129 0.505868336651474
0.676488109864295 0.477352352812886
0.644823031034321 0.516675968188792
0.622781642246991 0.574849529191852
0.620126090943813 0.578090594615787
0.600249275099486 0.561753833200783
0.595115681644529 0.564638416748494
0.606126732658595 0.573403810150921
0.626464623492211 0.605585713405162
0.552769275382161 0.566685577854514
0.544358326587826 0.545837603043765
0.506113118957728 0.588821585290134
0.51904181856662 0.587658068630844
0.528265232220292 0.622485901229084
0.511590475216508 0.629927995614707
0.508248132653534 0.637473327573389
0.474167064297944 0.670766233000904
0.484497967641801 0.640831135679036
0.459355709142983 0.626797517295927
0.550960703287274 0.499751270283014
0.549717737361789 0.484486925415695
0.585052620619535 0.530504818074405
0.641591639257967 0.470806841272861
0.611003566533327 0.467252072412521
0.628467136528343 0.449504197575152
0.648958122357726 0.432855720631778
0.700089125428349 0.446026462130249
0.669490274507552 0.408511095214635
0.689467589836568 0.412962410598993
0.69100262131542 0.413815703243017
0.74747299682349 0.404091934673488
0.719740950502455 0.434666607528925
0.749265123158693 0.443293634336442
0.710581468883902 0.451752984430641
0.741001408547163 0.465740857180208
0.735967827495188 0.473245630972087
0.747086440213025 0.517918068915606
0.764308375306427 0.510664215777069
0.746055901050568 0.523437585216016
0.740635436493903 0.538824583403766
0.759655812289566 0.539211509749293
0.791199513711035 0.526382059324533
0.794044566806406 0.526966705452651
0.816339204087853 0.509921759366989
0.803709717001766 0.428140748292208
0.818088005762547 0.421533680986613
0.828016706276685 0.440083517692983
0.82950620027259 0.438320414163172
0.833183018025011 0.341514755040407
0.854802181944251 0.375203172676265
0.844190041534603 0.303995058871806
0.835723355412483 0.284006840083748
0.817475990857929 0.229724133852869
0.833491931203753 0.221137027721852
0.830717135686427 0.159659455530345
0.82649829890579 0.161379482597113
0.821426641661674 0.167570252902806
0.820914011448622 0.168506852351129
0.79204205609858 0.14448594301939
0.805867960676551 0.20958025380969
0.829147764015943 0.283311009407043
0.834494889248163 0.324038468301296
0.828654592856765 0.326999850105494
0.821681198198348 0.371198019012809
0.820628815330565 0.372466117609292
0.823657893110067 0.406409291550517
0.821803931612521 0.400573167484254
0.819243452511728 0.378499721176922
0.774107980076224 0.331667324528098
0.774533862248063 0.342374356463552
0.776764526497573 0.416222339961678
0.77473344001919 0.477814958896488
0.773431605659425 0.450396899599582
0.761328055523336 0.443640222307295
0.751834709197283 0.405150875449181
0.768331976607442 0.355484024621546
0.755788425449282 0.337596730329096
0.731082892976701 0.341505447402596
0.738071902189404 0.355897209607065
