2048
0.86770515050739 0.530052891466767
0.85099486541003 0.507230669725686
0.84012026945129 0.475828017108142
0.86836762027815 0.499634771607816
0.866458222270012 0.477409861050546
0.876844427548349 0.394462851341814
0.870914460159838 0.383247815072536
0.85636735195294 0.431669326499104
0.853721094783396 0.423379778862
0.851816258858889 0.429967771749943
0.832070744596422 0.460435180459172
0.832544499542564 0.467684717383236
0.814720923546702 0.49832095624879
0.831724470946938 0.509318723343313
0.808955200947821 0.501379056368023
0.794655696023256 0.51144607225433
0.787227942608297 0.52944260975346
0.781976057216525 0.531080635264516
0.777520570438355 0.527380888350308
0.773314602673054 0.522796718869358
0.763379523064941 0.512268982362002
0.763655040413141 0.511650448665023
0.757357669528574 0.51680771028623
0.748941644094884 0.523372124880552
0.721033229492605 0.528904202394187
0.735014665406197 0.51717760367319
0.715418270789087 0.527299665845931
0.704257882665843 0.547323007602245
0.672430645208806 0.536615985445678
0.703296510502696 0.508364816196263
0.691953408997506 0.483008883427829
0.668762463610619 0.482419260777533
0.624306566547602 0.511277318466455
0.645340722054243 0.517201046459377
0.656072416342795 0.516576013993472
0.68017012020573 0.523378063924611
0.655814907047898 0.53281085845083
0.665553513448685 0.547910725232214
0.66068578325212 0.554723699577153
0.656458919402212 0.558673431631178
0.662489544600248 0.569331120699644
0.633532793261111 0.557758622337133
0.640099209267646 0.537160698790103
0.615739435888827 0.540800615679473
0.579629431478679 0.554078633431345
0.587641521357 0.525803332682699
0.595115249976516 0.514120381791145
0.590111528057605 0.508526361081749
0.575474817771465 0.509523869492114
0.569832691922784 0.523807342164218
0.566029986832291 0.512009838595986
0.559517038054764 0.493224912323058
0.561773703899235 0.481279452331364
0.590018838178366 0.483678908087313
0.59116763016209 0.479824209120125
0.571996064856648 0.479069643188268
0.576773713342845 0.431462429929525
0.562781284563243 0.416004164610058
0.556224618572742 0.404164407867938
0.566453029867262 0.409669005777687
0.577476748265326 0.40150277223438
0.574761159718037 0.392754324246198
0.546776432543993 0.389063287526369
0.576482389122248 0.381718007382005
0.587728904094547 0.368471977300942
0.618031358346343 0.363877129275352
0.582691576331854 0.36792663205415
0.594546342268586 0.321750362403691
0.619116028770804 0.328494798857719
0.623314460273832 0.340157384518534
0.625752279069275 0.32689057290554
0.63145816931501 0.311282511334866
0.609111031983048 0.318697941955179
0.600550876464695 0.310835770796984
0.593371850438416 0.297368398867548
0.613623471464962 0.288773235864937
0.620148767251521 0.277489830274135
0.641177002340555 0.285343172028661
0.657787480391562 0.273103134240955
0.636987125966698 0.225855136755854
0.600820997264236 0.238920061383396
0.60594030469656 0.251563327852637
0.592316345777363 0.270575050264597
0.578901959117502 0.249704329762608
0.566211615223438 0.23725214228034
0.537369008176029 0.211452470161021
0.541611813940108 0.208831931464374
0.57140976190567 0.217050473671407
0.569882002659142 0.203099047299474
0.560890902299434 0.196105996146798
0.59304309822619 0.205281208734959
0.628441301174462 0.21880539925769
0.623196640517563 0.208053598180413
0.627708181738853 0.197210024110973
0.648157144431025 0.196081608533859
0.669799454975873 0.191905134357512
0.663609979208559 0.180215568747371
0.642790521029383 0.172252074815333
0.629477891139686 0.185908960178494
0.628386784344912 0.184211803600192
0.625154796522111 0.1762790014036
0.615647528786212 0.147582609206438
0.600846924819052 0.144353887066245
0.58988562785089 0.152288702316582
0.607266650069505 0.161017705220729
0.605988367460668 0.196504164487123
0.605695479549468 0.18655097251758
0.547859324607998 0.192510058172047
0.538188464939594 0.169598348904401
0.554864816833287 0.161193610168993
0.539017137605697 0.152628183830529
0.511470957659185 0.147926419507712
0.509083530399948 0.112291482742876
0.520661298185587 0.114101908169687
0.544296490959823 0.141509918030351
0.548952911049128 0.141854898072779
0.54173536086455 0.12645576056093
0.546408840455115 0.113890536595136
0.525931762997061 0.100101003423333
0.465434823650867 0.10251940228045
0.454717561602592 0.10903031937778
0.475804293528199 0.126193291973323
0.507041220553219 0.155581689439714
0.509408841840923 0.171622506342828
0.525322991423309 0.189707772340626
0.532085657119751 0.200444027781487
0.483745145611465 0.143717545550317
0.450561801437289 0.142512042075396
0.462053531315178 0.151324892416596
0.482512113638222 0.149596469476819
0.494453933089972 0.173015432897955
0.458506619557738 0.169079458341002
0.446732451673597 0.166605310048908
0.444767738226801 0.182459475006908
0.411058961413801 0.171173785347492
0.369163719937205 0.147684277500957
0.395833661779761 0.151759577449411
0.382863260339946 0.121901588980108
0.369286797940731 0.117424807045609
0.410651825368404 0.119268778711557
0.42163814464584 0.126409617252648
0.423820614814758 0.132861190475523
0.428835270926356 0.104074371047318
0.394367156084627 0.0991197037510574
0.366256237030029 0.092938706278801
0.355558762326837 0.0902600311674178
0.340398580767214 0.0907768048346043
0.318495217710733 0.0845115692354739
0.290616382379085 0.0790568985976279
0.291687700897455 0.0810511484742165
0.35060054436326 0.0994268818758428
0.361930039245635 0.13046164996922
0.355305103585124 0.130615195259452
0.352464049588889 0.12936725653708
0.340613270178437 0.104734644759446
0.296711418312043 0.110126874409616
0.275806531775743 0.110935169272125
0.212231061886996 0.0839156447909772
0.201014365535229 0.0790962567552924
0.197229177691042 0.0781133389100432
0.168574913870543 0.0722944927401841
0.17915510199964 0.0835365382954478
0.166766498237848 0.0809936230070889
0.125186725519598 0.0245286016725004
0.125964150764048 0.0316483667120337
0.153700344264507 0.0706123523414135
0.12535998551175 0.0778890415094793
0.161076312884688 0.0864378549158573
0.115141219459474 0.0922338250093162
0.132198460400105 0.0919097759760916
0.202384603209794 0.101448382250965
0.180141784716398 0.0937533578835428
0.20397795829922 0.0905123455449939
0.274211904965341 0.114248475991189
0.303611406125128 0.123803139664233
0.310788145288825 0.128030924592167
0.310505665373057 0.155902429483831
0.281953273806721 0.145668326877058
0.263851936906576 0.123834253754467
0.274870097637177 0.117967850994319
0.199500971939415 0.0937268505804241
0.237677199300379 0.130997499916703
0.190562827046961 0.124564202036709
0.21250011632219 0.147096704691648
0.229373170994222 0.152005143929273
0.219623277429491 0.140218081418425
0.248750731814653 0.153650408610702
0.298913743812591 0.190506137907505
0.309113943018019 0.193117924034595
0.308795647229999 0.204509152565151
0.284316590055823 0.205560891889036
0.258061716798693 0.204077092930675
0.214819211047143 0.189208424650133
0.257173002231866 0.21207015030086
0.27771395072341 0.22532245144248
0.318926966749132 0.273210321553051
0.354260902386159 0.27452444890514
0.344612051267177 0.26500227721408
0.301854323130101 0.22618173295632
0.325588172767311 0.211793173104525
0.342428800649941 0.212231194134802
0.366165562067181 0.227955355774611
0.372646080330014 0.256655873730779
0.36624749423936 0.272827886976302
0.388064418919384 0.273844809271395
0.421313806436956 0.263580453116447
0.421879166737199 0.261237261816859
0.433816641103476 0.274690144695342
0.425358591135591 0.276828085538
0.417805517092347 0.293944845441729
0.444570828229189 0.278076984453946
0.410654245410115 0.305277958977968
0.408620879985392 0.309054381214082
0.400621629320085 0.30839453311637
0.40896826935932 0.313868255820125
0.417483066208661 0.317137003410608
0.434510069899261 0.31308240396902
0.453408055473119 0.273789179045707
0.455092282034457 0.269673692062497
0.490525324828923 0.257452567573637
0.506162099540234 0.292422436177731
0.512761971913278 0.3023223108612
0.49075837386772 0.310912086628377
0.479694167152047 0.32904867362231
0.482584166806191 0.343140514567494
0.476798553019762 0.342148553114384
0.43925922177732 0.345250020734966
0.407955580856651 0.343434909358621
0.396533060818911 0.349377430044115
0.358049109112471 0.378978717140853
0.342146235983819 0.358599268831313
0.32943610753864 0.365422594826669
0.320749341975898 0.369380448479205
0.3570556640625 0.348518499173224
0.365711917635053 0.326495262328535
0.377542722038925 0.297997251618654
0.33802114892751 0.310438310261816
0.349432510789484 0.312846675980836
0.33265662798658 0.313983770553023
0.300722762010992 0.327599033247679
0.31286175083369 0.334102165419608
0.318885474931449 0.334544749930501
0.29056755406782 0.340962887741625
0.255582707934082 0.342030477710068
0.231072906870395 0.335123097058386
0.165608183015138 0.346069207880646
0.118061315733939 0.348405512515455
0.0816989145241678 0.344611081760377
0.100447909440845 0.352247226983309
0.148159405216575 0.363522271625698
0.164220234844834 0.369163908064365
0.177585515659302 0.361462334636599
0.197659124154598 0.381944448221475
0.19452157523483 0.394681402482092
0.187172046396881 0.408561926335096
0.176881788298488 0.405515786260366
0.152066901791841 0.384484553243965
0.139724673237652 0.392383893951774
0.102504322770983 0.370026014279574
0.0935803074389696 0.359413710888475
0.0828240378759801 0.368622599635273
0.099078459199518 0.401525453198701
0.0976238446310163 0.405118538998067
0.0809371611103415 0.395191987045109
0.0807952117174864 0.383519049268216
0.0794893130660057 0.372560536954552
0.037728319875896 0.337703695055097
0.0299270297400653 0.350643564481288
0.0289844330400229 0.352070467546582
0.0266275759786367 0.371063420549035
0.0317344823852181 0.39255367172882
0.0390219879336655 0.402429108507931
0.0377276968210936 0.372560976538807
0.0441028629429638 0.4064956670627
0.0617605624720454 0.424788980279118
0.088374107144773 0.445547453593463
0.0882433233782649 0.449579324573278
0.0771243940107524 0.443863329011947
0.0395838553085923 0.487153845839202
0.0682873516343534 0.476759850978851
0.112649942282587 0.46373438835144
0.0924688228406012 0.475248591508716
0.0527325593866408 0.491943229455501
0.107304949313402 0.486086002085358
0.0960643249563873 0.490686221979558
0.0888838190585375 0.493960135150701
0.0756743289530277 0.499480490572751
0.0905664912424982 0.524775693658739
0.0604477352462709 0.505645621567965
0.0522554372437298 0.520233591087162
0.0658648670651019 0.535225158091635
0.0678827948868275 0.539414889644831
0.0622404287569225 0.55043956823647
0.0786690646782517 0.571224904619157
0.0310642211697996 0.616589053999633
0.030035063624382 0.603529551066458
0.0597789264284074 0.572089361958206
0.0124460505321622 0.599767602514476
0.00841957610100508 0.593750840052962
0.00965643767267466 0.572819150052965
0.0322182085365057 0.523842975031585
0.0330270864069462 0.516069381963462
0.040424931794405 0.505496923346072
0.0179326520301402 0.51398586994037
0.0148819284513593 0.513831616379321
0.010025923140347 0.482131935190409
0.0223964052274823 0.507296252995729
0.0291080987080932 0.489749101921916
0.0392980673350394 0.474453728180379
0.0543334176763892 0.438677619211376
0.0397797045297921 0.418472585268319
0.0294434810057282 0.453082656953484
0.00591699173673987 0.471338615287095
0.0153212933801115 0.412977279629558
0.0115023571997881 0.381386522669345
0.00050292257219553 0.346106367651373
0.00473907310515642 0.336224850732833
0.0146078579127789 0.32508127996698
0.0199960530735552 0.310785472858697
0.0350013822317123 0.314767217729241
0.0473618959076703 0.319066898431629
0.0649396111257374 0.337423455901444
0.062550360802561 0.330008612945676
0.0797685920260847 0.331259822007269
0.0393478870391846 0.312111354433
0.0717625487595797 0.315531553234905
0.0423906110227108 0.294960805680603
0.0209120386280119 0.28079513926059
0.00423468463122845 0.289545109961182
0.00259366305544972 0.276792658958584
0.0194181189872324 0.262513891793787
0.0745761543512344 0.306108409538865
0.121660583652556 0.324226672761142
0.0812507150694728 0.294320296961814
0.0878810756839812 0.295413892250508
0.125264305155724 0.315326108597219
0.11483848374337 0.28993845032528
0.114577190950513 0.289142295718193
0.0970558053813875 0.285488067194819
0.0681603467091918 0.268525865394622
0.0558357373811305 0.261361645534635
0.00190504733473063 0.22524302219972
0.0209981491789222 0.230811295565218
0.0226921946741641 0.221681952942163
0.0450075063854456 0.249605052638799
0.0482004815712571 0.252130029723048
0.0753012010827661 0.248861229978502
0.0740093779750168 0.223490630276501
0.132027411833405 0.253039956092834
0.142767807934433 0.246525737456977
0.134156675077975 0.238844667095691
0.120537751819938 0.2328508971259
0.133222276344895 0.215199475642294
0.12612770171836 0.206390890758485
0.0674451403319836 0.2134277112782
0.0594923784956336 0.210419226903468
0.0237041581422091 0.216127308085561
0.0202042181044817 0.177643087226897
0.0244348673149943 0.190320192836225
0.0734613975510001 0.20225944975391
0.10391397215426 0.197064898442477
0.12291808379814 0.190370015799999
0.155494583770633 0.220325924921781
0.165384538471699 0.243082653731108
0.161627642810345 0.249725406058133
0.136732183396816 0.26001100987196
0.109734278172255 0.276931695640087
0.119819200597703 0.277799211442471
0.149713376536965 0.315235629677773
0.190989081282169 0.31241747783497
0.160496468190104 0.303332248236984
0.141560074873269 0.277578643988818
0.160761863458902 0.291942118667066
0.174901412334293 0.289533136412501
0.201968721114099 0.304603792726994
0.208017489872873 0.303458270151168
0.227372959721833 0.302302996162325
0.253848377615213 0.305854687932879
0.25625533470884 0.338708618655801
0.313250921200961 0.306944613344967
0.32478593243286 0.311217980459332
0.289916309993714 0.256187681574374
0.272959783207625 0.228458862751722
0.278817217797041 0.253510430920869
0.291123942006379 0.271336324512959
0.284582857973874 0.276400820352137
0.252004487905651 0.267512882128358
0.260526959784329 0.272022492717952
0.282275540288538 0.294473373796791
0.260678104590625 0.275736222974956
0.277459595818073 0.296535210683942
0.274475021287799 0.301290546543896
0.270828080829233 0.300117254257202
0.251846094615757 0.300888973288238
0.198488018009812 0.281546899117529
0.163350068498403 0.263060244265944
0.171174202114344 0.262437659781426
0.202396358828992 0.255482647567987
0.192061935551465 0.258458355441689
0.221963434014469 0.264281740412116
0.238529911264777 0.256937010679394
0.237542069517076 0.246593412477523
0.247815786860883 0.226799594704062
0.233964652754366 0.221590544097126
0.228861718904227 0.215965860523283
0.156399542465806 0.187777099199593
0.2287294161506 0.254583946894854
0.197751093190163 0.240067755337805
0.168982941191643 0.207164280582219
0.138418400194496 0.187783055007458
0.0989380860701203 0.194361992646009
0.0583757627755404 0.194224047008902
0.073433821555227 0.186851009260863
0.0855273678898811 0.176961798686534
0.0756312804296613 0.154717213008553
0.0594870503991842 0.143642245326191
0.0720573710277677 0.182782171759754
0.0484520546160638 0.175457838457078
0.0365978656336665 0.17866832902655
0.0213913223706186 0.159999299328774
0.00360077898949385 0.095478234346956
0.0298949140124023 0.119287048932165
0.0463988254778087 0.123645590618253
0.0656161326915026 0.137578500900418
0.101727887988091 0.160508746281266
0.123968637082726 0.158494574017823
0.109196172095835 0.150573975406587
0.115073870401829 0.147817811928689
0.0950060971081257 0.123764420393854
0.130248441360891 0.16129279602319
0.187808861490339 0.192681362386793
0.128276167903095 0.137687585316598
0.176900911610574 0.163138370960951
0.204422504641116 0.184577972162515
0.257558198645711 0.199149013031274
0.270319600589573 0.186781651806086
0.189075589645654 0.157320535276085
0.18672153307125 0.154465754982084
0.159682715777308 0.145641412120312
0.129821293987334 0.131231563165784
0.176090659573674 0.120450206566602
0.161120841279626 0.122985539957881
0.105385127943009 0.128251464106143
0.0710142650641501 0.0830775406211615
0.0670318081974983 0.0896348715759814
0.0662137004546821 0.0996701400727034
0.0585873131640255 0.1009472142905
0.0287418602965772 0.0616344721056521
0.0319193531759083 0.098751462996006
0.0571539299562573 0.115071897860616
0.0305134002119303 0.102471353951842
0.0154581679962575 0.0584661983884871
0.0224249078892171 0.0318716764450073
0.0386713249608874 0.0467718192376196
0.04163190536201 0.0383638688363135
0.0527154370211065 0.00226902589201927
0.0626350701786578 0.0350514552555978
0.0712696104310453 0.019023169297725
0.064568436704576 0.0499409562908113
0.0464551039040089 0.053671658039093
0.0497360085137188 0.0546183390542865
0.0527888424694538 0.0680836164392531
0.0777016612701118 0.067707831505686
0.0809284304268658 0.0645497464574873
0.10315933637321 0.0709250587970018
0.103762503247708 0.0466965264640749
0.110447792336345 0.0107257328927517
0.101235574111342 0.0083365268073976
0.106581249274313 0.000556299928575754
0.143700320273638 0.00599932018667459
0.182279060129076 0.00634744996204972
0.185051805339754 0.000667870510369539
0.296863350085914 8.81706364452839e-05
0.303885860834271 0.00300413323566318
0.408062371425331 0.0019429107196629
0.406942008528858 0.00796137843281031
0.391260579228401 0.00794142205268145
0.358234422747046 0.012347427662462
0.316538671497256 0.00873651960864663
0.3337552244775 0.0314305149950087
0.302840245887637 0.00378679437562823
0.282245445530862 0.0109854489564896
0.280323672574013 0.0207084501162171
0.244391642510891 0.0159123023040593
0.359266371466219 0.0407682610675693
0.341220855712891 0.0501359500922263
0.209362223744392 0.0137957828119397
0.197430124506354 0.0236117974855006
0.22696784324944 0.0327236936427653
0.245277157984674 0.0454446272924542
0.17210099985823 0.0377181810326874
0.16316872742027 0.0299048256129026
0.1283536888659 0.0245343144051731
0.169971585739404 0.051215167157352
0.237969928886741 0.0791613189503551
0.23644051887095 0.0618142671883106
0.332648236304522 0.0673895198851824
0.325340406037867 0.0651910402812064
0.339364127255976 0.0563145084306598
0.360094108153135 0.0761772515252233
0.367222384549677 0.0805741120129824
0.421726911794394 0.0775229027494788
0.413032258395106 0.0745885726064444
0.39591643307358 0.073542436119169
0.365851297043264 0.0646830047480762
0.40428007626906 0.0693339626304805
0.445479516871274 0.073146803304553
0.526629102416337 0.075352274812758
0.502639992162585 0.0602287109941244
0.455665153916925 0.0406255344860256
0.447467484511435 0.0529034030623734
0.440937544219196 0.0625394354574382
0.39732855418697 0.0598251740448177
0.398432314395905 0.0587915927171707
0.427262633573264 0.0266310898587108
0.403215915895998 0.0245382180437446
0.40112041356042 0.0351100494153798
0.365175360813737 0.0144755449146032
0.436403353698552 0.00519982073456049
0.47423386760056 0.00592488469555974
0.486662302166224 0.00733616342768073
0.49904107907787 0.00862631294876337
0.460740938782692 0.0136396852321923
0.5600201850757 0.0288232322782278
0.610701356083155 0.0280480529181659
0.628978941123933 0.0275954864919186
0.575906932353973 0.0401294576004148
0.534404819831252 0.0297233550809324
0.452154304366559 0.0341414832510054
0.565020136535168 0.0524394726380706
0.570777227636427 0.0484049404039979
0.608401420991868 0.0554568157531321
0.629423564299941 0.058944130782038
0.631534917745739 0.066062846686691
0.644148468971252 0.0850658942945302
0.650707100983709 0.0712054073810577
0.670071139931679 0.071630525868386
0.661217597778887 0.0414859377779067
0.649323934689164 0.0227980297058821
0.636428333353251 0.022930552251637
0.630009380169213 0.0219476753845811
0.581354739610106 0.0171503182500601
0.50931752519682 0.00610223831608891
0.533401010092348 0.00468028616160154
0.615637676324695 0.016250956337899
0.644250887446105 0.0120193944312632
0.70711506344378 0.00638386327773333
0.736910662148148 0.0520549765788019
0.701276588253677 0.0247235847637057
0.689290174283087 0.0315927537158132
0.701110162306577 0.0395856476388872
0.741308217868209 0.0603834022767842
0.723489259835333 0.0781581643968821
0.718447494786233 0.0677226651459932
0.717247759457678 0.0785274477675557
0.690815574023873 0.0474164416082203
0.681901627685875 0.0449469587765634
0.683824921026826 0.0617796406149864
0.686768743675202 0.0947090433910489
0.676118346396834 0.072030873503536
0.667972509283572 0.0798486890271306
0.618698436766863 0.0965517484582961
0.623263507150114 0.0788598856888711
0.593760776799172 0.0653387377969921
0.588909143581986 0.070434978697449
0.579853772185743 0.0579556804150343
0.553844467736781 0.0577594228088856
0.559441948309541 0.0704979747533798
0.523333331570029 0.08181116823107
0.457793476991355 0.083708711899817
0.446201788261533 0.0752478833310306
0.432721514254808 0.0750465635210276
0.434983992949128 0.0805379338562489
0.422508747782558 0.0881637260317802
0.469083305913955 0.0938936457969248
0.482766325119883 0.0920951794832945
0.50085188774392 0.0983755267225206
0.498183643911034 0.0930047426372766
0.519769304431975 0.0910734999924898
0.529855957254767 0.0917651364579797
0.563446127343923 0.114781588315964
0.599901836831123 0.0999649609439075
0.583371254615486 0.0905720791779459
0.567105979193002 0.08655128441751
0.609663009177893 0.0954535878263414
0.616702248342335 0.103787610307336
0.607863246463239 0.108285108581185
0.630289175081998 0.121324082370847
0.627263815142214 0.104817351326346
0.637411074247211 0.128666196484119
0.720806692261249 0.125701625831425
0.729209895711392 0.125646514352411
0.702255080454051 0.134309931192547
0.658816566690803 0.157503193244338
0.687853038776666 0.166886580176651
0.697839873842895 0.166405090596527
0.687842386774719 0.17452165717259
0.670176790095866 0.164793990552425
0.670551876537502 0.199187348596752
0.664301976095885 0.202920687850565
0.671477585099638 0.260879871435463
0.666452988050878 0.270375612191856
0.647200857754797 0.295683347154409
0.660525616258383 0.29848636360839
0.640024908352643 0.301408716943115
0.654280838090926 0.307874594815075
0.618542534764856 0.381652157288045
0.603521775454283 0.406345791183412
0.618998620193452 0.409485713578761
0.588392487261444 0.427629239391536
0.605428897310048 0.456263344734907
0.603851940017194 0.460167582612485
0.613222606945783 0.456961955409497
0.621747112367302 0.426647258922458
0.622753253672272 0.421358931344002
0.622054812498391 0.380040188785642
0.64064132515341 0.39062615763396
0.652121178805828 0.393086191266775
0.654907966963947 0.399396581109613
0.658657807391137 0.388430244755
0.684283106122166 0.37570845335722
0.663073852192611 0.421419081278145
0.648911977186799 0.460676908493042
0.644392031244934 0.479653438087553
0.678708629216999 0.446278406772763
0.673980604391545 0.435511729680002
0.694476645905524 0.423325744457543
0.701783837750554 0.39111133152619
0.729175704531372 0.301239495631307
0.70390750747174 0.375947325490415
0.680718923453242 0.366965705528855
0.687959129456431 0.340879445429891
0.691673332359642 0.314028521534055
0.709542297758162 0.304998898413032
0.718197396956384 0.302144507411867
0.693250376265496 0.268308576662093
0.67912363819778 0.234905366785824
0.6856854618527 0.236704081762582
0.687813670374453 0.239296312443912
0.71040263492614 0.215624852105975
0.703483153600246 0.215446996502578
0.702231369446963 0.21321955230087
0.688226043246686 0.205661608837545
0.718125257641077 0.20630297716707
0.775932189077139 0.219025294296443
0.762305190321058 0.24005554895848
0.778759106528014 0.248487432021648
0.75873227417469 0.26427705725655
0.754451886285096 0.258269461803138
0.748597384430468 0.242057986557484
0.736800491809845 0.26402634056285
0.716024153865874 0.256914051249623
0.708532279357314 0.259937977883965
0.730729249306023 0.286332228220999
0.740875007584691 0.269411681685597
0.746631901245564 0.334279959555715
0.760697699617594 0.340458179824054
0.710695246234536 0.448036612942815
0.768128692638129 0.326814271975309
0.764419244136661 0.355254024732858
0.760776958893985 0.378024360630661
0.749663756694645 0.40830461634323
0.729470323771238 0.446818690281361
0.719075465574861 0.476672709919512
0.716319737024605 0.481461371295154
0.738120710011572 0.504138503223658
0.771492079365999 0.486237117554992
0.76176992058754 0.432562366593629
0.763675647322088 0.435392588376999
0.795988701283932 0.451099906582385
0.825349190738052 0.426753865554929
0.831971178762615 0.425435781478882
0.83923981199041 0.403974039945751
0.826069643255323 0.357452872674912
0.819500208366662 0.400829124264419
0.809595748316497 0.412262047640979
0.800323136616498 0.429215942509472
0.805979402735829 0.409416413865983
0.798210972454399 0.38411705987528
0.819650811608881 0.353233477566391
0.829708635807037 0.359346423763782
0.850059720687568 0.367482331581414
0.852344665676355 0.363098456524312
0.913229666184634 0.356285595800728
0.913089085835963 0.315877092536539
0.892109404783696 0.339449177961797
0.891530800610781 0.326143844984472
0.893541413825005 0.321540425997227
0.90962571464479 0.284377183299512
0.91556705487892 0.273312540259212
0.915011779870838 0.303691674955189
0.928268414922059 0.298345667310059
0.933486146852374 0.297931808978319
0.935205926187336 0.269074935931712
0.947559234686196 0.274870438501239
0.950276467949152 0.274260381236672
0.952297479379922 0.279937790241092
0.968765611294657 0.24763011559844
0.962914017029107 0.371184520889074
0.959189356304705 0.378629142884165
0.952778123319149 0.397555056493729
0.949858234729618 0.316182158887386
0.947962044272572 0.324261310975999
0.926721442490816 0.448905628640205
0.943862279411405 0.342534541618079
0.94589322945103 0.30397955654189
0.943133474327624 0.317057740874588
0.919745565392077 0.331942667253315
0.921996281482279 0.339828362222761
0.922164625953883 0.432830527424812
0.918583645951003 0.496257259510458
0.938680618535727 0.451995964627713
0.94043273339048 0.498219017405063
0.953014315571636 0.470758843701333
0.949620149563998 0.432639783248305
0.962306625209749 0.401096326299012
0.966704776976258 0.352946438360959
0.968024540226907 0.355213363654912
0.971331810113043 0.369963265489787
0.981935027521104 0.186827837023884
0.98380777798593 0.148623034358025
0.983204607386142 0.066074388101697
0.979935356415808 0.0659909620881081
0.982368336059153 0.146296297200024
0.972709892783314 0.230496546253562
0.967850806191564 0.208607066888362
0.964636105578393 0.198967265430838
0.956044828984886 0.221211716067046
0.952590406872332 0.226299475878477
0.952195254154503 0.196346824988723
0.950453378260136 0.193961726501584
0.936682554893196 0.243051095865667
0.935414962470531 0.261828019749373
0.931676384527236 0.243149101734161
0.922612185124308 0.147534851450473
0.902217796072364 0.171547146048397
0.913508026394993 0.168796359095722
0.916856048163027 0.194984022993594
0.909193940926343 0.198716326616704
0.918339314404875 0.247148450929672
0.919304828625172 0.252662766259164
0.897999098524451 0.259497202932835
0.89793460117653 0.286097270436585
0.892300039064139 0.309380968566984
0.890091908629984 0.2677743867971
0.868961705826223 0.235933886375278
0.883983024396002 0.221061161253601
0.887247735168785 0.188522182404995
0.889288819395006 0.178125862497836
0.910897847730666 0.139311605598778
0.918543125502765 0.130792533513159
0.950923078693449 0.114292049314827
0.959524447098374 0.0788528281264007
0.967362996190786 0.0480137602426112
0.960869703441858 0.0549992439337075
0.956206522416323 0.0604334534145892
0.94341623224318 0.101295667234808
0.926894550211728 0.117404690012336
0.926690706983209 0.0850034803152084
0.934530954807997 0.0636250926181674
0.911728390026838 0.0733759789727628
0.932836334221065 0.0666309767402709
0.903606691863388 0.1329878536053
0.90532058198005 0.116122124250978
0.907406164798886 0.101749471854419
0.903168065939099 0.09991057170555
0.901233821641654 0.0874431990087032
0.88500706711784 0.146842211019248
0.883898677770048 0.148429529275745
0.871464213356376 0.200630380772054
0.862448423635215 0.244077132549137
0.846225271001458 0.270226193126291
0.852724811062217 0.297828139737248
0.878100119996816 0.293122347909957
0.861421168316156 0.326233606785536
0.850896338932216 0.324115995783359
0.854957684408873 0.340427129529417
0.864014314487576 0.336057242006063
0.872278827242553 0.331839456688613
0.853674919810146 0.344003332778811
0.844723038841039 0.349209771957248
0.832256286405027 0.354621536098421
0.818734988570213 0.338696256745607
0.807231987826526 0.336864892859012
0.805781363043934 0.339614466764033
0.804834816139191 0.347887720912695
0.779361610300839 0.354150724597275
0.790333833545446 0.309560309164226
0.788228114135563 0.300221506506205
0.762657117564231 0.322550662793219
0.760787474457175 0.303996027447283
0.768620978109539 0.315358857624233
0.764440515078604 0.30605937493965
0.786400381010026 0.28790338896215
0.803382740821689 0.285894815344363
0.807373289018869 0.281367569230497
0.810965908691287 0.303535300306976
0.816892127972096 0.258378368336707
0.786688414402306 0.231254544574767
0.791281936690211 0.213282293174416
0.790233457460999 0.196821411140263
0.79784454125911 0.197282728739083
0.789418921340257 0.184688677545637
0.76977779250592 0.17834845976904
0.763019570615143 0.175715802237391
0.742384448647499 0.198813834227622
0.738698314409703 0.19964981591329
0.718784178141505 0.148171811830252
0.73190941195935 0.164052138570696
0.740735117346048 0.183273483533412
0.737777736503631 0.193743962794542
0.765474297571927 0.146991945803165
0.770563173107803 0.151160479988903
0.791646153200418 0.16073823813349
0.795703893527389 0.167697984259576
0.819863977842033 0.142144591081887
0.821187323424965 0.142099937424064
0.814967078156769 0.178165663499385
0.804974239785224 0.20665162242949
0.797352575697005 0.232698176056147
0.803157589863986 0.233393973205239
0.810218333266675 0.247728418093175
0.825748675968498 0.248389678541571
0.836373739875853 0.228619263973087
0.852009093854576 0.18293220596388
0.834719803649932 0.194498669821769
0.832229053135961 0.162509883753955
0.841115773189813 0.154885224066675
0.84620674001053 0.171275198925287
0.853929805569351 0.156881263945252
0.845586858689785 0.149674881249666
0.834090509451926 0.126920889131725
0.865803056396544 0.154908361844718
0.869053044356406 0.130536756943911
0.883662273176014 0.120497185271233
0.879487406462431 0.102956064511091
0.866760848090053 0.0993693140335381
0.870954165235162 0.112417372409254
0.84090349636972 0.0870252829045057
0.812250989023596 0.0828266814351082
0.791528427507728 0.0901814200915396
0.794904877431691 0.103855987545103
0.822068976704031 0.134995083324611
0.809698303695768 0.134370272513479
0.787919748108834 0.121747463010252
0.775541870854795 0.123959451913834
0.73693622648716 0.110442620702088
0.712178852874786 0.0963027738034725
0.719080049544573 0.0906833480112255
0.773540265392512 0.0721001485362649
0.774869475979358 0.0731587745249271
0.752299324609339 0.0951432408764958
0.780406433623284 0.0764498393982649
0.815053494181484 0.0736316912807524
0.8024523104541 0.0688179368153214
0.797989584039897 0.0475973067805171
0.82273451378569 0.0713617759756744
0.823979404289275 0.0559547198936343
0.801794571336359 0.0423190705478191
0.762216617818922 0.015386407263577
0.744722431059927 0.0263914517126977
0.726621620822698 0.0102349021472037
0.737829164601862 0.00969384983181953
0.760959898587316 0.00451294984668493
0.819172841496766 0.0381748625077307
0.820210598409176 0.0385250058025122
0.831115283537656 0.0342514957301319
0.857495889998972 0.0586714218370616
0.852021408267319 0.0644608549773693
0.876001030672342 0.0691990787163377
0.869560298509896 0.075300257652998
0.876316604670137 0.0826479326933622
0.880812549032271 0.0877252696081996
0.90434594033286 0.0620887386612594
0.903214161284268 0.0564523031935096
0.929827748332173 0.0554962665773928
0.935655131936073 0.0569504024460912
0.952142260503024 0.0512543972581625
0.940901725552976 0.04222751269117
0.921888513490558 0.0293525853194296
0.895715479273349 0.0232634041458368
0.918894412461668 0.051286424510181
0.894374662078917 0.048886205535382
0.853624747600406 0.0459235622547567
0.853763029910624 0.0454973168671131
0.878960963338614 0.0475525539368391
0.890887418761849 0.0474896035157144
0.805020811967552 0.00403066398575902
0.864958303980529 0.00825931318104267
0.861977132968605 0.000516290310770273
0.863638943061233 0.000937226228415966
0.875767894089222 0.0083946343511343
0.894944481551647 0.00438451394438744
0.901081070303917 0.00349589716643095
0.905731350183487 0.00217952206730843
0.922402776312083 0.00623912876471877
0.929031786508858 0.0116156889125705
0.953494404442608 0.0462239249609411
0.947535616345704 0.0288437302224338
0.930899046361446 0.00783740077167749
0.969237325247377 0.0295168654993176
0.973126388154924 0.0574896857142448
0.979167949873954 0.123525084462017
0.976086163427681 0.0442623603157699
0.973447126336396 0.00719014368951321
0.985849895048887 0.0131011200137436
0.991102960892022 0.0377337685786188
0.981575075536966 0.0329081215895712
0.990037536714226 0.0547775109298527
0.99044381082058 0.0711926561780274
0.996483133174479 0.116556867957115
0.99443680793047 0.15804343437776
0.99183729570359 0.151659944560379
0.994124428834766 0.350223177112639
0.99424009770155 0.388788120355457
0.993775837589055 0.37085890211165
0.989228115417063 0.234893228858709
0.983679498080164 0.255633403547108
0.981097386684269 0.268334933090955
0.975961537100375 0.300385882612318
0.966195660177618 0.608580905944109
0.965254096779972 0.666564912069589
0.962674258742481 0.81653036782518
0.973166650626808 0.515610276721418
0.973538398277014 0.438055345788598
0.979729945305735 0.521882181055844
0.972666996065527 0.605240766890347
0.977687813341618 0.628830703441054
0.980559299699962 0.616722524631768
0.976993724238127 0.676595373079181
0.975701954681426 0.795171372592449
0.973587204702199 0.821760936640203
0.975490054115653 0.808170342352241
0.969816458411515 0.908970188815147
0.970175411086529 0.923900504596531
0.976215818431228 0.806317693553865
0.97744184313342 0.855913956649601
0.981365566141903 0.684621573891491
0.993036459200084 0.458641739096493
0.996130858547986 0.369792798534036
0.996938179712743 0.0993621596135199
0.99939498770982 0.229547597933561
0.999066805001348 0.597164986189455
0.997468878049403 0.586959450971335
0.996494548860937 0.577012157533318
0.991012301761657 0.660630533471704
0.987670426722616 0.641207803506404
0.985643335152417 0.709449074696749
0.975584280211478 0.915675853379071
0.982364739757031 0.789671447593719
0.989239842630923 0.732902680058032
0.991021058056504 0.680113702081144
0.999014679342508 0.817373330704868
0.999770974740386 0.907995739020407
0.999505747575313 0.921480750665069
0.994109146296978 0.983853668905795
0.984507609624416 0.929106049705297
0.981183127500117 0.931393875740469
0.97290887311101 0.986390136182308
0.953069679904729 0.984505739528686
0.965471287257969 0.95648549683392
0.938657097984105 0.942971831187606
0.961906240321696 0.884444220457226
0.967511303722858 0.858485345728695
0.973873804323375 0.677765137981623
0.967101217713207 0.830694195348769
0.954843583051115 0.865857682190835
0.94111305102706 0.88344468222931
0.935717818792909 0.845760877244174
0.931361983995885 0.840007934719324
0.930151947308332 0.92349071148783
0.927398660685867 0.948089500423521
0.887004262302071 0.945067521184683
0.918195590842515 0.960392734967172
0.951566277071834 0.980896659195423
0.924856554716825 0.994388277176768
0.921156866941601 0.986344624776393
0.881644600536674 0.979789033532143
0.837423246353865 0.973763678222895
0.871798362117261 0.946937023196369
0.909706020262092 0.899767189752311
0.908105216920376 0.896208943333477
0.846699968911707 0.942820572294295
0.835159685462713 0.949070993810892
0.840165586210787 0.917747259140015
0.839000748470426 0.913423385471106
0.832449123263359 0.920926140621305
0.829206889495254 0.896197075024247
0.842183396220207 0.799015671480447
0.854854826349765 0.816058302763849
0.859303812962025 0.756657797377557
0.84871295792982 0.771169401705265
0.837504513096064 0.778219496831298
0.820667734835297 0.823834262322634
0.797113581094891 0.854668403044343
0.815393191296607 0.823422729037702
0.825732998549938 0.800754655618221
0.82766753109172 0.774041866417974
0.834666517097503 0.765056560747325
0.845205224584788 0.699198009446263
0.861108165234327 0.672242692671716
0.870151869952679 0.639630423393101
0.86826701508835 0.628481937106699
0.830051294993609 0.718680988065898
0.812457546126097 0.752072669565678
0.810522178187966 0.742291537579149
0.838534072972834 0.679397045169026
0.851259784772992 0.657507204450667
0.86488096229732 0.616562889423221
0.899672706611454 0.655390636064112
0.902272146660835 0.691195839084685
0.905527994502336 0.654021042399108
0.911790688987821 0.710699024610221
0.854329093359411 0.696871808730066
0.851915246807039 0.72620136430487
0.850716049782932 0.747293760068715
0.881271173246205 0.730927594937384
0.884056666400284 0.734174434095621
0.887021102476865 0.782325070351362
0.872752805706114 0.80082317488268
0.87506397254765 0.793111274950206
0.852264206390828 0.840084908530116
0.847366948146373 0.864786505233496
0.835194096900523 0.895939451176673
0.855503924190998 0.8667510477826
0.918746727984399 0.713297592941672
0.923442231491208 0.701162051409483
0.928227056749165 0.73329605627805
0.930443627759814 0.837255937047303
0.921999554149806 0.83964409539476
0.919755206443369 0.822244404815137
0.921043678652495 0.746132579632103
0.915767627302557 0.788039423990995
0.882082547061145 0.87078815093264
0.866462694481015 0.903409732040018
0.86263700760901 0.917185163125396
0.879412999376655 0.8820665711537
0.896066491492093 0.836937536485493
0.909230753779411 0.810369585175067
0.882515446282923 0.884462052490562
0.91523802280426 0.872456857934594
0.925361810717732 0.922344654798508
0.931255583185703 0.8363714418374
0.933496793732047 0.793962122406811
0.928509898949414 0.68308735312894
0.917286042589694 0.624368396122009
0.924073577858508 0.609300288371742
0.923684843815863 0.58205643389374
0.950459895189852 0.634656109381467
0.947528821416199 0.616239325609058
0.958889794070274 0.576262563001364
0.954200859647244 0.629029470030218
0.93690243223682 0.823732226155698
0.938552844338119 0.830296461004764
0.944551451597363 0.816941797733307
0.953131624963135 0.744998103473336
0.959544216282666 0.707105300854892
0.942807826213539 0.77559977537021
0.954672482796013 0.664044983685017
0.965750606264919 0.552381965797395
0.969834258314222 0.404534602537751
0.961668046191335 0.500344401225448
0.954105766490102 0.552971672732383
0.9538539419882 0.544811004307121
0.945094332564622 0.571043427567929
0.920835533179343 0.560011887922883
0.928229375742376 0.543593161273748
0.915847252123058 0.551028051879257
0.909498879685998 0.516367128118873
0.905779270920902 0.491107856854796
0.898491103202105 0.498589063063264
0.896659113001078 0.486577243544161
0.895872809924185 0.44520391523838
0.893479587044567 0.452474860474467
0.887427158188075 0.453209978528321
0.872376300394535 0.505782335996628
0.881441224832088 0.463687222916633
0.868529578205198 0.513035607524216
0.908933470956981 0.540268124081194
0.91127949161455 0.562059468124062
0.914169596973807 0.566210665740073
0.918256491422653 0.608411507681012
0.914955129381269 0.62646180158481
0.922396297566593 0.681230981834233
0.915882910136133 0.659719103947282
0.906842195894569 0.626462376210839
0.910434037912637 0.616400213446468
0.902749413158745 0.579996311571449
0.902323229704052 0.607873926404864
0.891253355424851 0.608755800873041
0.890205380506814 0.587659252341837
0.878196904901415 0.587799253873527
0.865186018869281 0.570142718497664
0.846055320464075 0.542993258219212
0.854078927077353 0.564761691261083
0.845201465301216 0.58120724465698
0.852600660175085 0.595061095431447
0.840620446950197 0.596537129487842
0.801756835542619 0.582423839252442
0.798289911355823 0.58094580611214
0.834831009618938 0.63430303055793
0.836082452442497 0.660371078178287
0.826838146429509 0.662604412995279
0.801611446309835 0.662291913758963
0.806542651262134 0.665143865160644
0.825688278768212 0.666355729103088
0.812949637882411 0.696378673426807
0.75791356805712 0.681385408621281
0.792586906347424 0.698622878175229
0.769574082456529 0.714334294665605
0.764463687315583 0.728942006826401
0.775395605247468 0.751045909244567
0.784553195349872 0.757455926854163
0.788830819539726 0.768648862838745
0.786877785343677 0.791857135482132
0.810252386145294 0.785815986804664
0.794748448766768 0.834531162399799
0.796467927284539 0.850646370556206
0.770343448966742 0.88144009700045
0.771148391067982 0.89766325103119
0.797073374502361 0.890501833986491
0.810370063409209 0.934813885018229
0.820761477109045 0.93867719406262
0.829064354300499 0.934767432976514
0.835769006051123 0.94330642092973
0.822344414424151 0.949249507393688
0.799462597817183 0.974962356500328
0.814879233948886 0.965552548877895
0.831866892054677 0.974182898178697
0.900496910326183 0.988940714858472
0.90219243010506 0.985338423401117
0.903425154741853 0.991008227691054
0.89513339009136 0.991904510185122
0.781406844966114 0.988125658594072
0.774621154181659 0.987353264354169
0.760474034585059 0.982784972991794
0.773794945795089 0.977423914708197
0.778091666754335 0.979727150406688
0.796841363422573 0.958938838448375
0.776439586188644 0.948250974994153
0.776705790776759 0.94075233861804
0.792399484664202 0.94100602902472
0.778135278727859 0.936917676124722
0.795444180257618 0.918920082505792
0.792727685067803 0.906902486458421
0.750884011853486 0.910315069369972
0.746012556832284 0.91552046732977
0.735831064172089 0.904657525010407
0.736764142289758 0.888160952366889
0.731294652912766 0.875092616770416
0.729034360032529 0.860842739697546
0.708115834742785 0.89111867826432
0.710462491028011 0.879416604992002
0.70267382171005 0.885957973077893
0.729305208195001 0.849480797536671
0.738005879800767 0.855177849996835
0.751974046695977 0.841609306167811
0.743517064023763 0.874973801430315
0.765244157984853 0.845403005834669
0.755245306994766 0.828508778475225
0.742011943366379 0.809215360321105
0.746905502863228 0.782014536205679
0.713363958057016 0.851527561433613
0.693004430737346 0.868187017738819
0.664599943906069 0.893731304910034
0.655981914140284 0.866710645146668
0.642326280009001 0.888454122468829
0.656583890784532 0.910144835710526
0.651337281800807 0.914696228224784
0.680626037530601 0.919710156973451
0.681439233478159 0.940842401236296
0.687403859570622 0.932034970726818
0.709908773656934 0.926590309944004
0.710816586390138 0.923555217217654
0.721735608763993 0.919160258024931
0.723566010128707 0.930943506304175
0.701909963507205 0.957069370895624
0.670045061968267 0.979682618752122
0.684238638263196 0.978406466543674
0.727257574442774 0.945559763349593
0.756395442411304 0.949494008440524
0.760176399257034 0.954963186290115
0.743769247550517 0.987504107877612
0.740307462867349 0.98133519757539
0.67279934650287 0.988274455536157
0.66695344215259 0.988998361397535
0.652875171042979 0.990490052383393
0.626580842304975 0.99650986213237
0.664728926029056 0.972656192723662
0.659686841070652 0.971655848436058
0.608158072456717 0.982723466586322
0.599046349991113 0.988628346472979
0.546638872940093 0.995622688438743
0.473249211441725 0.993251996580511
0.381673551164567 0.998151098378003
0.367215674370527 0.993778510950506
0.349669514689595 0.959570155013353
0.315227383282036 0.967637052759528
0.306823391932994 0.981373344548047
0.290011376142502 0.98042542533949
0.299518942367285 0.997561748605222
0.114094084128737 0.988699573557824
0.13513081241399 0.980082628317177
0.165047690272331 0.974456875119358
0.164185124449432 0.98255869327113
0.219891313929111 0.966093783732504
0.214268906973302 0.961160727310926
0.219425708521158 0.942471518181264
0.229087729938328 0.961212564259768
0.259680722374469 0.939994438551366
0.266895180568099 0.970101212151349
0.272267550695688 0.935274585615844
0.261947190389037 0.935557070188224
0.277710162103176 0.929448967333883
0.302868008147925 0.927047287579626
0.280455721076578 0.921413117088377
0.259132948704064 0.92526524933055
0.275015261489898 0.91866941191256
0.308581860736012 0.893949903547764
0.294273084029555 0.901849121786654
0.262044917326421 0.896293590310961
0.227365649305284 0.927738765720278
0.212081192526966 0.938319021835923
0.227107618469745 0.922537913545966
0.237806683406234 0.905594860669225
0.142604064196348 0.963184276595712
0.11789592821151 0.971965946722776
0.090744998306036 0.978229097556323
0.101410537026823 0.96690042084083
0.105523222591728 0.96385633898899
0.121020056307316 0.954063560813665
0.135819555725902 0.947658654302359
0.160407463088632 0.932844813913107
0.16513757687062 0.924078271258622
0.0870534046553075 0.974211087450385
0.0542888189665973 0.986901565920562
0.0662181065417826 0.970394583884627
0.0993682723492384 0.952283870894462
0.0993697927333415 0.945322008803487
0.0732518127188087 0.965838431380689
0.0767380241304636 0.946543207392097
0.10311332764104 0.911128561478108
0.10460322489962 0.91306128911674
0.126062372233719 0.900108553469181
0.174432320520282 0.873997144866735
0.197329089976847 0.878452050965279
0.137981901410967 0.924883037805557
0.133475194685161 0.924049380701035
0.130355113185942 0.927861397620291
0.190698315389454 0.908226090483367
0.237820635549724 0.897117276675999
0.281932606827468 0.882688232231885
0.294499723706394 0.878078418318182
0.208658377174288 0.888100865762681
0.231910604052246 0.88085963902995
0.247455201577395 0.867505820002407
0.276101966388524 0.86554718343541
0.253173992037773 0.85678674839437
0.283228905405849 0.858240911737084
0.300739804748446 0.857118171174079
0.343905984424055 0.8526819976978
0.363669492769986 0.817291698884219
0.361058619339019 0.809602558612823
0.368204565253109 0.792485155630857
0.330096783582121 0.769318996462971
0.345534744206816 0.747892508283257
0.279609897173941 0.767886195797473
0.348791207652539 0.717443608213216
0.358010950032622 0.7356784096919
0.342068301979452 0.699567687232047
0.337640934623778 0.691453974228352
0.33201338769868 0.705994103103876
0.33321003196761 0.711850998923182
0.319096667692065 0.73131092870608
0.304207251407206 0.736216875258833
0.289952219463885 0.73713068338111
0.32044446375221 0.70205738581717
0.296958714723587 0.716429647058249
0.248732525855303 0.762042819987983
0.248269426170737 0.749035488348454
0.227455429267138 0.760093180928379
0.214007192291319 0.794053580611944
0.206781282555312 0.804497559554875
0.224755664821714 0.790228512138128
0.249390286859125 0.786651366855949
0.233061394654214 0.79032981581986
0.223463471513242 0.807194764260203
0.18760891770944 0.821977546904236
0.163007264025509 0.846309248358011
0.242366441525519 0.80698866955936
0.251005519647151 0.821613495238125
0.271172353532165 0.816176389809698
0.279511657077819 0.839739899616688
0.312754074111581 0.826755931135267
0.330083813983947 0.813769294414669
0.296398751903325 0.816861033439636
0.297965854406357 0.80371689144522
0.289561657700688 0.798516006208956
0.263389718253165 0.792360840365291
0.316733687184751 0.778597194701433
0.321015925146639 0.796116259414703
0.356687656603754 0.799583091866225
0.325832023285329 0.825458322186023
0.345094451215118 0.820482613518834
0.347493189387023 0.821693556848913
0.327768596820533 0.827195345889777
0.307272452861071 0.833124150987715
0.267445385456085 0.854782917071134
0.248802086804062 0.849928791169077
0.26838465873152 0.836833652574569
0.249313564971089 0.844586066436023
0.242333728354424 0.82547650532797
0.201768985018134 0.848391635809094
0.188647447619587 0.851031340658665
0.159665575716645 0.861928269732744
0.15939347166568 0.865155029576272
0.14469139976427 0.876535254530609
0.124107087496668 0.881797446403652
0.154333177022636 0.845405215397477
0.152733677998185 0.835346043109894
0.180605743080378 0.818962425459176
0.179352570790797 0.801303364802152
0.143909762147814 0.837997553404421
0.103968716226518 0.881973834242672
0.0763475298881531 0.902673813514411
0.0726871136575937 0.905079237185419
0.050673786085099 0.88944601174444
0.073647549841553 0.877849134616554
0.0998982107266784 0.842652945313603
0.0997662786394358 0.852644777391106
0.0901238787919283 0.86547290161252
0.0888553960248828 0.871746748220176
0.0836268761195242 0.875968078151345
0.0787804001010954 0.880428415257484
0.0947423921898007 0.875477290246636
0.119405660778284 0.849453410599381
0.126007135491818 0.844314934220165
0.13789431983605 0.821163954213262
0.15501005621627 0.783894114196301
0.111862017307431 0.840852847322822
0.108813259284943 0.826781844254583
0.138750820886344 0.785181000363082
0.132957329973578 0.78126913215965
0.109806531574577 0.781701965723187
0.0866972864605486 0.814811817836016
0.071323842741549 0.83871264429763
0.0946688554249704 0.817364268470556
0.104501042515039 0.797063461504877
0.114277524873614 0.818103833124042
0.094249080400914 0.836988670285791
0.0544520341791213 0.874966707080603
0.0636678230948746 0.874925400596112
0.0428997906856239 0.888974823988974
0.0372268417850137 0.890631678979844
0.0431918846443295 0.91191647015512
0.0442323447205126 0.960912553593516
0.0402620197273791 0.989198152441531
0.036185618955642 0.985789053607732
0.0349596822634339 0.970475292298943
0.0278755920007825 0.942982747685164
0.01960091246292 0.929857049603015
0.0180986640043557 0.918476745486259
0.0106974449008703 0.9014264899306
0.00490931142121553 0.867399866227061
0.0320936148054898 0.873944036662579
0.0449588904157281 0.876907684840262
0.0532257799059153 0.86550550814718
0.00904395803809166 0.85773339914158
0.0197754907421768 0.85219711670652
0.0404310086742043 0.8240155139938
0.0473589012399316 0.801767614670098
0.0424170582555234 0.7974758814089
0.0587163772433996 0.778208110481501
0.0863054082728922 0.771057989448309
0.0520981564186513 0.830162241589278
0.0374110899865627 0.854809571523219
0.04846470663324 0.855432708282024
0.0930430884473026 0.793733378872275
0.0944989859126508 0.79420871194452
0.092040803283453 0.782232788857073
0.11860460229218 0.763631260953844
0.12560521485284 0.73997755208984
0.124369776342064 0.725310218986124
0.11178232729435 0.734308142680675
0.0968883512541652 0.760247364640236
0.0928427195176482 0.755966299213469
0.0579726742580533 0.770185877103359
0.106269950512797 0.683344518300146
0.111628612503409 0.667072676122189
0.0600796570070088 0.661874121520668
0.0763961458578706 0.6923827980645
0.0771886450238526 0.701250473037362
0.0632578646764159 0.733446607366204
0.05595976812765 0.751950374338776
0.0214976174756885 0.810114277526736
0.00766868190839887 0.835632921662182
0.0237152636982501 0.796053316444159
0.0284009333699942 0.764545644167811
0.0519123803824186 0.748253538273275
0.0714943478815258 0.69406910892576
0.0665791961364448 0.67795671382919
0.0449343868531287 0.665503169409931
0.0580824487842619 0.706545860506594
0.0514524080790579 0.70315982401371
0.0215430404059589 0.691271967254579
0.000820169690996408 0.666268394328654
0.0119679882191122 0.665520971640944
0.0256733749993145 0.683414019178599
0.0366214658133686 0.66907978290692
0.0143320220522583 0.65984909562394
0.0102098863571882 0.639727033209056
0.0272151199169457 0.639994502067566
0.0279204361140728 0.651397310197353
0.0302363634109497 0.659627903718501
0.112521345261484 0.642642475664616
0.0968740093521774 0.615978342015296
0.0746923461556435 0.618835237342864
0.118000428192317 0.601649759802967
0.111219946295023 0.596146656665951
0.0739010302349925 0.602844807319343
0.0530446558259428 0.6192671591416
0.104404905810952 0.556798892561346
0.0934106651693583 0.569453697651625
0.0716251917183399 0.55395829398185
0.0714700855314732 0.534301296807826
0.088983403518796 0.534306986257434
0.117607359308749 0.56454791687429
0.143757866229862 0.574210342485458
0.136373875662684 0.582446250598878
0.196962432935834 0.590450814925134
0.187522227875888 0.596378271002322
0.210847893729806 0.609292344655842
0.202654464170337 0.588372380938381
0.190571610350162 0.567820018157363
0.185190463904291 0.548546145204455
0.156628828961402 0.491760073695332
0.127255068160594 0.506282219663262
0.115033324807882 0.509505269117653
0.103970624506474 0.51279433304444
0.119207378011197 0.521858659572899
0.0942682502791286 0.523043841123581
0.108772793319076 0.493614330887794
0.138658366631716 0.481627642642707
0.14307298976928 0.472018535248935
0.0803169007413089 0.422592440620065
0.0907679554075003 0.410553649067879
0.151830813847482 0.403700555674732
0.141370340250432 0.438964940607548
0.123073734808713 0.425255228299648
0.111195857636631 0.4274195227772
0.152945549692959 0.460677228868008
0.174110823776573 0.460319111589342
0.178586047142744 0.465431838762015
0.203674926888198 0.468323795124888
0.223634748253971 0.471298216842115
0.233134603593498 0.480910009238869
0.235495483037084 0.470894351601601
0.199142633005977 0.435967211611569
0.218038511928171 0.44611070305109
0.235567303840071 0.459666902199388
0.248869956936687 0.464076779782772
0.269773256033659 0.481785441748798
0.274321226403117 0.476502126548439
0.274181340355426 0.469903673510998
0.276998111512512 0.462738558650017
0.272974207531661 0.50378364790231
0.258486781269312 0.502964580431581
0.215837403666228 0.505565610248595
0.196264097001404 0.494510603602976
0.169763845391572 0.477352096233517
0.205711754970253 0.522914317436516
0.223073813132942 0.550706047099084
0.221262039616704 0.53262632759288
0.259459686931223 0.624422376044095
0.250212294980884 0.630305703729391
0.247747347690165 0.630650659091771
0.243580427020788 0.623124886769801
0.211120940744877 0.568152111023664
0.23245998704806 0.604828750248998
0.214611049275845 0.638635468669236
0.193585716653615 0.64097486063838
0.212851834017783 0.624290487263352
0.206167688593268 0.617285379674286
0.154239658731967 0.62376945046708
0.154500112868845 0.617953431326896
0.129102979786694 0.631391099654138
0.128856475930661 0.621348740998656
0.126625448465347 0.614728357177228
0.116759633645415 0.651173223275691
0.185340297874063 0.637482354883105
0.201151870191097 0.662300816271454
0.149451340083033 0.653535682708025
0.144360186997801 0.664990069810301
0.128154194913805 0.671548618935049
0.10662618977949 0.72449482884258
0.113851465284824 0.728057266213
0.126460440922529 0.710805180948228
0.14708412066102 0.69391774199903
0.150809247046709 0.698073747567832
0.196022719144821 0.677436369005591
0.195324199739844 0.68029570998624
0.140688211191446 0.776792032644153
0.184822070412338 0.711268280632794
0.178828870411962 0.716100413817912
0.223822011146694 0.650142116937786
0.216041774023324 0.681352156214416
0.252458884380758 0.647307106293738
0.259491816628724 0.635516244452447
0.28260044939816 0.603690357878804
0.279260647017509 0.580947348847985
0.310128758195788 0.593982337508351
0.322037605103105 0.577411792241037
0.328675706405193 0.562550365459174
0.303638740908355 0.533377374056727
0.301987180486321 0.527479743584991
0.288687573745847 0.547615838702768
0.236466239672154 0.535252090077847
0.281473613809794 0.517634623218328
0.293969484977424 0.514697480481118
0.323949058074504 0.523906620685011
0.336922009009868 0.547854274511337
0.330429768189788 0.528825222048908
0.353152374736965 0.531196737196296
0.332832190208137 0.57761267805472
0.358036048244685 0.580493020825088
0.361277630552649 0.582952566910535
0.37852192716673 0.578544335905463
0.381985717918724 0.592060272116214
0.383624061942101 0.568217472638935
0.376626612618566 0.543740403372794
0.369549049064517 0.538873394485563
0.389627692755312 0.54097418114543
0.375011937692761 0.526515983045101
0.28757292451337 0.511500891298056
0.324583264067769 0.510323166381568
0.364336629398167 0.487184796482325
0.364955562632531 0.486051667481661
0.385216804221272 0.47714165225625
0.401082840748131 0.518786322791129
0.409064474515617 0.529822047334164
0.405822404194623 0.541363370604813
0.391396078746766 0.554267454892397
0.39875477924943 0.557525619398803
0.39723565755412 0.554162553977221
0.406632849480957 0.559442044235766
0.413021941203624 0.519954888615757
0.453819939401001 0.4926184900105
0.444174272939563 0.478249802719802
0.409593831282109 0.445068043656647
0.398800464812666 0.455625499598682
0.392660406883806 0.457032991573215
0.406177897006273 0.466970418579876
0.405389031395316 0.471489186398685
0.382467176765203 0.459094873163849
0.316307876259089 0.449773335829377
0.323166363872588 0.453098739963025
0.289593167603016 0.453753151465207
0.273662968538702 0.458418900612742
0.274689445272088 0.440644616261125
0.248362802434713 0.435591490007937
0.245408713817596 0.418765970505774
0.266003921627998 0.42677480308339
0.222001660615206 0.40564567130059
0.283791625872254 0.396213087253273
0.254214421380311 0.396060001570731
0.22209554258734 0.386919790878892
0.222048105206341 0.386049987748265
0.259835937991738 0.385025897063315
0.261733511928469 0.381967660505325
0.266034885775298 0.369184156414121
0.247208479326218 0.367472541518509
0.230752083472908 0.369925526436418
0.190114585217088 0.360253060236573
0.251921634655446 0.359176165889949
0.30689388839528 0.382175042293966
0.30040561966598 0.382200921420008
0.290028260555118 0.379632461816072
0.335057573858649 0.391353278886527
0.334182774182409 0.406266011763364
0.322420845273882 0.415301016066223
0.317399189341813 0.423527281731367
0.379323777277023 0.430048014968634
0.358627573587 0.418874121271074
0.344282330945134 0.411203832365572
0.378429994918406 0.389747113920748
0.389740088954568 0.391823721583933
0.395685725845397 0.381154031958431
0.389127637725323 0.366521721705794
0.401135548017919 0.354353723116219
0.411249637138098 0.360825847368687
0.432278647087514 0.394191834144294
0.419215069618076 0.390998822636902
0.399457790888846 0.401182078290731
0.412281980272382 0.425116343423724
0.447917997371405 0.380796512123197
0.434700351208448 0.375011484138668
0.450323410797864 0.37270741071552
0.451801518909633 0.370514412876219
0.460223202127963 0.382089509628713
0.461710270959884 0.3822026476264
0.469627628102899 0.383190165273845
0.484286048449576 0.35708297137171
0.521745302714407 0.340744786895812
0.53078140784055 0.333681119140238
0.552489744964987 0.314573192503303
0.546171491965652 0.302084900904447
0.533701898530126 0.300307258497924
0.553765142802149 0.297605172730982
0.55350669240579 0.289106113836169
0.552268742583692 0.280242513865232
0.510630599223077 0.27817765250802
0.50501372339204 0.26383176073432
0.553204455878586 0.275727051310241
0.557396086398512 0.275920578744262
0.538743361830711 0.260828372556716
0.529567913152277 0.253886676859111
0.509575768839568 0.245007228571922
0.487614322453737 0.248772773891687
0.480227217078209 0.254977342672646
0.474428975488991 0.255808896385133
0.477659685537219 0.230682112742215
0.411567102186382 0.22644097590819
0.40293418802321 0.23102313792333
0.392008741851896 0.229892434086651
0.355844587087631 0.216713393572718
0.322254971601069 0.196583182085305
0.342560453806072 0.198857333976775
0.360183626413345 0.165867234580219
0.361507923342288 0.164993229322135
0.367434083484113 0.16783896042034
0.385828992817551 0.173574450891465
0.413962109014392 0.199337980244309
0.494125335011631 0.196659835986793
0.505388244520873 0.187196458224207
0.507925523910671 0.183507543988526
0.529486462473869 0.240606870967895
0.490318547934294 0.209347768221051
0.536308222915977 0.248402039986104
0.578544809482992 0.262431683484465
0.576464184559882 0.278058828320354
0.577525673434138 0.309959726873785
0.578313523903489 0.316954767797142
0.556728454772383 0.349402229767293
0.505962834693491 0.360674701165408
0.524178984574974 0.378366489894688
0.551563747227192 0.352474520914257
0.573585982900113 0.349696038290858
0.558563440106809 0.369624734856188
0.548146147746593 0.370638111140579
0.520643587224185 0.393942232709378
0.512021575588733 0.397198955528438
0.489965226966888 0.385364701040089
0.465340960305184 0.398759762756526
0.488197170197964 0.4117620610632
0.492046858649701 0.416161615401506
0.523551171645522 0.40104664536193
0.521523223724216 0.410231319721788
0.513688630890101 0.425614626146853
0.520597878843546 0.465569362044334
0.506572846788913 0.465778386685997
0.504101393744349 0.452540343627334
0.492424464784563 0.446291956584901
0.485280252527446 0.441923411563039
0.475056632421911 0.452275795862079
0.453404206782579 0.429601264186203
0.421622233930975 0.430829394143075
0.412045015953481 0.437165780924261
0.450366270728409 0.448249767068774
0.466175935231149 0.45236698538065
0.468723603524268 0.459790925495327
0.541261688340455 0.492446987889707
0.50070725614205 0.475406706798822
0.468117625452578 0.499673979822546
0.467295620590448 0.510122490115464
0.466380757745355 0.508012732490897
0.44208793528378 0.516676495783031
0.449124461039901 0.524359397124499
0.500689239706844 0.505302566103637
0.515549298375845 0.510366460774094
0.508426617830992 0.500310961622745
0.532667442690581 0.51394168427214
0.543910573236644 0.536559897940606
0.553679813165218 0.569238107185811
0.555596998892725 0.576296717859805
0.553718991577625 0.577505907975137
0.508591216057539 0.570387312676758
0.532498401589692 0.596450267359614
0.471127538010478 0.627208865247667
0.462590451352298 0.622488349676132
0.459434439428151 0.57182036805898
0.448348984587938 0.571786493062973
0.449844403658062 0.571600788738579
0.492710410617292 0.556537127122283
0.512446728069335 0.553952476941049
0.524642343167216 0.54930226970464
0.552834019064903 0.570060939062387
0.54503966961056 0.561254532076418
0.506550090853125 0.519773112144321
0.498775743413717 0.52065542479977
0.485429103020579 0.515305018983781
0.459652301855385 0.53114024316892
0.519328074529767 0.551188997924328
0.462972608394921 0.561099617276341
0.429729433730245 0.566964327823371
0.421889360062778 0.558180408552289
0.438690593000501 0.648612360469997
0.429850929416716 0.676805065944791
0.383878154680133 0.667956789489836
0.392340334597975 0.621831974480301
0.346630981191993 0.650409654248506
0.332327911164612 0.63750674482435
0.348879974335432 0.630152808967978
0.358070631045848 0.616885534487665
0.332181929145008 0.636102298274636
0.353177970740944 0.61003966582939
0.34444476896897 0.608309112954885
0.331839805003256 0.596831107977778
0.320290142670274 0.60802768683061
0.294783191755414 0.637041221372783
0.26406815322116 0.656133507844061
0.259620802477002 0.664198850747198
0.250410387758166 0.691089861560613
0.207816080190241 0.743789236526936
0.23654574714601 0.723941321484745
0.173241574782878 0.782943173311651
0.181206060573459 0.782355100847781
0.166318255476654 0.789377102162689
0.223121221642941 0.708257317077368
0.253260101657361 0.663223447743803
0.255939844064415 0.651777538936585
0.248071605339646 0.658636781852692
0.170096853282303 0.776907094288617
0.154731166549027 0.797270171809942
0.15729162376374 0.795459242537618
0.174189761281013 0.791977545246482
0.202057228423655 0.785920287948102
0.219720198772848 0.767283239867538
0.201502324081957 0.773694410920143
0.220558238681406 0.765675959642977
0.226924700662494 0.743919200263917
0.2340710288845 0.730311399325728
0.260133215691894 0.743328235112131
0.300729088950902 0.685682263225317
0.273656611330807 0.696876068599522
0.270731249824166 0.684009428601712
0.292945247143507 0.649637646973133
0.323410506360233 0.610920691397041
0.314697988796979 0.64677293272689
0.322879271581769 0.643854836467654
0.305404497776181 0.667083706241101
0.314412036910653 0.664355745073408
0.316744495183229 0.686212443280965
0.34495329670608 0.657799193169922
0.353267544880509 0.65390028199181
0.377005304209888 0.675877038389444
0.38009817712009 0.678894724231213
0.374879558105022 0.747853633482009
0.386705936398357 0.734058180823922
0.377955502830446 0.748836965765804
0.384818827733397 0.746462950482965
0.402509749867022 0.743640310131013
0.406159892678261 0.743203840684146
0.416497289203107 0.735438156407326
0.450120474211872 0.727037920150906
0.449523125775158 0.732233393471688
0.450304636731744 0.732392812613398
0.449954512529075 0.74698941828683
0.448450591880828 0.778928404208273
0.442660937551409 0.756489358376712
0.437266706954688 0.745434159878641
0.400997100863606 0.765011244919151
0.399541919585317 0.761608788277954
0.389329142868519 0.77570403367281
0.364115336444229 0.808121814392507
0.388798323459923 0.794655607547611
0.39922265149653 0.782963664736599
0.404152546543628 0.779379377607256
0.413549903314561 0.810028279665858
0.438209774903953 0.798957739025354
0.432990366127342 0.821873958222568
0.381589313037694 0.814766314812005
0.43252378795296 0.832865630742162
0.444454500917345 0.844361590221524
0.429797098506242 0.873960431199521
0.436296005733311 0.865676783490926
0.461821842473 0.833616341929883
0.489335075486451 0.757603814359754
0.463613929692656 0.776802979875356
0.473792395088822 0.76217244612053
0.476395831443369 0.748548501171172
0.464900218416005 0.722896949853748
0.462535754777491 0.706056793220341
0.460223296657205 0.695895229466259
0.476299066562206 0.680580671876669
0.486870856955647 0.681114564649761
0.505060832481831 0.661716024391353
0.534617728553712 0.615885212551802
0.485348407179117 0.660801085177809
0.45019342424348 0.686971446499228
0.424393782392144 0.720427648164332
0.428033926058561 0.71092082420364
0.433307140599936 0.69531216006726
0.421684920787811 0.703078845050186
0.418967593926936 0.70237191952765
0.417515658773482 0.698105072136968
0.414389379322529 0.697437580674887
0.427437763661146 0.682119484525174
0.4639618457295 0.65232056286186
0.504977417644113 0.629434450529516
0.505771861411631 0.627053938340396
0.526230262592435 0.603468292858452
0.540447227656841 0.593289132229984
0.544046489987522 0.609624468721449
0.516728591639549 0.656322149094194
0.487559510394931 0.722034243866801
0.518671175930649 0.752191851381212
0.505391566082835 0.723198320250958
0.522865724749863 0.713412222452462
0.550345449242741 0.704925796948373
0.55627901898697 0.721348582301289
0.551837008912116 0.736924327444285
0.55888810986653 0.755938531830907
0.565636636689305 0.770488078705966
0.543058572337031 0.795794878620654
0.503608118277043 0.773138502147049
0.520675271749496 0.759132742881775
0.502982884179801 0.768601452931762
0.488815503194928 0.783658294007182
0.493909415323287 0.794442542362958
0.483196947257966 0.802016431465745
0.496978783048689 0.807487043552101
0.502140778116882 0.826157078612596
0.542475164867938 0.819744405336678
0.538122359663248 0.830246809404343
0.524843817111105 0.832549578975886
0.525408288929611 0.85690880427137
0.466626968234777 0.896072259172797
0.45677757402882 0.892549625132233
0.448144980240613 0.908203771337867
0.468099613208324 0.915148377884179
0.458773012738675 0.920895487535745
0.485449438448995 0.920771851669997
0.493636209983379 0.909414308145642
0.564237585291266 0.864384969696403
0.519713184796274 0.903669303283095
0.525894506834447 0.916922194417566
0.554027031641454 0.902233122847974
0.545917443931103 0.896319818217307
0.578878514934331 0.883686207700521
0.557472813408822 0.900565712247044
0.567543793935329 0.917988217435777
0.496345430612564 0.934164157137275
0.52197107532993 0.936390597838908
0.549680545926094 0.936213444918394
0.569682917557657 0.942962038330734
0.567884831689298 0.96127565484494
0.549666952341795 0.964221493341029
0.443868362344801 0.942304009571671
0.425062688998878 0.941720459144562
0.408725068438798 0.938871706370264
0.422073461581022 0.92319189524278
0.426953172311187 0.914029102306813
0.401201118249446 0.916348230559379
0.375708356499672 0.892290416173637
0.398960201069713 0.893289095256478
0.382275317329913 0.821247017942369
0.377503866329789 0.827775535173714
0.347512123640627 0.866301358677447
0.349640622269362 0.88335998589173
0.321778018958867 0.915236003696918
0.316756983287632 0.892169512342662
0.310308434534818 0.927552064880729
0.313138427678496 0.930157431401312
0.297238412778825 0.957369185984135
0.340098984073848 0.909037157893181
0.374117026571184 0.873192672617733
0.350862849038094 0.901295719668269
0.343111128546298 0.915932409465313
0.319035807158798 0.939368973020464
0.352713483851403 0.927810878027231
0.348086800426245 0.933339801151305
0.323378228116781 0.956601666286588
0.363442664500326 0.92776053538546
0.3481714441441 0.9432776956819
0.329858914483339 0.954734834376723
0.351547774393111 0.956503112800419
0.37418965017423 0.956220526713878
0.402164407540113 0.951035846024752
0.374927724245936 0.985618474427611
0.383065338712186 0.991316840052605
0.415709875989705 0.974235549103469
0.394805545452982 0.973637747578323
0.421032755635679 0.946926813106984
0.438776070717722 0.946139106992632
0.44781048130244 0.946909044869244
0.47203832026571 0.948422925546765
0.475307465996593 0.960960183758289
0.510576945729554 0.974385394714773
0.456618474796414 0.986674950923771
0.43194597447291 0.994170153047889
0.528576173819602 0.984111501369625
0.552774444688112 0.99220419023186
0.66565969819203 0.957708479836583
0.609703393653035 0.962494862731546
0.563016618136317 0.98747479589656
0.599800858646631 0.945073783863336
0.589612737298012 0.938779310323298
0.598329870961607 0.92397630866617
0.605135039892048 0.88959031784907
0.59730818727985 0.894275136757642
0.58942397730425 0.896616080775857
0.618414178024977 0.858949648216367
0.643785100895911 0.852841577958316
0.670463520567864 0.821787181776017
0.68940616119653 0.808003078680485
0.710828307084739 0.813657399266958
0.671223177574575 0.833813699427992
0.658915883861482 0.857722361572087
0.713887115940452 0.818609441630542
0.720835246145725 0.774002891033888
0.717104961164296 0.767058472614735
0.752965496852994 0.760651885531843
0.702865707222372 0.726701063103974
0.708154021762311 0.734994806349277
0.670676453504711 0.720855607185513
0.701532806735486 0.725056186784059
0.705760916229337 0.717597524635494
0.712424028664827 0.713446050882339
0.712992471642792 0.713112463243306
0.718256987631321 0.708354534115642
0.739664384629577 0.732211716473103
0.755185655318201 0.724324413575232
0.756752551533282 0.72055646777153
0.750974793918431 0.701783522963524
0.749813100788742 0.691496568266302
0.745093035511672 0.69740740256384
0.698558195959777 0.684409882873297
0.697195317130536 0.70826627407223
0.623372699599713 0.707105701323599
0.623556437902153 0.781062214635313
0.602947823237628 0.761537349317223
0.591696852818131 0.81144436262548
0.574860707391053 0.826442214194685
0.608920372091234 0.813279055524617
0.613366534002125 0.816249229479581
0.625668944325298 0.807293837890029
0.659460395108908 0.78860988188535
0.639386484399438 0.784312361851335
0.683043876197189 0.777054382488132
0.665370018687099 0.760515755508095
0.660093746613711 0.76293510152027
0.674140712246299 0.740011336747557
0.700968208257109 0.784417185932398
0.683288326021284 0.8083486109972
0.653373457491398 0.820452990010381
0.652641780208796 0.828875224106014
0.63196201203391 0.840777380857617
0.617304532323033 0.845779827330261
0.550654590129852 0.823388104792684
0.578606222290546 0.780390713363886
0.602353914175183 0.762006930075586
0.617111460771412 0.736197495367378
0.579588558524847 0.751620892900974
0.57290589530021 0.748670245055109
0.579657520633191 0.736150366254151
0.578436811920255 0.715689262375236
0.532098237425089 0.68087961524725
0.534438277129084 0.679699816275388
0.576697360258549 0.69213480874896
0.543865949381143 0.664742449298501
0.589913363102823 0.652487845160067
0.581638477277011 0.660752645228058
0.560480713844299 0.672878850717098
0.583344518207014 0.668935397174209
0.607880795840174 0.659692327491939
0.601491407956928 0.699214794207364
0.640595716889948 0.676670162938535
0.632193979341537 0.67889078753069
0.643637615721673 0.66846138658002
0.607122757937759 0.648693441879004
0.553269885480404 0.608989558648318
0.547508524730802 0.596221069805324
0.574823311530054 0.591111686080694
0.604749255347997 0.551539237610996
0.656680048909038 0.581583183724433
0.660514058545232 0.570318847894669
0.662083984352648 0.57247851556167
0.694064643234015 0.579637130722404
0.698869097512215 0.564815639518201
0.718908075243235 0.569818045943975
0.719697105698287 0.580065266229212
0.750525163020939 0.574598276056349
0.763583045452833 0.598145252559334
0.772633044514805 0.596268640365452
0.741215713322163 0.621951408218592
0.744265403132886 0.605626950506121
0.737655496690422 0.610043633263558
0.735701962374151 0.616573591716588
0.716952659655362 0.637054729741067
0.711990417912602 0.630114041268826
0.691564004402608 0.634327082429081
0.693406879436225 0.591198008973151
0.697631425689906 0.583431130740792
0.661018520593643 0.599890846759081
0.690539111848921 0.633125280961394
0.649758575949818 0.618235332425684
0.645173597615212 0.592393119819462
0.622119666077197 0.580457042437047
0.622230591252446 0.59782337769866
0.63937162142247 0.627349899616092
0.638013200368732 0.63593267602846
0.634300062898546 0.626758399419487
0.606964683160186 0.608851682860404
0.603836227208376 0.587227968964726
0.593374053947628 0.593248926103115
0.579387807287276 0.606010955758393
0.582766925916076 0.608239392749965
0.624910118523985 0.632486038375646
0.601377107203007 0.620636899489909
0.590062521863729 0.615259795915335
0.621791261248291 0.638079911470413
0.627488823141903 0.636613070033491
0.632933786138892 0.647525859065354
0.667564230971038 0.678777546621859
0.684851600322872 0.690510852728039
0.662392403930426 0.655502037610859
0.718102098442614 0.676398070063442
0.720095105469227 0.675301754381508
0.736801305785775 0.661144591867924
0.699793313164264 0.640797880943865
0.731733593624085 0.656480853911489
0.774814985692501 0.654396641068161
0.807818948291242 0.648076788987964
0.805247087962925 0.605831045657396
0.784878122154623 0.594720727298409
0.800070454366505 0.554005190730095
0.814791732467711 0.515040693804622
0.812191426288337 0.533865136094391
0.805272778030485 0.557506581768394
0.848801597952843 0.566647185012698
0.83782963315025 0.528771796729416
0.835513643920422 0.51750323921442
0.844883121084422 0.509443724062294
0.856388454791158 0.52024930762127
0.855754978489131 0.529593748040497
0.865417407359928 0.530559899751097
0.858751515392214 0.558539291378111
0.870112079195678 0.549459953792393
