2048
0.695216945838183 0.478810214437544
0.687365848105401 0.495824263896793
0.70572384307161 0.458850760012865
0.719305500853807 0.4689662726596
0.736367250327021 0.486588314175606
0.726142090279609 0.490835641510785
0.71181247709319 0.48796054488048
0.681647031567991 0.51816726801917
0.674442912451923 0.538164775352925
0.706659580115229 0.512700129766017
0.703481466043741 0.534663062077016
0.710913895163685 0.52714802371338
0.711419408675283 0.530206074006855
0.709242441691458 0.541570456698537
0.6771578816697 0.586454135831445
0.688391946256161 0.613081492949277
0.713136290200055 0.595595546532422
0.728237438946962 0.580129323527217
0.751597295515239 0.602678981609643
0.735930688679218 0.59638607641682
0.73454501433298 0.593424625694752
0.711656327359378 0.614712419454008
0.687656684778631 0.638813013210893
0.688345318194479 0.643132444471121
0.730708778835833 0.62806537328288
0.732786448206753 0.649231408257037
0.736705335322767 0.671978934668005
0.669517379254103 0.674547620117664
0.653536248486489 0.683059268631041
0.64770726673305 0.681908304803073
0.662236225325614 0.659095617011189
0.694712062831968 0.63004961470142
0.700869095511734 0.62419948913157
0.684399298857898 0.627219551708549
0.681978651788086 0.637732531409711
0.66804365767166 0.642653264570981
0.652380689512938 0.636636965442449
0.67610463919118 0.624785010237247
0.673698810860515 0.609023343306035
0.663074255455285 0.589820981957018
0.652760607656091 0.608448269311339
0.641461533494294 0.622388485819101
0.629561543464661 0.63542295852676
0.58079278562218 0.713116898201406
0.602615086827427 0.697182678151876
0.615056340117007 0.692967801820487
0.628920410294086 0.662921935319901
0.635989861097187 0.683197331614792
0.626702864654362 0.70207001734525
0.668012280482799 0.702776365913451
0.702492274343967 0.738649503793567
0.69542275974527 0.73536162218079
0.670139303430915 0.739142231177539
0.706778215244412 0.757982369046658
0.647854396607727 0.778458766173571
0.624260804150254 0.76908471994102
0.642330011818558 0.763304899912328
0.642596255987883 0.758186387363821
0.644942179322243 0.741015536244959
0.626109405420721 0.740659599658102
0.633078569080681 0.7278110999614
0.612431318033487 0.708707301411778
0.59662363352254 0.744363671168685
0.520968829281628 0.814998977351934
0.547890563495457 0.790545839816332
0.546680775471032 0.798701934982091
0.513025232125074 0.855945464689285
0.530717340297997 0.836112979333848
0.542181273456663 0.845574108883739
0.572814402636141 0.802245296072215
0.579534790944308 0.834338658954948
0.595181432552636 0.833696945104748
0.607591772451997 0.819887509103864
0.63056026911363 0.77305987291038
0.699297232087702 0.796538249123842
0.645632955245674 0.84162750095129
0.583947092760354 0.871614730451256
0.591746745631099 0.869067462161183
0.719463808462024 0.828772730194032
0.736857812386006 0.851942709647119
0.707666530739516 0.852898879908025
0.661504233255982 0.85695854248479
0.623812731355429 0.867282171268016
0.648725116159767 0.896156755741686
0.648398434277624 0.917794945184141
0.632492310833186 0.911945935338736
0.633435626048595 0.897741718217731
0.626181297469884 0.90087329922244
0.616243729367852 0.896129438653588
0.606402572710067 0.896370042581111
0.593477824702859 0.878074300475419
0.582035661209375 0.879883578978479
0.566111277788877 0.890618347097188
0.618841849267483 0.907967835199088
0.624149915296584 0.923630098346621
0.621992429252714 0.922603299375623
0.600016399286687 0.937033599242568
0.595644603483379 0.93973115645349
0.596682444680482 0.927940722554922
0.580673155840486 0.913730598520488
0.570472584571689 0.913788150064647
0.543096968438476 0.930844929534942
0.536909456830472 0.923582176212221
0.5030876128003 0.943593515083194
0.496936391107738 0.959363419096917
0.50763817736879 0.964055336546153
0.496141286566854 0.967970559839159
0.467418165877461 0.969085759017617
0.472153506241739 0.967243575491011
0.432508994359523 0.963971039280295
0.474861936178058 0.934242349583656
0.472104620188475 0.944992603734136
0.509763602167368 0.900425659026951
0.519235925283283 0.90691726654768
0.512654430232942 0.91035377793014
0.502411373890936 0.918032912537456
0.517438888549805 0.915083947125822
0.534120840020478 0.915986502543092
0.538429086096585 0.893011558800936
0.527152882888913 0.905387599021196
0.529844618402421 0.868606675881892
0.557464578654617 0.866979233454913
0.580041113309562 0.868395354598761
0.580513182561845 0.871755489613861
0.592617166228592 0.848897056188434
0.648774058092386 0.834769482258707
0.637971599586308 0.833221803419292
0.650953794363886 0.825340981595218
0.671585099771619 0.802962286397815
0.588721027132124 0.847583334892988
0.587059305049479 0.851184034254402
0.549570531118661 0.847597321961075
0.50113004585728 0.865463922265917
0.48862875951454 0.883679737336934
0.443301871418953 0.892132049426436
0.402497075498104 0.896223489195108
0.468120377510786 0.866574854589999
0.464615962002426 0.865186086390167
0.39281928865239 0.876389020588249
0.364494688808918 0.886493034660816
0.369778674095869 0.887522147037089
0.399851223453879 0.890080593526363
0.357767476234585 0.907678085844964
0.349974294193089 0.943009104114026
0.403287264984101 0.9093381552957
0.410653352271765 0.920325651299208
0.465507789514959 0.893322952091694
0.462504808790982 0.904659434687346
0.358698747586459 0.946144003421068
0.432587698101997 0.936667591333389
0.449430360924453 0.942986517678946
0.406950572039932 0.956748825963587
0.408671883866191 0.954507288057357
0.406196313444525 0.952003250364214
0.32262915559113 0.95910631865263
0.404601066373289 0.980172053910792
0.452357829548419 0.987434509210289
0.409758988767862 0.977886132430285
0.487396522890776 0.97681644000113
0.480004948563874 0.990153974853456
0.511628785636276 0.976839403621852
0.532472833059728 0.94731305167079
0.527979944832623 0.95389215182513
0.540667832363397 0.952476162929088
0.536785033531487 0.96129993814975
0.538780584931374 0.964185240212828
0.545839718542993 0.956647894810885
0.588238190393895 0.94394345395267
0.634026729036123 0.939664055593312
0.647659450303763 0.935024908278137
0.654918128624558 0.927574441768229
0.65054072253406 0.944042910356075
0.637232116889209 0.968617071397603
0.645605858415365 0.983732479158789
0.663766860961914 0.975878645665944
0.664994959719479 0.95430150302127
0.675888226367533 0.943964703939855
0.721441959496588 0.941310405731201
0.676632177084684 0.928617949131876
0.667623408604413 0.940505230799317
0.675382555928081 0.925697438884526
0.684239203110337 0.913638027850538
0.711393937002867 0.915351661853492
0.730919988825917 0.907143049873412
0.754234139341861 0.903370978776366
0.756457037758082 0.855478118639439
0.782139075454324 0.815986668225378
0.791066244244576 0.789397535845637
0.78135045664385 0.796402568463236
0.758021725341678 0.814992425497621
0.758508059196174 0.807514854241163
0.760213662404567 0.804598428774625
0.786394196562469 0.768446689005941
0.789665682706982 0.760764078237116
0.772740218322724 0.779677791986614
0.779776524286717 0.747097047977149
0.776499074883759 0.751776684075594
0.769923067186028 0.752805548720062
0.763474583160132 0.768677516374737
0.749628790654242 0.783195097465068
0.712932745926082 0.818113509565592
0.68714928580448 0.831399430520833
0.664469903334975 0.843463268131018
0.719135901890695 0.790113520342857
0.718239486217499 0.780490034259856
0.714097065385431 0.751417112071067
0.702920702751726 0.735015090554953
0.702250299975276 0.707478052936494
0.681676947977394 0.695960138458759
0.726419078651816 0.700626362115145
0.722575625404716 0.727798015810549
0.724339367821813 0.72678419528529
0.742715814616531 0.747205880470574
0.730237104464322 0.783414439298213
0.743316045496613 0.755499223712832
0.762696979101747 0.7013058681041
0.754810862708837 0.696986211463809
0.744843747466803 0.710878753568977
0.726611365098506 0.719247561879456
0.742947253398597 0.680897668469697
0.77383839758113 0.617635059170425
0.760922264773399 0.585149462334812
0.777015906758606 0.603463308420032
0.785872958600521 0.591569482348859
0.795093033928424 0.584030223079026
0.779512982349843 0.619912460912019
0.778907462954521 0.620739728678018
0.801266997586936 0.630711717996746
0.803962453268468 0.60507744550705
0.815003155265003 0.595675228629261
0.822416912764311 0.583918136544526
0.827124522533268 0.618513718247414
0.806091461330652 0.664859875570983
0.791899807751179 0.683806021232158
0.778885664884001 0.677846485283226
0.782910398673266 0.659304060973227
0.783552663400769 0.627731907647103
0.776584394741803 0.653376003727317
0.747031724546105 0.685395990032703
0.746256018057466 0.686615546233952
0.760320222936571 0.673676611855626
0.760648461524397 0.673071019817144
0.771895269863307 0.731817154679447
0.790242449380457 0.701397457160056
0.797734186984599 0.691072804387659
0.858693968504667 0.54302008356899
0.864390042610466 0.524666890967637
0.863787593785673 0.476570721715689
0.844119779765606 0.544414854608476
0.853381276130676 0.537287591490895
0.828109651338309 0.58122713631019
0.835678372532129 0.555753065738827
0.860701579600573 0.449329283088446
0.855085075367242 0.449822591152042
0.882502738852054 0.368646078743041
0.876750203315169 0.412183039356023
0.861065595876426 0.466517007444054
0.870095372200012 0.455207454506308
0.891224270686507 0.403857605997473
0.934117357246578 0.207735721487552
0.949438867159188 0.197894535493106
0.954568162094802 0.256022677291185
0.95616546459496 0.322126460727304
0.960118810646236 0.253844127058983
0.9704515254125 0.227611650712788
0.965003279969096 0.243432909715921
0.96948614064604 0.270503492094576
0.967196919955313 0.365519039798528
0.972598726861179 0.363531237002462
0.959543484728783 0.507728842552751
0.963128869887441 0.328176971990615
0.962871903553605 0.312174581922591
0.952007337007672 0.329338129144162
0.939179156906903 0.275737828109413
0.932082924991846 0.322711538989097
0.958702099975199 0.351195227354765
0.95897763594985 0.358329837210476
0.955356007441878 0.38627001689747
0.952021242585033 0.431712017860264
0.953706081490964 0.43549066176638
0.950025585014373 0.45686051202938
0.958700209856033 0.506272261030972
0.948894992936403 0.478640859480947
0.946864094119519 0.468586976639926
0.936764797195792 0.408878685906529
0.945974668487906 0.441137253306806
0.950961742550135 0.416458610910922
0.948206296656281 0.379563715774566
0.943122221156955 0.349842990748584
0.925534892827272 0.341114072594792
0.921395228244364 0.333572407718748
0.902982191182673 0.370020792353898
0.912736568599939 0.359118955209851
0.921870688442141 0.380974073894322
0.919663057662547 0.448252608533949
0.913304061628878 0.429370434954762
0.907119985669851 0.437485424801707
0.911447132006288 0.455256579443812
0.909468533936888 0.450741726905107
0.903708812780678 0.479612313676625
0.887255659326911 0.489246854558587
0.911392246838659 0.405071637127548
0.895575997885317 0.413977916352451
0.890170925762504 0.436712792143226
0.888502773828804 0.434965592809021
0.886394608765841 0.443324300926179
0.880502728745341 0.457619357854128
0.888008983340114 0.519865292590111
0.870410163886845 0.557428075466305
0.886103454511613 0.581609590444714
0.916464481968433 0.544182077050209
0.886571794282645 0.657360835932195
0.876936436165124 0.671122962608933
0.88804932218045 0.661878244485706
0.904198287986219 0.643599594477564
0.89486633753404 0.652006813790649
0.897653399966657 0.644423967693001
0.906205329112709 0.595748955849558
0.915344355627894 0.591947566717863
0.917614550329745 0.572606679052114
0.921028805430979 0.536799351684749
0.909618374891579 0.525730962399393
0.915729662869126 0.478247782681137
0.927436679601669 0.600558534730226
0.930341353174299 0.575425122398883
0.931452416349202 0.48888327088207
0.927434499841183 0.468589145224541
0.940861840266734 0.460721090901643
0.947302095126361 0.491471429355443
0.945115177426487 0.544914913363755
0.9413290489465 0.565096365753561
0.935520231258124 0.570828180760145
0.931745477486402 0.609737891703844
0.917835634201765 0.693388956133276
0.909481979440898 0.758281511254609
0.905835761222988 0.763237110339105
0.884723760187626 0.717061258852482
0.889006297569722 0.71184556838125
0.899182249326259 0.690360829699785
0.875012299511582 0.721275206189603
0.855493611656129 0.782146352343261
0.834960280917585 0.785363345872611
0.81343414215371 0.800823340658098
0.817490003071725 0.748678290750831
0.85087680676952 0.705494903493673
0.862664379179478 0.662986630108207
0.855397113133222 0.623114828020334
0.813381489366293 0.685803422238678
0.810298061929643 0.688909724354744
0.812440603040159 0.693168264813721
0.810351775959134 0.703031593933702
0.820685139391571 0.713291001971811
0.812954902648926 0.744652982801199
0.813912434503436 0.720374757889658
0.799204463604838 0.729697350878268
0.796379060484469 0.750224164221436
0.808478811290115 0.78149674134329
0.794062536209822 0.825725500937551
0.794193138368428 0.813036574516445
0.789239102043211 0.838207332417369
0.848884922917932 0.788378430530429
0.866136846132576 0.779130147304386
0.873676661867648 0.785368762910366
0.881495848298073 0.803938317112625
0.837942151352763 0.807884200941771
0.83746686251834 0.820611884817481
0.822771842591465 0.837289864197373
0.805506017059088 0.85122457286343
0.78177688550204 0.884382012300193
0.772946391720325 0.910979422740638
0.738120639231056 0.924569619353861
0.778281293809414 0.921536957379431
0.790664082858711 0.938578530214727
0.808562625665218 0.914839209523052
0.827441422268748 0.90792080713436
0.829480156768113 0.870551139116287
0.825935716275126 0.882146164774895
0.831021892372519 0.863032114226371
0.855169060640037 0.915246032178402
0.851965821813792 0.859746715053916
0.84738883189857 0.858732734806836
0.836397862061858 0.8387556290254
0.8562649670057 0.84165256889537
0.866758098360151 0.850966283120215
0.880178615450859 0.82887082407251
0.876705734524876 0.828446557279676
0.89362855348736 0.776965369470417
0.890995010267943 0.805937255267054
0.84982268512249 0.93509813118726
0.846532715950161 0.941708014346659
0.839302925858647 0.916872572619468
0.819565873127431 0.950307407416403
0.858721989672631 0.958892548922449
0.867189791984856 0.95418438129127
0.889262566808611 0.975703137926757
0.898132618051022 0.939420517534018
0.910986834671348 0.961490403860807
0.922538716811687 0.960384625010192
0.910010018385947 0.983268415555358
0.930833102203906 0.973655130714178
0.934461254626513 0.969448157586157
0.960343218874186 0.931210812646896
0.949667620938271 0.970490289386362
0.964209191035479 0.973295725416392
0.975858038756996 0.961456526070833
0.996671032626182 0.995778005104512
0.849037887528539 0.977155888918787
0.838457815349102 0.956225247588009
0.777673544827849 0.941328235901892
0.747779141180217 0.939301931299269
0.767100430559367 0.959301384631544
0.741243042517453 0.982576114591211
0.733627901412547 0.980563068762422
0.72707477491349 0.988132998347282
0.817401990760118 0.97653931286186
0.854295250494033 0.999647910241038
0.74904151679948 0.991234909277409
0.663295723963529 0.998508947435766
0.701677747536451 0.985780093818903
0.694623112212867 0.960790170822293
0.682572157587856 0.970218445640057
0.672549208626151 0.975222491193563
0.616307755000889 0.999754209071398
0.612827092874795 0.989272887818515
0.583426090423018 0.982089781202376
0.575250422116369 0.984557678923011
0.540657546371222 0.991442380938679
0.53508542990312 0.994902468286455
0.32405853504315 0.999317547306418
0.324444391299039 0.988375597633421
0.307896100450307 0.982418291270733
0.305997092276812 0.967433749698102
0.273524491582066 0.974582357797772
0.293851854745299 0.988505482207984
0.294351080432534 0.989730660803616
0.282514912076294 0.991121480707079
0.253675383049995 0.987944706808776
0.242164035793394 0.989399461541325
0.253373557236046 0.965565294027328
0.243626084644347 0.960851013660431
0.237400526180863 0.956035597715527
0.23685936909169 0.947710503824055
0.186857645399868 0.955925683025271
0.180684831924736 0.955825806595385
0.12902106018737 0.981128359213471
0.215553887654096 0.978225020226091
0.215006783138961 0.980078106746078
0.207404299173504 0.99597229110077
0.197594772092998 0.996363687328994
0.0555784539319575 0.999482713174075
0.0631070220842957 0.9759386559017
0.0208154520951211 0.968712347559631
0.0442256033420563 0.953170703258365
0.0415484504774213 0.941792865283787
0.0348802069202065 0.94740172708407
0.00808587158098817 0.954913103487343
0.00863912887871265 0.93593515176326
0.00977819273248315 0.928165185265243
0.0147811053320765 0.909183711279184
0.0400978028774261 0.903990237507969
0.0442150100134313 0.90328732971102
0.0812989166006446 0.901770927477628
0.101170371752232 0.900014578364789
0.0696473391726613 0.917587148491293
0.0651480699889362 0.93519022827968
0.0721396007575095 0.930306060705334
0.0717013538815081 0.949186067096889
0.0711170351132751 0.955327553208917
0.0976261226460338 0.953235743567348
0.137961919885129 0.956932734698057
0.0849552084691823 0.971386549063027
0.106647064443678 0.97364617837593
0.0776390293613076 0.974875727202743
0.076850991230458 0.985699735116214
0.122472992632538 0.985375212971121
0.154998213984072 0.946732237935066
0.191159608308226 0.93917330680415
0.206097570713609 0.934022955130786
0.210240559652448 0.948185229673982
0.237548675853759 0.939679489471018
0.293229161761701 0.934349750634283
0.311813097912818 0.932250337209553
0.346231262665242 0.892940837424248
0.307016585487872 0.892867417540401
0.357557375449687 0.881848269607872
0.394708777777851 0.855580195318907
0.425194780807942 0.846787806134671
0.420248527079821 0.853704589419067
0.442787241190672 0.848084384575486
0.486272581387311 0.847889503929764
0.497601668350399 0.835729553829879
0.511225285939872 0.811045361217111
0.463293632958084 0.835144779644907
0.474962526001036 0.812680804636329
0.4959422419779 0.780581610742956
0.518887298181653 0.756937337107956
0.526848567184061 0.779084348585457
0.531142515596002 0.786979824770242
0.557194729335606 0.775742663536221
0.594003564678133 0.740560728590935
0.559643343556672 0.74171632854268
0.552524017635733 0.748642795253545
0.553691569715738 0.739532534498721
0.566265589091927 0.721261399798095
0.503609132487327 0.751163663342595
0.517173696309328 0.725923434365541
0.408103556372225 0.832871072925627
0.377608214970678 0.835778427310288
0.403808059170842 0.815663600340486
0.422199449967593 0.805926464963704
0.426892416551709 0.796054728794843
0.511316366959363 0.695906535722315
0.527188417501748 0.703512554056942
0.534645785577595 0.675929984077811
0.529810091480613 0.675358650274575
0.520353816449642 0.670158152468503
0.480750103946775 0.721836851909757
0.417287587188184 0.80199271440506
0.39793188450858 0.813607000280172
0.346832721494138 0.849903464317322
0.342371875885874 0.8525998336263
0.326568115036935 0.860692392103374
0.35532188275829 0.81895457720384
0.355303638614714 0.829206580296159
0.350204110145569 0.836592538282275
0.377140455879271 0.812798948492855
0.396591121330857 0.808631392195821
0.406157204415649 0.797555881086737
0.429988099262118 0.763811654411256
0.375143201556057 0.808669355232269
0.367451431695372 0.813672227784991
0.416450710035861 0.733917007688433
0.439481155015528 0.718087599147111
0.447504801675677 0.716755012050271
0.500913558062166 0.643395414575934
0.48201532708481 0.653483210131526
0.469509190414101 0.656839039176702
0.453757998999208 0.673934263177216
0.459670911543071 0.647090699523687
0.543321907520294 0.574138263706118
0.525937031488866 0.599822659045458
0.508389019872993 0.629657485056669
0.538446732331067 0.621433713939041
0.531114405486733 0.59803992183879
0.551366440951824 0.584509931504726
0.585563216824085 0.532559304963797
0.554741169326007 0.47359772818163
0.531603942159563 0.477224175818264
0.551748528145254 0.483291999436915
0.555613484233618 0.497572935651988
0.550640447065234 0.508860121481121
0.50657878536731 0.478665739297867
0.496268071234226 0.475533986929804
0.468624538742006 0.469783841166645
0.509750565513968 0.469421827699989
0.52614972461015 0.471624752040952
0.464517956599593 0.429998187348247
0.513350763358176 0.464359791018069
0.500711106695235 0.457495992537588
0.474479172378778 0.458872534800321
0.447770081460476 0.458580305799842
0.441401943098754 0.45938953384757
0.417745332233608 0.452933402732015
0.433354044798762 0.464977388735861
0.461342826485634 0.472603828180581
0.454053821507841 0.479057733900845
0.454367372673005 0.473898065742105
0.44274376006797 0.483719862531871
0.468340841121972 0.507034811191261
0.436303080059588 0.478895755950361
0.41800398286432 0.478272228967398
0.421998606994748 0.464820042252541
0.417792013846338 0.458256875630468
0.391742370091379 0.457903146743774
0.398375637829304 0.494034264236689
0.406805172096938 0.498879488091916
0.407917748671025 0.492782173678279
0.431525678839535 0.481480076443404
0.433391828555614 0.515252915676683
0.380051702260971 0.537480976898223
0.414667594246566 0.570637052413076
0.428427081089467 0.576722829136997
0.431669726967812 0.542775500100106
0.432131348643452 0.538721639662981
0.476481568533927 0.558639073278755
0.460239552892745 0.560771093703806
0.452933114487678 0.564585915766656
0.428836778737605 0.581823173444718
0.433177484665066 0.5919094751589
0.376066039782017 0.592072804924101
0.387289063539356 0.60363030154258
0.320183858275414 0.588133411481977
0.290271965321153 0.592334447894245
0.316587802488357 0.600630314089358
0.358691485133022 0.609360525850207
0.405857085715979 0.611960808280855
0.388801825232804 0.622406885027885
0.394548451993614 0.627991888206452
0.401095936074853 0.634321353863925
0.402757168281823 0.646892955992371
0.401339707430452 0.646727554500103
0.38267980562523 0.669639979023486
0.381955612450838 0.663588820490986
0.370841898489743 0.654950385913253
0.330273702740669 0.673877338413149
0.309674696065485 0.710218830965459
0.405976050533354 0.694519071374089
0.408368415664881 0.680521681439131
0.415600115898997 0.681465505622327
0.411705817095935 0.654142205137759
0.417250629980117 0.62085516564548
0.406266869045794 0.601565193384886
0.449529341422021 0.616921991575509
0.457176274154335 0.597773225512356
0.472972850315273 0.581055002752692
0.485606257338077 0.558262005448341
0.482774300035089 0.553069756831974
0.460452314931899 0.530589759815484
0.465563731268048 0.534535675309598
0.48116103047505 0.542155875358731
0.481145386118442 0.545260322280228
0.487522849813104 0.528084585443139
0.472562183160335 0.479796919040382
0.472980598919094 0.477274925913662
0.490216981619596 0.480714419391006
0.530362341552973 0.497661550529301
0.531243605073541 0.505401859525591
0.533380448818207 0.516107883770019
0.537448425311595 0.529244098812342
0.549533767160028 0.53294125571847
0.534989647101611 0.545366876292974
0.531927944626659 0.5436453060247
0.506639671046287 0.579018168151379
0.486182850785553 0.602972106542438
0.445387258194387 0.63416313380003
0.436713373754174 0.665695293806493
0.424579396378249 0.706094990950078
0.36379415448755 0.776534173637629
0.316479422152042 0.803041446022689
0.247256903443485 0.810590249020606
0.24873161688447 0.798340781126171
0.289302805438638 0.791550686582923
0.293623627629131 0.784037724602968
0.335985742509365 0.766593000851572
0.339873830787838 0.762154781259596
0.36818646080792 0.758900206536055
0.375726242549717 0.730706233531237
0.367696893867105 0.709484290797263
0.349033495876938 0.728636453393847
0.367757365573198 0.721482360269874
0.338425163645297 0.733149396721274
0.328827724792063 0.736697677057236
0.333501856774092 0.750976318959147
0.341503562871367 0.750451968051493
0.339086722582579 0.753232581540942
0.294295354280621 0.772913854569197
0.27669228753075 0.763221462257206
0.253853728529066 0.779635398183018
0.229254050645977 0.78779015224427
0.170974780805409 0.816718691028655
0.149937957525253 0.82867802772671
0.196532261092216 0.810384202748537
0.216808598488569 0.803489682264626
0.200170962605625 0.814875578973442
0.195850431919098 0.812981404364109
0.160267053637654 0.835923733655363
0.156526135280728 0.837638068944216
0.189567423425615 0.827172598335892
0.193250244949013 0.844261256977916
0.241561208851635 0.793510563671589
0.242572301998734 0.814022060018033
0.232202507555485 0.824636246077716
0.247310012113303 0.831223525106907
0.24314913386479 0.843521364498883
0.241858370602131 0.853424631524831
0.240894484799355 0.858389536850154
0.237816713750362 0.877554391510785
0.242957205977291 0.872716974467039
0.255297784693539 0.836833675857633
0.306747919879854 0.809002748224884
0.304856820497662 0.812818119768053
0.26264251023531 0.854415895882994
0.236688545905054 0.902391117066145
0.251517165452242 0.899278298951685
0.305309385061264 0.851704086177051
0.351001563016325 0.802757355384529
0.295891926623881 0.880977659951895
0.319246437400579 0.867663730401546
0.290650777984411 0.915961250662804
0.285197244491428 0.899793090764433
0.262126738671213 0.912575342226774
0.201770029496402 0.906881214119494
0.19569527823478 0.91228417493403
0.189081617631018 0.913133055903018
0.159241802524775 0.941761910915375
0.13488254789263 0.966376448515803
0.182508534751832 0.907976342830807
0.164692107122391 0.866045881994069
0.165841091889888 0.883494986686856
0.13694866746664 0.899005274288356
0.106459394097328 0.928809560835361
0.100132559426129 0.929824128746986
0.0958664575591683 0.914168055634946
0.11540568433702 0.901157460641116
0.122817772906274 0.906034595798701
0.162591340020299 0.8516646316275
0.130484572611749 0.845698306336999
0.148273386526853 0.840500341262668
0.11142911342904 0.850044170860201
0.0434176260605454 0.892300927080214
0.0648757461458445 0.876295916270465
0.0903090750798583 0.861068950500339
0.0965378521941602 0.853887327946723
0.167546905111521 0.795809572562575
0.146556828636676 0.791875527705997
0.176414233166724 0.790550938807428
0.175632611382753 0.769593730568886
0.113725728821009 0.667379560414702
0.104345480911434 0.652430925518274
0.093209735583514 0.664392104372382
0.124100971035659 0.696144805289805
0.124239985365421 0.727587608154863
0.141865713521838 0.72684389911592
0.147615833207965 0.768328223377466
0.140582928899676 0.739687233231962
0.115379111841321 0.740141949616373
0.0948324031196535 0.762920349370688
0.0876036523841321 0.786477502435446
0.101866017095745 0.779816778376698
0.113918817602098 0.777408328372985
0.132426497526467 0.812402995303273
0.051779858302325 0.838207193184644
0.0791384414769709 0.817366378381848
0.0443825144320726 0.816586004570127
0.0384856560267508 0.836205055005848
0.0346722956746817 0.85655462089926
0.0537930415011942 0.86308855516836
0.0583693590015173 0.875294694211334
0.0347318639978766 0.892561772838235
0.0144257983192801 0.900640415493399
0.0119966901838779 0.881198818329722
0.00958156632259488 0.889097430277616
0.00259358203038573 0.834819091018289
0.00982019631192088 0.828728992026299
0.00803390285000205 0.810067952144891
0.0126677504740655 0.794267114717513
0.0240610325708985 0.743472604081035
0.0124780237674713 0.817586288321763
0.0394997354596853 0.797980204224586
0.0437292312271893 0.793284657411277
0.046315218321979 0.799662377685308
0.0207455679774284 0.840060058049858
0.0281117679551244 0.839515922125429
0.0394085464067757 0.819106600712985
0.0505916136316955 0.810228134039789
0.0659382012672722 0.799536438658834
0.0618209145031869 0.768500140868127
0.0453529083169997 0.75815299898386
0.0375156397931278 0.726437264122069
0.0405889847315848 0.711877859663218
0.0331617323681712 0.70388841163367
0.0338948648422956 0.693065932020545
0.0111630922183394 0.737433152273297
0.00585474632680416 0.736736019607633
0.00141869252547622 0.717534827999771
0.0279061701148748 0.630233386997133
0.0289860907942057 0.573263687081635
0.0173132941126823 0.52891409676522
0.00382093479856849 0.520158650353551
0.0342209176160395 0.506523955613375
0.0260947388596833 0.48345856834203
0.0229722876101732 0.458743260707706
0.054268064443022 0.493324001319706
0.0553721436299384 0.500892818905413
0.0194504880346358 0.525668967049569
0.0775363501161337 0.499604056123644
0.0988202919252217 0.472584984730929
0.096896970178932 0.467002848628908
0.0846312842331827 0.425130833871663
0.0621088342741132 0.427637115120888
0.0924522131681442 0.462015193887055
0.0888840984553099 0.465119479689747
0.0661377222277224 0.463839976582676
0.0681451209820807 0.480378762818873
0.045108079444617 0.47300239931792
0.0629341504536569 0.441005951259285
0.047595817130059 0.413297227118164
0.0193653064779937 0.424552949145436
0.00577768823131919 0.463698848150671
0.0058886855840683 0.40738908527419
0.000349164940416813 0.342321226373315
0.0266972999088466 0.363015101756901
0.081710304133594 0.393531120382249
0.0912174992263317 0.370738451834768
0.0968830049969256 0.358888937626034
0.0697147706523538 0.343062728177756
0.0659271329641342 0.328987654764205
0.0461328281089664 0.322274223901331
0.0513073550537229 0.353272171225399
0.037340953014791 0.356283564586192
0.0164843201637268 0.329846285749227
0.03882946819067 0.315205527003855
0.033917342312634 0.266306185629219
0.0323012117296457 0.263891813345253
0.0282628801651299 0.304515501018614
0.0234511028975248 0.310028334148228
0.000101397279649973 0.310702223796397
0.00946876406669617 0.284630664158612
0.0120017481967807 0.237960270605981
0.00375782279297709 0.1470528524369
0.00898092752322555 0.106166152283549
0.0286076916381717 0.145669078920037
0.00957461260259151 0.0641990145668387
0.0299827456474304 0.049343925435096
0.0601947312243283 0.0556836370378733
0.0595931890420616 0.0669582323171198
0.0681335106492043 0.0738582783378661
0.0657971440814435 0.0784081942401826
0.0767012466676533 0.106580315623432
0.146040260326117 0.140963511075824
0.156162854284048 0.139925664756447
0.121086426544935 0.0897769806906581
0.147111045662314 0.122237146832049
0.199903421569616 0.127593790180981
0.21762242494151 0.134000663645566
0.209496363066137 0.119039798155427
0.294880007859319 0.208821024280041
0.280040324665606 0.222563765477389
0.269618690479547 0.229069945868105
0.276694447733462 0.235861302819103
0.330045227892697 0.246816243045032
0.346132129896432 0.249397196341306
0.350822506006807 0.252250694204122
0.333039290271699 0.293180597014725
0.357868191320449 0.285602683201432
0.399638982024044 0.281177958473563
0.391886056400836 0.266179476864636
0.382332670968026 0.237702423240989
0.35947009222582 0.222180682234466
0.370338928885758 0.236200882121921
0.377728854771703 0.257331762462854
0.312758034560829 0.192938588093966
0.327433135826141 0.197425785008818
0.265629194676876 0.171162152662873
0.272943433374166 0.161050499882549
0.267350118607283 0.15623641340062
0.259697082452476 0.159339278470725
0.25664968509227 0.163884941488504
0.25412693945691 0.164761585183442
0.232461374253035 0.13086684467271
0.26842433726415 0.114201498217881
0.251721079461277 0.100785735063255
0.245604348368943 0.103181210812181
0.234862740151584 0.129373117815703
0.210814743302763 0.101720459293574
0.200421884190291 0.0788886910304427
0.195148977916688 0.0722632338292897
0.183696805033833 0.0804395894519985
0.18290942767635 0.0931601510383189
0.173459682613611 0.0650229370221496
0.183546773623675 0.103616618551314
0.192299011629075 0.125726127065718
0.14841893222183 0.0699593932367861
0.158264420926571 0.0706641171127558
0.104609783738852 0.048513188958168
0.0871406537480652 0.0312222084030509
0.0980260646902025 0.043727396056056
0.0986651531420648 0.0607103346846998
0.0926226279698312 0.0636776629835367
0.0562275196425617 0.0361404605209827
0.0602190932258964 0.046969679184258
0.0101929483935237 0.0107778506353498
0.0369372167624533 0.0230429214425385
0.0361097985878587 0.0199439260177314
0.0173315056599677 0.0105688534677029
0.0124622127041221 0.00786701962351799
0.154150998685509 0.0301884254440665
0.151008829008788 0.0322234551422298
0.128175044897944 0.0280236429534853
0.172632760368288 0.0362214706838131
0.219090970698744 0.066087462939322
0.227850606199354 0.0690851933322847
0.253616537433118 0.0901823481544852
0.290887376759201 0.1042211051099
0.294378688093275 0.0704623623751104
0.259121109265834 0.068158358335495
0.187629809603095 0.0297321476973593
0.179829947650433 0.0239976826123893
0.171172191854566 0.0134576088748872
0.160098176915199 0.0218871291726828
0.155164258554578 0.0239525074139237
0.105396709870547 0.0104726320132613
0.104920771438628 0.0102299461141229
0.0122523484751582 0.00611371779814363
0.132200822699815 0.000707426108419895
0.176608850713819 0.00596967618912458
0.198791738599539 0.0133524723351002
0.205365097150207 0.00291076255962253
0.283142106141895 0.00171050801873207
0.267236134037375 0.0195729066617787
0.261724746320397 0.018689414486289
0.245724133681506 0.0296436105854809
0.232289080973715 0.0320855583995581
0.249038641341031 0.0329246148467064
0.263450059108436 0.0493042720481753
0.26592192100361 0.0460498840548098
0.27505791047588 0.0415471778251231
0.277846306562424 0.0462356810458004
0.319116841070354 0.0689598214812577
0.291518828831613 0.0470690028741956
0.326843748800457 0.0566687099635601
0.32539325254038 0.0456850933842361
0.330638331361115 0.0543461004272103
0.340037755202502 0.0435851472429931
0.361372998449951 0.0827756715007126
0.370733602903783 0.0974595588631928
0.406484491191804 0.0914143756963313
0.410142214968801 0.081125917378813
0.41329929092899 0.0744748930446804
0.442131340969354 0.0944049460813403
0.426223740447313 0.0978498747572303
0.421166380867362 0.106484566349536
0.423719545826316 0.11193286255002
0.396336727309972 0.108071562834084
0.409698743373156 0.119646674953401
0.331959830597043 0.123612535651773
0.340459320228547 0.117946526501328
0.40278157684952 0.118757024873048
0.365197763312608 0.113614040892571
0.309496979229152 0.0876983846537769
0.315907229669392 0.104206909891218
0.283676645252854 0.110649196896702
0.292368060909212 0.123808289412409
0.31463582534343 0.125843357294798
0.279932320583612 0.128860957920551
0.273140429053456 0.130158216226846
0.26578083820641 0.13759488472715
0.288058650214225 0.148602966684848
0.298877840861678 0.15328671131283
0.363085572142154 0.215510457754135
0.388873363379389 0.223938514012843
0.417121690232307 0.238281341269612
0.458079976029694 0.293630588799715
0.435917727183551 0.27976201614365
0.418925316538662 0.264271937310696
0.409148294478655 0.25474387453869
0.423059959430248 0.284444613847882
0.438028029631823 0.289984214585274
0.44906746968627 0.312275093048811
0.466516267042607 0.293867105618119
0.489220044575632 0.28530312795192
0.475212379358709 0.312573550269008
0.455437128432095 0.333600090350956
0.445574192330241 0.331530440133065
0.420666312798858 0.335419648792595
0.409729455597699 0.306601139716804
0.39198573352769 0.28714484302327
0.395901137497276 0.308943789452314
0.38852291693911 0.309810039121658
0.35131528461352 0.308165521360934
0.380922370124608 0.321782201062888
0.403129554819316 0.313250103034079
0.396249173674732 0.328062370885164
0.375948781613261 0.342136770952493
0.39403154887259 0.361056687310338
0.397242124658078 0.367690562270582
0.413962949998677 0.395623349584639
0.386814882978797 0.397998938336968
0.349421756342053 0.366233344189823
0.359540535602719 0.343289521057159
0.360663518775254 0.337921784259379
0.354819596279413 0.349667790345848
0.342684178147465 0.347184990998358
0.340248537715524 0.349935520906001
0.347919366322458 0.35096589429304
0.34415650786832 0.356600943021476
0.330132864415646 0.367598153185099
0.333017944823951 0.400921007152647
0.348292490467429 0.395549722015858
0.375341798178852 0.397137847729027
0.354856999590993 0.425391592551023
0.295722912065685 0.441550714429468
0.298897242173553 0.441656667739153
0.313911494333297 0.440942120738328
0.301211327314377 0.459781022742391
0.279623303562403 0.454429584089667
0.236963238101453 0.482723638415337
0.234478820115328 0.483468330930918
0.225514211691916 0.502342908643186
0.235206878744066 0.52664318215102
0.22456130431965 0.518004487734288
0.216843538917601 0.522134051192552
0.209845163393766 0.539294869173318
0.203815003391355 0.546007893513888
0.178236377891153 0.544846775475889
0.169259551912546 0.548769953195006
0.153554013930261 0.544493314344436
0.12074830615893 0.542959372512996
0.168620554264635 0.533782373648137
0.156212305184454 0.519762501120567
0.138737988658249 0.509311711415648
0.186636049766093 0.515092761255801
0.194608428049833 0.508165852632374
0.214356602635235 0.515663020312786
0.198730604723096 0.509399687405676
0.235329614952207 0.480481273029
0.265682613942772 0.447559251915663
0.261152134276927 0.445568363182247
0.220998786389828 0.468324878718704
0.250516873784363 0.446343379560858
0.265313223470002 0.438357129693031
0.305263557471335 0.424677642062306
0.299144418444484 0.413029848132282
0.315672487951815 0.391546489670873
0.305739342235029 0.376871108077466
0.32264920277521 0.37604798283428
0.286201149690896 0.35809961007908
0.280404381453991 0.366190736647695
0.261347532738 0.382320280652493
0.250293947290629 0.398279743269086
0.260169363580644 0.398789288010448
0.271958646830171 0.430439644027501
0.254823889117688 0.431728995870799
0.216070337221026 0.461697104852647
0.172571949660778 0.501465166918933
0.150460228789598 0.489717468619347
0.211836653295904 0.461318278685212
0.180038316641003 0.47332797665149
0.142912867479026 0.488165239337832
0.167918548919261 0.467519990168512
0.192094814032316 0.457111482974142
0.168296980205923 0.385467163752764
0.193571928888559 0.394468509126455
0.240892057772726 0.408153830561787
0.213166024070233 0.420921558979899
0.21350977383554 0.429527582600713
0.222815436776727 0.430844868533313
0.248138715978712 0.423717014491558
0.243706725072116 0.402622405439615
0.219955122563988 0.381287645548582
0.214320734608918 0.353272389620543
0.251806867308915 0.379279058426619
0.205730944406241 0.342545819003135
0.201161934062839 0.338550253305584
0.196891461033374 0.332836736924946
0.19300606707111 0.325125296600163
0.220885748974979 0.328269123099744
0.233829651027918 0.315103306435049
0.218733185436577 0.31131537957117
0.229034311603755 0.307797776069492
0.198151864111423 0.282346283085644
0.218321644701064 0.277930004987866
0.256936307996511 0.317319033201784
0.277718839235604 0.313960842322558
0.298091690521687 0.316363707650453
0.299370396416634 0.311791284009814
0.323125772643834 0.348668288905174
0.306562872137874 0.338637986220419
0.297291049733758 0.333546702284366
0.264049141667783 0.32785867433995
0.246019560378045 0.329035824630409
0.256762288976461 0.332219151314348
0.211930592078716 0.334933880716562
0.25978297367692 0.357088970486075
0.250262923073024 0.339948666747659
0.318865239620209 0.354139770381153
0.33002860751003 0.356058856472373
0.339528287760913 0.321511697024107
0.359958353452384 0.33080551866442
0.304060162510723 0.263556667603552
0.313715394120663 0.290546397678554
0.296878206077963 0.273726494517177
0.307752637192607 0.305563065689057
0.300303118769079 0.301823729649186
0.279066795483232 0.283845297992229
0.266805615276098 0.286989741027355
0.269249685574323 0.282324253115803
0.277826644014567 0.275026528164744
0.275913810823113 0.259402060415596
0.247316671069711 0.220243750605732
0.245808435138315 0.214622833300382
0.224435932934284 0.2034374717623
0.24614921445027 0.255634370259941
0.213858370203525 0.243302639573812
0.235407279804349 0.23046997282654
0.184299459215254 0.165930865332484
0.229306033812463 0.188752342015505
0.24601339455694 0.196633658371866
0.261991431936622 0.224505510181189
0.238682332914323 0.17618996463716
0.216647023800761 0.148626275360584
0.21544927591458 0.161628458183259
0.210057970602065 0.153936345595866
0.185374377761036 0.149941160343587
0.154271912295371 0.158153308555484
0.152697958983481 0.156455321703106
0.147092382889241 0.15265007596463
0.120572725310922 0.137232145294547
0.0975912758149207 0.130361535586417
0.0711235501803458 0.129630506504327
0.0539721078239381 0.12037021573633
0.0655389851890504 0.130814583040774
0.0866524302400649 0.152664014138281
0.11064575612545 0.162466606125236
0.110679619479924 0.159639187622815
0.116013339720666 0.15705019980669
0.0978659796528518 0.135920367203653
0.163309874944389 0.187924980651587
0.165664592757821 0.192203676793724
0.14116628607735 0.194663479924202
0.167032939381897 0.22281143348664
0.148014391772449 0.203880362212658
0.138200696092099 0.203941319137812
0.129368418827653 0.205332195851952
0.0807949239388108 0.163309835828841
0.0620253956876695 0.178225646261126
0.058961633592844 0.158330791629851
0.055663310457021 0.173874848987907
0.0400385810062289 0.137186776380986
0.0435809306800365 0.137447465676814
0.0431204787455499 0.113983732182533
0.0714932754635811 0.120203046128154
0.0458705299533904 0.103121904656291
0.0203335885889828 0.0977621590718627
0.0376960835419595 0.159965745173395
0.019795601721853 0.18445380916819
0.0379923465661705 0.211090601980686
0.055384614970535 0.24041351210326
0.068195722065866 0.242861997336149
0.0676515740342438 0.254669818095863
0.0391703746281564 0.270580435171723
0.0592438136227429 0.273597640916705
0.0487970942631364 0.276861297897995
0.0595333250239491 0.283718227874488
0.0902456571348011 0.308558138553053
0.0844905362464488 0.269942684099078
0.103005762211978 0.274763102177531
0.149063957389444 0.272709469310939
0.153103368822485 0.276620310265571
0.169837842695415 0.269231479149312
0.152505930978805 0.263481844682246
0.139559825416654 0.266871288884431
0.0991905117407441 0.260075951460749
0.100126047618687 0.255528953392059
0.107382955495268 0.254722990095615
0.142301950138062 0.23789924569428
0.124045117292553 0.240433659870178
0.096110756509006 0.223644379526377
0.0609737024642527 0.209755030926317
0.0311410645954311 0.185059754177928
0.0548381526023149 0.195478747598827
0.117998605594039 0.202211320865899
0.124366205651313 0.217379055451602
0.181451878044754 0.238005935680121
0.154317636042833 0.20007849810645
0.238087711390108 0.281889067497104
0.258479421027005 0.305435026995838
0.232977123465389 0.282418012153357
0.201378778088838 0.268130812328309
0.180814300663769 0.252345022279769
0.178361783735454 0.24499628180638
0.169931164011359 0.241354790981859
0.189453802537173 0.264820124488324
0.194618041161448 0.282524509355426
0.191296806558967 0.292040200904012
0.170429967809469 0.296817819122225
0.189389744307846 0.312781357206404
0.197037680540234 0.31816044729203
0.143782173749059 0.31237754970789
0.147576435934752 0.311375747434795
0.131179010495543 0.293641577009112
0.126704111229628 0.275049219373614
0.107509786263108 0.279806397855282
0.126315138302743 0.305607120040804
0.0929388720542192 0.308718074578792
0.109736750368029 0.309529011603445
0.0997617226094007 0.323584779631346
0.119518104474992 0.332552405074239
0.109844506718218 0.353256072383374
0.108647725079209 0.360328125301749
0.119394352193922 0.344157965388149
0.159715715330094 0.362736525945365
0.162420486100018 0.358115260954946
0.171130912844092 0.34122426295653
0.179343237075955 0.367971730884165
0.212695069611073 0.364078070502728
0.219550066627562 0.38119645183906
0.113242309074849 0.38354558032006
0.0776951927691698 0.41605028975755
0.155501819215715 0.41193835856393
0.175990745890886 0.426698127295822
0.16796330967918 0.460954273119569
0.136241829488426 0.471054478548467
0.1456253612414 0.470386847387999
0.159154773689806 0.464944963809103
0.127806322649121 0.49584897980094
0.121362559963018 0.504156040493399
0.146624977700412 0.491512462496758
0.125105836894363 0.514813882764429
0.136745281517506 0.537057248875499
0.126321747899055 0.533388679847121
0.087061361875385 0.536970770452172
0.0726820500567555 0.528181310277432
0.0960363931953907 0.514743289910257
0.0981928100809455 0.49426750279963
0.049391726963222 0.521347757894546
0.0308058727532625 0.530632231850177
0.0866289958357811 0.560810484457761
0.0653274706564844 0.559636851307005
0.0346571365371346 0.545781366992742
0.0513741485774517 0.564056898932904
0.0348661979660392 0.625870935153216
0.0454182610847056 0.631687771528959
0.0403654985129833 0.618475082796067
0.0536878765560687 0.586790351662785
0.0691494569182396 0.597601289860904
0.0665383720770478 0.632358814124018
0.0814798003993928 0.642366879153997
0.0680227568373084 0.647230204660445
0.0616948823444545 0.659413252491504
0.0506753642112017 0.696886146906763
0.0758889093995094 0.660902883391827
0.0563532067462802 0.696985827758908
0.0594660453498363 0.69884431315586
0.0727527923882008 0.697749181184918
0.0776646314188838 0.71084470115602
0.0992839108221233 0.720817076042295
0.115328879095614 0.723935948684812
0.110844630748034 0.711949247401208
0.118085055612028 0.692240264732391
0.113406619988382 0.686278664506972
0.102957686875015 0.675538340117782
0.0657539358362556 0.690846238285303
0.0973888384178281 0.65083321230486
0.103935152292252 0.642423525452614
0.145174327306449 0.628698361571878
0.156499805860221 0.622299856506288
0.157437761779875 0.639052055310458
0.0994605366140604 0.649083539843559
0.134672778658569 0.648552500177175
0.159227343276143 0.644960487727076
0.186112530529499 0.650481716264039
0.187711852136999 0.650988921057433
0.237626013811678 0.659308371134102
0.244734378065914 0.665459821000695
0.216951250098646 0.670468860771507
0.167648099828511 0.656130624003708
0.154161682352424 0.701051687356085
0.163252145517617 0.701818217989057
0.174566837027669 0.691831464879215
0.184864786919206 0.682475933339447
0.16812655935064 0.687166615854949
0.168599752243608 0.67893491499126
0.189391230698675 0.679072890430689
0.197733782697469 0.678875343408436
0.183473149780184 0.706479351036251
0.175507511943579 0.722863710485399
0.179862070363015 0.751992682926357
0.179412506986409 0.754908310715109
0.200278249569237 0.771216207183897
0.216224311385304 0.769522364251316
0.236776647623628 0.746492442674935
0.230498877353966 0.756870484445244
0.22523067612201 0.764286247082055
0.266838540323079 0.73913744231686
0.291048901155591 0.732931611128151
0.266829980071634 0.726642062421888
0.247678673826158 0.743445080704987
0.243691088631749 0.712655786890537
0.227651558816433 0.720453734043986
0.197493937797844 0.7333739916794
0.19658210594207 0.71379592968151
0.239628556650132 0.701191116124392
0.256375200580806 0.700645251199603
0.259200078435242 0.719109824858606
0.31176426820457 0.665583092719316
0.331550795584917 0.662785866297781
0.370941301807761 0.628243690356612
0.274550926405936 0.675285582896322
0.257784874178469 0.689473025035113
0.22849064366892 0.69232075009495
0.22782109444961 0.692817475646734
0.210595742799342 0.701115601230413
0.253196261823177 0.673206334467977
0.245460203848779 0.651399784255773
0.243095607962459 0.649325002450496
0.23267088830471 0.640486768446863
0.231928452849388 0.6265964563936
0.257003550883383 0.631956315133721
0.239633075427264 0.618578138761222
0.261476223822683 0.591796303167939
0.26856739865616 0.580208369530737
0.273759387433529 0.579972570762038
0.330059905070812 0.574889648705721
0.369692237582058 0.547981579788029
0.369842283427715 0.542746168095618
0.392033781856298 0.580252727493644
0.407537568826228 0.567238015588373
0.373499046079814 0.539089723490179
0.380488194990903 0.515205419622362
0.380381803028286 0.512804748956114
0.355595326516777 0.523360802326351
0.345523591153324 0.545898232143372
0.345195587724447 0.530860327649862
0.330823730677366 0.523985465988517
0.316086404491216 0.518191143870354
0.292481693439186 0.529562440235168
0.262448722030967 0.526458046399057
0.255711528006941 0.525427406653762
0.295628430321813 0.543024362064898
0.328493980225176 0.548903518356383
0.241646170150489 0.559820872731507
0.290335844736546 0.548773919697851
0.250555969774723 0.556563071906567
0.227430711034685 0.562232298776507
0.218530436046422 0.561293929815292
0.225858080666512 0.565338525921106
0.245096354745328 0.563248200342059
0.25593104865402 0.582661598455161
0.250019119586796 0.590303948614746
0.246141877491027 0.602979240007699
0.178061619866639 0.606525837443769
0.159561718814075 0.608546337578446
0.157528128474951 0.603720760904253
0.206330068875104 0.59379098052159
0.214267953764647 0.590879225637764
0.162968371063471 0.594384964089841
0.126825797371566 0.630054755136371
0.103363167960197 0.638228440191597
0.0953895528800786 0.630168276373297
0.0756142297759652 0.624805533792824
0.0976876700296998 0.614258844405413
0.12296687066555 0.61831510765478
0.0890859016217291 0.588996757287532
0.0869317683391273 0.587968437001109
0.0882251975126565 0.586192929185927
0.0914734625257552 0.570683349855244
0.116904933005571 0.573707369621843
0.130257049575448 0.568239341955632
0.146825515665114 0.562926982529461
0.14673812687397 0.554978748783469
0.148182202130556 0.583519654348493
0.161784736439586 0.575968584511429
0.170421842485666 0.586754779797047
0.190368051175028 0.585100899916142
0.164434799458832 0.572322878055274
0.191449653357267 0.574208861682564
0.23573207622394 0.531989210285246
0.233766970224679 0.543196333106607
0.234211352653801 0.542082765605301
0.272711141034961 0.507307626307011
0.300449747592211 0.479054156225175
0.314509055111557 0.455928939860314
0.31186404125765 0.486289441585541
0.292869592551142 0.488413588609546
0.257152087986469 0.524627117905766
0.336322487331927 0.484749572817236
0.342809968162328 0.478419042658061
0.382923374883831 0.493453262839466
0.366159404627979 0.477917681913823
0.352532744873315 0.467393989674747
0.355142366141081 0.467567933257669
0.358877837192267 0.451496023219079
0.334059059619904 0.447302125394344
0.371259386185557 0.434573675040156
0.372310904320329 0.426672538276762
0.384911290835589 0.415292942430824
0.394639275968075 0.442370779812336
0.408584591001272 0.440579307731241
0.410825423430651 0.433215362951159
0.42194745503366 0.447806869167835
0.41363523947075 0.43174267699942
0.40027942461893 0.423302942886949
0.405228822957724 0.421019003726542
0.415342296939343 0.419698213227093
0.41479616612196 0.405640392564237
0.455469329375774 0.392271482385695
0.445835797581822 0.382890007458627
0.455150996800512 0.376390880905092
0.496488556731492 0.350631235167384
0.515749351587147 0.359016027767211
0.491619141772389 0.368456727359444
0.517323580570519 0.392747718375176
0.502966505941004 0.395480528939515
0.465133565943688 0.402432489208877
0.454764313530177 0.400047470349818
0.42905728565529 0.40958613017574
0.447247860953212 0.416032620240003
0.460786408279091 0.421251415740699
0.480105205439031 0.425145043060184
0.491641404107213 0.400575998239219
0.549046171363443 0.390110015403479
0.542307581286877 0.402673092205077
0.509659220464528 0.412890863604844
0.54956235550344 0.43665516981855
0.536279128864408 0.436741225421429
0.490404691547155 0.427541012875736
0.478972894139588 0.429961141664535
0.547094027046114 0.457752588670701
0.550663533154875 0.447007928974926
0.577925155870616 0.432436714414507
0.586983130313456 0.43703339016065
0.537881683092564 0.409482400398701
0.540943453088403 0.405787522904575
0.595454161055386 0.423361969180405
0.61036714958027 0.432023129425943
0.607453227508813 0.434674836695194
0.560162999667227 0.4513791622594
0.605297589208931 0.47576253907755
0.61863017315045 0.475718101486564
0.644788465462625 0.49378831172362
0.648654375690967 0.501824325416237
0.637006251141429 0.50317176245153
0.604327826760709 0.500453165266663
0.574614206794649 0.464110461063683
0.595912510994822 0.517257551196963
0.59663859102875 0.526356741786003
0.61591802444309 0.523535161279142
0.599560714326799 0.545941115822643
0.587202243041247 0.566540173254907
0.550296695437282 0.618815908208489
0.525843439158052 0.628804772626609
0.544678075704724 0.628360230941325
0.561431534588337 0.63364086067304
0.512828004080802 0.656166366301477
0.523194925859571 0.629986350424588
0.44875925546512 0.720980446785688
0.416256848722696 0.757496478036046
0.432021191809326 0.754431385081261
0.493230681400746 0.678808991797268
0.500672582536936 0.669676884077489
0.533068353775889 0.658467239234596
0.53957323776558 0.652333222329617
0.548422411549836 0.664472252130508
0.550080709159374 0.677650064229965
0.5608652071096 0.676083244383335
0.564692818559706 0.676981281489134
0.551987729500979 0.690750864334404
0.530327775981277 0.727163553703576
0.546986900735646 0.722377708181739
0.562844244763255 0.700919646769762
0.580167938955128 0.689717466942966
0.606462663039565 0.652576898224652
0.664357725996524 0.575658307410777
0.632835239637643 0.587761464063078
0.623771688435227 0.594346565660089
0.657775998581201 0.581509173847735
0.614838770125061 0.62189173232764
0.619474007748067 0.611223337240517
0.590461950749159 0.661501878406852
0.577907929662615 0.643431995995343
0.593590740580112 0.629337156191468
0.60392082715407 0.597429787740111
0.575465661007911 0.62302047200501
0.572861939202994 0.613988548051566
0.564366027247161 0.606461033690721
0.57322178222239 0.60186526319012
0.586242184508592 0.605332616716623
0.617452563717961 0.576548733282834
0.632009649183601 0.506716661155224
0.633482349570841 0.537507284898311
0.636501738801599 0.562740867957473
0.651540295686573 0.494019282516092
0.692828583996743 0.432740746065974
0.637341313064098 0.432568609248847
0.627384615130723 0.42848608084023
0.614987859036773 0.415690659079701
0.575645417906344 0.409953588154167
0.604714800603688 0.401958824601024
0.624227427877486 0.395176731050014
0.627895948942751 0.385343837086111
0.656652117613703 0.405549816321582
0.647130967117846 0.399116062093526
0.635940326843411 0.398681884631515
0.620137996505946 0.417455388233066
0.67914979532361 0.432181315962225
0.682554969098419 0.420451778452843
0.688035823404789 0.399418680928648
0.681691684294492 0.377427032217383
0.686150717083365 0.38109804270789
0.704102653544396 0.401865134481341
0.69384584762156 0.406322260852903
0.698416002560407 0.418110090307891
0.704689012374729 0.429651038255543
0.727747702039778 0.362086340319365
0.701081275008619 0.372084753122181
0.691423614975065 0.364864605013281
0.727124784141779 0.344883026089519
0.727174653671682 0.303896334022284
0.747513759415597 0.282179110683501
0.734240937978029 0.294031256809831
0.732271516229957 0.290902063716203
0.716271174140275 0.275821180548519
0.723168992437422 0.286115271039307
0.720549901481718 0.2876505269669
0.680363322142512 0.342990301549435
0.658652391284704 0.350271374452859
0.627969884313643 0.341071919072419
0.671952676959336 0.309073504526168
0.669537422247231 0.287107775453478
0.661409785505384 0.272980517242104
0.670882374048233 0.271370048169047
0.671876137610525 0.268049466889352
0.666537912096828 0.269253076985478
0.652652989607304 0.275963097345084
0.656340793706477 0.301267323549837
0.607191751711071 0.32533565396443
0.621943169273436 0.298283638898283
0.642275710124522 0.255021738354117
0.678716775495559 0.235030584502965
0.672745939344168 0.209175466559827
0.677609424106777 0.203609450254589
0.687243038322777 0.193838118575513
0.702888120431453 0.170865162275732
0.722994924522936 0.153850397095084
0.688019544817507 0.197901294566691
0.695709924213588 0.217164654284716
0.701673552393913 0.23064851667732
0.685198029503226 0.245254715438932
0.686487113125622 0.259351478423923
0.679150355048478 0.269824089016765
0.686703784391284 0.267308627720922
0.700832393486053 0.242438775487244
0.727520825341344 0.266231659799814
0.750538581050932 0.27042992413044
0.774851207621396 0.269654506351799
0.782292118761688 0.272721670102328
0.760260587092489 0.288334937766194
0.779503696132451 0.293261734303087
0.786326983012259 0.299348674714565
0.79572792770341 0.261038335505873
0.811090488918126 0.249284307472408
0.814972874708474 0.26334820035845
0.816068718209863 0.271883974783123
0.823829541448504 0.249970842152834
0.821833437308669 0.246530639473349
0.853080573026091 0.216283129528165
0.845387944485992 0.204034822527319
0.809588199947029 0.241286660078913
0.814057528506964 0.212563178967685
0.762496955227107 0.251538685057312
0.727400006260723 0.247895855922252
0.725257684011012 0.241855434142053
0.724737475626171 0.220222682226449
0.710926704108715 0.219071899075061
0.718693916685879 0.196775664109737
0.733375283423811 0.194708450697362
0.736321014817804 0.186500929296017
0.739963407628238 0.181029017549008
0.752489387057722 0.147759964223951
0.749770904891193 0.142928663641214
0.76157835079357 0.122180671896785
0.74304437590763 0.0913952332921326
0.743835366796702 0.105353844817728
0.717165264301002 0.0977201596833766
0.724681195802987 0.106691292487085
0.722702459432185 0.140058387536556
0.716001249849796 0.136890839785337
0.666736135724932 0.173455914948136
0.663027310743928 0.171005934011191
0.710367914289236 0.136966174468398
0.709321384318173 0.129970218520612
0.684645957313478 0.12507155444473
0.694820364937186 0.113970643375069
0.676048593595624 0.104462700895965
0.676851324737072 0.10642571374774
0.671291230246425 0.123444899916649
0.649800347629935 0.111280041281134
0.649547736626118 0.0999609683640301
0.657989995088428 0.0958343730308115
0.666580151300877 0.0803131093271077
0.642822167370468 0.0272005395963788
0.641385887283832 0.0608115904033184
0.629325798712671 0.0268959323875606
0.605673184618354 0.0176194035448134
0.532650566659868 0.0140570132061839
0.492193035781384 0.0126842656172812
0.395705831702799 0.0187897579744458
0.479396539274603 0.02077696332708
0.526880427263677 0.0302087115123868
0.542238323949277 0.0432828115299344
0.561618972569704 0.033993786200881
0.563121420796961 0.0330177540890872
0.599131946451962 0.0528133222833276
0.599606953095645 0.0532326572574675
0.525874421466142 0.0511731198057532
0.522306671366096 0.0622220137156546
0.550484963692725 0.0746015645563602
0.496942464262247 0.0801409864798188
0.496464578900486 0.0815874636173248
0.550775734242052 0.0950365867465734
0.565176983829588 0.0790839297696948
0.571796872187406 0.0822569360025227
0.574078949168324 0.0977818588726223
0.57128717424348 0.0783459451049566
0.56999284029007 0.0690540899522603
0.603874370921403 0.063964962027967
0.641589647624642 0.063276145607233
0.615848681423813 0.0748570086434484
0.614104332402349 0.0788707728497684
0.615459651686251 0.0881165829487145
0.630922304932028 0.13828760292381
0.627632135059685 0.13716306630522
0.627220001071692 0.129396463278681
0.548577942885458 0.132023339625448
0.517059694044292 0.120163319632411
0.513276465237141 0.118745353538543
0.527798960916698 0.138497489970177
0.539485245477408 0.149285427760333
0.519686627667397 0.158817141782492
0.482543024234474 0.175974727142602
0.452993202488869 0.188376418314874
0.507611148525029 0.179875513073057
0.52586482744664 0.177060955669731
0.55339426221326 0.167770991101861
0.622193564195186 0.155476110987365
0.608607723843306 0.167837382759899
0.576747363433242 0.172213329002261
0.565440520178527 0.193342888262123
0.576855721417814 0.197636025492102
0.624198557343334 0.177971997763962
0.628485613968223 0.179379687644541
0.626711339689791 0.169636407401413
0.64048683969304 0.163741497788578
0.666784894187003 0.154860766138881
0.639003896620125 0.185686506330967
0.646358297672123 0.196414233185351
0.647536185570061 0.199597461614758
0.633672019932419 0.189693676773459
0.62806661427021 0.191297903191298
0.617292370647192 0.228668056428432
0.609839653130621 0.22979666152969
0.616564670577645 0.251543924212456
0.615878496319056 0.25484059099108
0.604510521981865 0.272627263795584
0.594664860516787 0.262963483575732
0.567449864931405 0.303927798289806
0.605283620767295 0.275062306318432
0.610832912381738 0.283690143376589
0.601333966944367 0.295195479411632
0.588158628903329 0.326773729175329
0.595023979432881 0.332567921839654
0.607749953866005 0.349890121724457
0.60561203584075 0.35892120981589
0.642640264704823 0.368798886891454
0.575188250746578 0.385531554929912
0.563919624779373 0.381528000347316
0.577157558407634 0.366336912848055
0.587737487629056 0.35345115326345
0.597149927169085 0.35935325641185
0.590555247385055 0.331452610902488
0.590977491810918 0.333836601581424
0.567218607291579 0.357184023596346
0.551972388289869 0.358634401112795
0.534401756245643 0.367940895725042
0.543044535908848 0.347424293402582
0.525254745967686 0.351743055041879
0.537273586262017 0.314959567971528
0.518399348016828 0.313242211472243
0.539285205304623 0.297853908035904
0.492073569446802 0.314745296258479
0.504654714372009 0.32173465937376
0.516863915603608 0.337388309650123
0.508253422565758 0.344252008013427
0.477375347167253 0.342932671308517
0.424294262193143 0.366806698031723
0.416295311879367 0.368929427117109
0.421124423854053 0.358027444686741
0.426232152618468 0.361910747829825
0.511607690248638 0.300503144506365
0.558101733680815 0.268030300270766
0.573328557889909 0.250423827208579
0.549666331149638 0.254126897081733
0.57346068136394 0.236450844909996
0.579106678720564 0.245513641275465
0.617592412512749 0.209793070331216
0.585648600012064 0.220076722092927
0.561854440718889 0.229179278481752
0.532855495344847 0.243255299981683
0.531883036252111 0.251952819991857
0.540590555407107 0.265342530794442
0.516820715740323 0.27120701270178
0.473455941304564 0.265235697384924
0.478565840050578 0.260907872579992
0.475211487151682 0.246890182606876
0.488986064214259 0.253653973806649
0.475105026271194 0.228903083596379
0.476795789320022 0.223993683233857
0.475782399065793 0.222308430820704
0.514914586674422 0.235214445739985
0.519488463643938 0.215270551852882
0.554685133043677 0.215904681943357
0.517237301450223 0.187279582954943
0.494072330184281 0.183560496661812
0.495531084481627 0.190589379984885
0.479954671114683 0.188709711190313
0.43561948183924 0.193848573137075
0.432378580793738 0.190803320612758
0.444720255676657 0.211654788348824
0.448940207250416 0.195014875847846
0.46289212629199 0.198116437532008
0.484837281052023 0.210249405354261
0.477763292845339 0.220736586954445
0.471385444048792 0.21965271839872
0.469685405027121 0.225831903982908
0.390944959130138 0.193382668774575
0.393461294937879 0.192328731063753
0.40880087018013 0.152129860129207
0.401995355729014 0.14659465989098
0.479110693093389 0.163001501467079
0.450835043098778 0.138626947533339
0.350114215631038 0.14140675868839
0.374480105470866 0.154161525890231
0.363532149232924 0.170404522679746
0.29461129149422 0.141522059682757
0.31422399263829 0.150649279356003
0.362516717519611 0.178529926110059
0.373428762424737 0.210860225372016
0.314454688224941 0.166849343571812
0.287364091258496 0.132553442846984
0.443613712210208 0.124533514492214
0.502401734236628 0.137183329556137
0.513628082815558 0.142450934275985
0.483796583488584 0.122716683894396
0.452748811803758 0.123522357083857
0.497927479445934 0.0928733246400952
0.492758904583752 0.0796047803014517
0.494453150779009 0.0855693188495934
0.472605311311781 0.052521615754813
0.443344336934388 0.0390777252614498
0.388184752780944 0.0429584579542279
0.361879464704543 0.0374886761419475
0.36937519069761 0.042449661064893
0.394139538984746 0.0524771888740361
0.476297586690634 0.0669763353653252
0.448784532025456 0.0697393771260977
0.440656886901706 0.0664886538870633
0.400158945471048 0.0538301006890833
0.397533494979143 0.0638749515637755
0.391883187927306 0.0668219802901149
0.386177270207554 0.0579306990839541
0.336584875825793 0.0295404633507133
0.29057494411245 0.0162288979627192
0.324676787946373 0.0144485612399876
0.335200325585902 0.00993646448478103
0.346485756803304 0.0199250876903534
0.33945784624666 0.00893205031752586
0.431784349959344 0.00358522031456232
0.629102012142539 0.0112404897809029
0.652847715653479 0.0169789581559598
0.679616062436253 0.0267518567852676
0.714863747823983 0.0302474107593298
0.73035732563585 0.0270653776824474
0.74138764757663 0.0250643715262413
0.773898982908577 0.0137237221933901
0.743838529102504 0.0229451525956392
0.689738234505057 0.00543863186612725
0.753628006670624 0.00917155155912042
0.804469524417073 0.00852286024019122
0.736211037728935 0.0389384557493031
0.686430877074599 0.0363394427113235
0.693649506662041 0.0507877264171839
0.697405695449561 0.0541997919790447
0.701498037204146 0.0469768443144858
0.723908606916666 0.0590861863456666
0.688591286540031 0.0571295018307865
0.667251679580659 0.0537196416407824
0.687551548238844 0.0677492241375148
0.67720141960308 0.099267347715795
0.694652304053307 0.100049187894911
0.698677188251168 0.101392742246389
0.743212743196636 0.0495798490010202
0.778901403304189 0.070123337674886
0.804519361816347 0.0573893636465073
0.820130454842001 0.0975808193907142
0.810788499191403 0.131564013194293
0.807579109910876 0.135468984022737
0.797786802519113 0.112853590399027
0.780573177151382 0.0879843635484576
0.782365897670388 0.107481747400016
0.791737378574908 0.141212363727391
0.775792680680752 0.174721047282219
0.76146076573059 0.175712042488158
0.773597725667059 0.132993264123797
0.738662474788725 0.19237541873008
0.762037388514727 0.206855970434844
0.802040718495846 0.145566031336784
0.804682046175003 0.178011586889625
0.839082319289446 0.171935596968979
0.846435509156436 0.16599898179993
0.857006771955639 0.159988632425666
0.858840797562152 0.161320828367025
0.873505529947579 0.132492321077734
0.863350937142968 0.150379341095686
0.862170191947371 0.096918317489326
0.860326444264501 0.0950997900217772
0.84372539119795 0.109902603551745
0.807810390833765 0.136541807092726
0.839068946428597 0.0849004443734884
0.81809466984123 0.0809037708677351
0.833922031335533 0.0495726852677763
0.796927861403674 0.0543710105121136
0.77791311731562 0.0371925365179777
0.817759288474917 0.0338516049087048
0.834409584756941 0.0450740191154182
0.832971895113587 0.0289685665629804
0.850996732711792 0.0680532357655466
0.861601592507213 0.0476011820137501
0.864060231950134 0.0392974829301238
0.85627033514902 0.00863789441064
0.863886909559369 0.0116493627429008
0.865050211548805 0.000890444032847881
0.867801264859736 0.00981008447706699
0.892485070042312 0.0384822934865952
0.888537287246436 0.00413207989186049
0.913484531920403 0.00279939034953713
0.949715510942042 0.0313563500531018
0.935499607119709 0.0321760373190045
0.896305926609784 0.0242681009694934
0.901541811879724 0.0284432377666235
0.900062498170882 0.0258822040632367
0.912480386905372 0.0438330303877592
0.926075290422887 0.0665977043099701
0.929035495501012 0.0433554174378514
0.933452229015529 0.0974136195145547
0.933809309266508 0.131486136931926
0.92117535462603 0.179996455553919
0.932855846825987 0.178319116123021
0.953583179041743 0.0910514052957296
0.974283368326724 0.0195033312775195
0.974592589773238 0.0420003021135926
0.980984187684953 0.0481561603955925
0.974886789452285 0.000242733396589756
0.986511857248843 0.000999806448817253
0.998312673997134 0.075648273807019
0.997596986591816 0.255749768111855
0.999695568345487 0.24285287456587
0.997868494596332 0.407957969233394
0.995379657484591 0.474869273602962
0.996301480103284 0.142196172382683
0.9872021144256 0.0395744158886373
0.985470929648727 0.112619368359447
0.981643539853394 0.246547288727015
0.992067329585552 0.239652062766254
0.995843305718154 0.195801496040076
0.984677071217448 0.397083265241235
0.985965297091752 0.391692925710231
0.993983811233193 0.405821509193629
0.995425915811211 0.412328514270484
0.988850643858314 0.472330899909139
0.989087055437267 0.520345075521618
0.989063116721809 0.547863619402051
0.992875991854817 0.65910277236253
0.998352144379169 0.451961682643741
0.995301528833807 0.708707605022937
0.997031399514526 0.726079704239964
0.998594153672457 0.834391381125897
0.986660291906446 0.902098819613457
0.986819548066705 0.82326004607603
0.983727425802499 0.925672689452767
0.984010598622262 0.899679681751877
0.980624604038894 0.883976181969047
0.983901737257838 0.892368690110743
0.969613329041749 0.845641418360174
0.968202176038176 0.86359672807157
0.978323915973306 0.930571088567376
0.966850706841797 0.929750147275627
0.96529005561024 0.893895378801972
0.94206042168662 0.925605717115104
0.954935596790165 0.87980645801872
0.943180412985384 0.836706088855863
0.930861405096948 0.859601610805839
0.94251642934978 0.840016299858689
0.949406260624528 0.862686448730528
0.92750465683639 0.941851038020104
0.914806607179344 0.921760492026806
0.877522250171751 0.929746713954955
0.892773268744349 0.887412255164236
0.898104222025722 0.892538570333272
0.909261018969119 0.876984303817153
0.909232978243381 0.87162325438112
0.900927530601621 0.877526202239096
0.904176213312894 0.825487862341106
0.913771268445998 0.833288413006812
0.920842680614442 0.867919214535505
0.931608951184899 0.816033076494932
0.933090352453291 0.814184269402176
0.940336253494024 0.816256834194064
0.936202191747725 0.813410520553589
0.947591369971633 0.786593483295292
0.961638371925801 0.785998669918627
0.967391855549067 0.722705527208745
0.957649059128016 0.72634361544624
0.953034534584731 0.748022988904268
0.949676782358438 0.750567577313632
0.928695941809565 0.773973733186722
0.923790073022246 0.745767457410693
0.936672374606133 0.612657489255071
0.94204170582816 0.583592845126987
0.948944162577391 0.61594579089433
0.951009877491742 0.597569238394499
0.957270574755967 0.574901803396642
0.960763222537935 0.598341842647642
0.961127176415175 0.610605776309967
0.957755135372281 0.666264536324888
0.963460334111005 0.711790902540088
0.965103636030108 0.687577969394624
0.965166418347508 0.684921655803919
0.968760415911674 0.708542304113507
0.972647787071764 0.691141257993877
0.975442491471767 0.680799203924835
0.985931453760713 0.813426008913666
0.989790282677859 0.69683344475925
0.987245372030884 0.663515008054674
0.983862805645913 0.641215323936194
0.971756676677614 0.598033411893994
0.980586383491755 0.521059660241008
0.972933270502836 0.514418976381421
0.977882941719145 0.417619053740054
0.979295476339757 0.439408384263515
0.982919278088957 0.439234923571348
0.983879913110286 0.326687527354807
0.975529526360333 0.312261349521577
0.975380204617977 0.274203727487475
0.981748857069761 0.184167874976993
0.977496707811952 0.170207684859633
0.972036824095994 0.132132811006159
0.969303085003048 0.153744727838784
0.964359318371862 0.167253120336682
0.962561296764761 0.078362634871155
0.930615687742829 0.208647069521248
0.9132444197312 0.254872699733824
0.90782406879589 0.289842996746302
0.89928739471361 0.331958449911326
0.881375932134688 0.35261308401823
0.891863048542291 0.289224953390658
0.902055657934397 0.241580674890429
0.8960528280586 0.232247530482709
0.878757453523576 0.233546840492636
0.876751917414367 0.221838101744652
0.911378341726959 0.161048471927643
0.908773699309677 0.149715969804674
0.902267709840089 0.152140406891704
0.909084469545633 0.138247143942863
0.914807072840631 0.141731457784772
0.917944844346493 0.143656350206584
0.921804700512439 0.126218599732965
0.903636186849326 0.0543005974031985
0.905393497552723 0.0893824831582606
0.884018900804222 0.0640043560415506
0.879739169031382 0.0610986729152501
0.89865122269839 0.0873543815687299
0.906256425194442 0.113191334530711
0.908021280076355 0.118466241750866
0.860415697097778 0.182432005181909
0.866947240196168 0.196598901879042
0.886456731241196 0.179614362772554
0.877085341140628 0.209114406723529
0.846580789424479 0.233415049035102
0.845336191356182 0.247622576076537
0.876314510125667 0.245168012101203
0.862415806856006 0.298218770883977
0.86470241099596 0.262242798693478
0.860876314342022 0.270918569527566
0.85879822075367 0.269279391504824
0.853584127034992 0.279651122167706
0.844084513373673 0.308310456573963
0.846001038793474 0.328125926665962
0.822602999862283 0.283516511321068
0.812693216837943 0.283969006035477
0.806031975895166 0.29426449444145
0.826153015717864 0.325046042446047
0.804399298503995 0.351430851500481
0.790253351908177 0.383245196193457
0.801403918769211 0.376227405387908
0.802445000037551 0.377663761842996
0.802023233380169 0.401294118724763
0.782864838838577 0.421599525492638
0.790365084540099 0.438943429384381
0.807173216715455 0.43930204026401
0.803987225051969 0.415454278700054
0.812000380828977 0.424227023497224
0.807084247935563 0.374142041429877
0.823685593437403 0.365351537242532
0.845643317326903 0.340911843813956
0.852702029515058 0.318009285721928
0.881095055956393 0.289285316132009
0.845954296644777 0.363713838625699
0.868222156539559 0.383602901827544
0.847918781451881 0.37681964924559
0.839574101381004 0.3789026979357
0.831730750855058 0.372371787205338
0.831552086398005 0.402599265333265
0.815395734738559 0.445874866098166
0.791354576591402 0.448997237253934
0.778600237797946 0.460019567515701
0.819092498160899 0.461364928167313
0.837077680043876 0.433275189716369
0.825724319554865 0.463377375621349
0.836631359066814 0.470848130527884
0.849377602338791 0.473557074554265
0.847169197630137 0.482679591048509
0.829402289353311 0.497081258799881
0.834736550226808 0.480550929438323
0.815177041105926 0.476878587156534
0.823625687975436 0.543437446001917
0.792227942496538 0.574712296482176
0.792901629116386 0.573837813455611
0.79931321227923 0.563072271179408
0.803986414801329 0.532646419014782
0.788135943934321 0.561540534254164
0.791185948066413 0.50539566623047
0.774501853156835 0.518658666871488
0.770676929503679 0.507378285285085
0.759539805818349 0.528364787343889
0.735628578811884 0.522834446746856
0.722642082255334 0.519574084784836
0.737537099514157 0.502065487671643
0.753420568536967 0.489990632515401
0.757101710885763 0.481448089703918
0.763825992587954 0.481611142400652
0.767389093991369 0.472068696748465
0.772013195324689 0.484608361963183
0.758412416558713 0.424906486645341
0.787115799728781 0.41491912631318
0.770970416720957 0.400987099856138
0.753839841112494 0.42046984564513
0.711582674644887 0.4321442800574
0.778677674476057 0.383440937846899
0.783799010328948 0.344948139507324
0.767984441947192 0.36904622707516
0.74257477466017 0.388436545617878
0.722867460921407 0.40820844983682
0.762788950931281 0.333095692098141
0.764700002036989 0.318551484495401
0.781202386599034 0.32565468782559
0.785672964528203 0.327488218434155
0.781379588413984 0.31005372107029
0.776357486844063 0.310923309531063
0.770891443360597 0.304972200654447
0.749134258367121 0.297795358579606
0.753594838548452 0.342508652247488
0.704288352746516 0.436594041064382
0.695775125175714 0.452015477698296
0.677366483490914 0.472949045244604
0.673401344567537 0.470002648420632
0.672657628078014 0.475860487669706
0.679591614753008 0.488698435015976
