64
0.45373811153695 0.429475042503327
0.425854485947639 0.460401576478034
0.422887779772282 0.470655149314553
0.307243509683758 0.674783521797508
0.464109748601913 0.646859116852283
0.489056523889303 0.695374065078795
0.488066299352795 0.728972729295492
0.447022123262286 0.747523958329111
0.509067033883184 0.877768467180431
0.652279046364129 0.86200986104086
0.775180816184729 0.774242629297078
0.77617539698258 0.726565600372851
0.787605572957546 0.644856000319123
0.857503543607891 0.741532565094531
0.706760750152171 0.920927186496556
0.71873868489638 0.864843052346259
0.595725767780095 0.921986680477858
0.196559304371476 0.99353256681934
0.20024078246206 0.962805145885795
0.318519999738783 0.918347215279937
0.343412757385522 0.755933539010584
0.285186105407774 0.727513714227825
0.199836993589997 0.801957943476737
0.00657346332445741 0.989610284566879
0.238840116653591 0.679543394129723
0.2468665051274 0.67983107548207
0.300120487809181 0.598824319429696
0.133242094889283 0.778995369095355
0.0552515089511871 0.911165575031191
0.00877502933144569 0.748308552894741
0.00605052663013339 0.37723927013576
0.0127277499996126 0.251810813322663
0.206232175696641 0.640629152301699
0.51272951066494 0.201927298214287
0.423099275678396 0.0565530592575669
0.202004711143672 0.0619047498330474
0.592231771443039 0.0115900007076561
0.668129947036505 0.0158345219679177
0.908211534842849 0.038717573042959
0.951384784188122 0.0385384261608124
0.973070324864239 0.0856462763622403
0.944588934071362 0.304525666870177
0.904698141850531 0.576409495435655
0.817712942138314 0.229439673945308
0.910919674206525 0.214894879609346
0.908983068540692 0.0414536301977932
0.686599035747349 0.109194990713149
0.54129178263247 0.0459698834456503
0.579158375039697 0.108961730729789
0.620806698687375 0.18878125352785
0.63880547368899 0.243567428551614
0.662055771797895 0.257256220560521
0.694197323173285 0.381645645480603
0.81278105545789 0.367476713843644
0.790883706416935 0.45207111723721
0.785525788553059 0.603180391713977
0.689841250889003 0.597351843491197
0.613151605241001 0.543653539847583
0.557599542662501 0.668629235122353
0.524776900187135 0.436318254563957
0.562615832779557 0.337827132549137
0.549481902271509 0.249214868992567
0.498940002638847 0.408698682673275
0.441065043210983 0.525457260664552
