64
0.961694464087486 0.649996879510581
0.983982889447361 0.65861066011712
0.967926512472332 0.770619729533792
0.970339769497514 0.830693630967289
0.784110684879124 0.838709025643766
0.811039010528475 0.780162014532834
0.714037274941802 0.788484304212034
0.57941510528326 0.929576494731009
0.482430969364941 0.986366092693061
0.479832815006375 0.95360713917762
0.442003789357841 0.714644741266966
0.334750250913203 0.953932412434369
0.167295571882278 0.968897816725075
0.386479439679533 0.698020164389163
0.403729107230902 0.687287312466651
0.406729616690427 0.517298692371696
0.281334300059825 0.389219441451132
0.293347380589694 0.384879097342491
0.45582907833159 0.329545880202204
0.522287528496236 0.31058241147548
0.570361966267228 0.295776169747114
0.6153329978697 0.278088491875678
0.559596552979201 0.269338147714734
0.653499695472419 0.229147983249277
0.620044989977032 0.279427868314087
0.650701769161969 0.445476512424648
0.536150140222162 0.35226696357131
0.39411391178146 0.368424081243575
0.403624951373786 0.455092478077859
0.468639893922955 0.530921719502658
0.483929196838289 0.623567092232406
0.446370664052665 0.646428192034364
0.513068737927824 0.632148583885282
0.704019942786545 0.753243372309953
0.760508088860661 0.740442344918847
0.733188007492572 0.617120052687824
0.583937003742903 0.470994951203465
0.689223643392324 0.482412816490978
0.724552141968161 0.477940666954964
0.675731179770082 0.316239254549146
0.795849435962737 0.34396856604144
0.78663684008643 0.425216095056385
0.883183633908629 0.410776797682047
0.888489269185811 0.268832693807781
0.942204361781478 0.211000121198595
0.969387016259134 0.0771837364882231
0.65708271600306 0.193192036356777
0.595667123328894 0.168282172176987
0.517580402549356 0.230254666879773
0.507236475124955 0.242061077151448
0.18449489120394 0.402079794090241
0.0838267551735044 0.966326169669628
0.116925346199423 0.5152628403157
0.0482115801423788 0.394891243427992
0.271364064887166 0.354405952151865
0.422340019606054 0.280226451344788
0.134689082857221 0.294968207366765
0.00886238645762205 0.302676763385534
0.447094964329153 0.00160034233704209
0.91261430317536 0.0624879244714975
0.99116213619709 0.0167326303198934
0.970697012264282 0.299093743320554
0.865886194631457 0.674359712284058
0.985490334220231 0.44740177039057
