512
0.595205219462514 0.376890033483505
0.61016150098294 0.312911229208112
0.598108851350844 0.262965049128979
0.575421698391438 0.251947289798409
0.583553195465356 0.244671053253114
0.599490691442043 0.186620665714145
0.483533462509513 0.171790035907179
0.468654616735876 0.118004777468741
0.50412389356643 0.116167435888201
0.519982774741948 0.116077876184136
0.740448424592614 0.214004854205996
0.7474355828017 0.203934034332633
0.703065725509077 0.179369335528463
0.550915936008096 0.105611278209835
0.5103225922212 0.109910540282726
0.479316414799541 0.0909087546169758
0.483022131957114 0.0905613424256444
0.424517548643053 0.0880391993559897
0.403894002083689 0.0534264738671482
0.401998534332961 0.114850203040987
0.394321653526276 0.107942117843777
0.339742102660239 0.0114842373877764
0.328741357196122 0.0145158478990197
0.311940031591803 0.06785151315853
0.293473663274199 0.0947000295855105
0.3582643866539 0.0544839547947049
0.362298300024122 0.113905313890427
0.335668559186161 0.10332682961598
0.314560538623482 0.107043395284563
0.41778364405036 0.139765647705644
0.424276338424534 0.157748894765973
0.468366178218275 0.177432861179113
0.577111219055951 0.203403654042631
0.514379025436938 0.200077307410538
0.532573277130723 0.230502407066524
0.514559625647962 0.257092690560967
0.553625652566552 0.255058174952865
0.604956948198378 0.292408743873239
0.555602515116334 0.348572060465813
0.493561453185976 0.228576423600316
0.485818791203201 0.227349950466305
0.354586314409971 0.17007120558992
0.230696818325669 0.112528221681714
0.208175912033767 0.0944364252500236
0.239631340373307 0.175935277715325
0.253019324503839 0.213493048679084
0.254617486614734 0.231099681928754
0.287767534144223 0.23213901463896
0.277493191882968 0.1973493588157
0.295510148163885 0.226936856750399
0.362399523146451 0.275195884518325
0.335533285047859 0.258436965290457
0.369506955612451 0.310169498901814
0.394403668586165 0.398448417428881
0.404906460549682 0.398295345250517
0.418033853173256 0.379701131954789
0.402705124113709 0.320434231311083
0.449309006333351 0.337288304232061
0.434631953947246 0.395585365127772
0.440941710956395 0.41938264016062
0.47221093531698 0.405306626111269
0.476345899049193 0.452829814516008
0.535250916145742 0.417595974635333
0.511833443306386 0.387076185084879
0.508183243684471 0.346574016846716
0.479614457115531 0.317347855307162
0.409398403950036 0.295434379950166
0.351661250926554 0.224100281018764
0.324066440109164 0.172967021353543
0.38096982659772 0.209273460321128
0.428194002248347 0.281592261977494
0.498300182167441 0.285666481591761
0.582891866564751 0.455488068051636
0.600992014165968 0.427750438917428
0.630259084980935 0.3898059357889
0.64485958404839 0.368988283909857
0.64482050947845 0.420694816391915
0.731147517450154 0.323525833431631
0.737410021945834 0.357873918954283
0.70244470750913 0.427944393828511
0.651668284554034 0.45033903233707
0.671435365453362 0.446598988492042
0.68062961101532 0.474078889004886
0.750855384394526 0.424736174289137
0.784282450098544 0.445024149492383
0.707410518079996 0.496741141658276
0.625362787861377 0.531843190081418
0.670284610707313 0.549985606223345
0.701631024945527 0.52455688547343
0.732695787679404 0.536303734406829
0.81919382000342 0.438073431607336
0.766508278436959 0.42373176664114
0.777590425219387 0.356710194610059
0.76211398653686 0.333157601300627
0.807382568251342 0.355996812228113
0.795597381424159 0.336405985057354
0.759110360872 0.28161677159369
0.797090835869312 0.268321805633605
0.809147486463189 0.270359775051475
0.844437033403665 0.347649607807398
0.855576821602881 0.263703939504921
0.868464382831007 0.344494403805584
0.860354133881629 0.160955752711743
0.825483341701329 0.0978189902380109
0.860520791262388 0.112464129459113
0.859472547657788 0.109949523117393
0.91991601139307 0.0744133708067238
0.830652845557779 0.0477616782300174
0.839023523032665 0.0849725874140859
0.811422135215253 0.0646882797591388
0.811740138102323 0.0667634680867195
0.829255518503487 0.164067194331437
0.820045315194875 0.172907561529428
0.784155975095928 0.117640187032521
0.780949111096561 0.105396379251033
0.780357801821083 0.0869349492713809
0.721899070311338 0.105703155975789
0.755589162930846 0.0245332792401314
0.946987908799201 0.00723504554480314
0.962817629333586 0.0386395291425288
0.999568989500403 0.119280403945595
0.999088217504323 0.356332609895617
0.998669784981757 0.380952548701316
0.998150165192783 0.421862978022546
0.99407346919179 0.175544721540064
0.917539368383586 0.15583982784301
0.922431115526706 0.231960642617196
0.964342041872442 0.191362726967782
0.967443956527859 0.242264097090811
0.944410931318998 0.237862818408757
0.914288710337132 0.275041249580681
0.909208931028843 0.283305458258837
0.909600597340614 0.287923215422779
0.888991059735417 0.458969079423696
0.88415236864239 0.430206816643476
0.83209365606308 0.42171440506354
0.849663588218391 0.476484949234873
0.839452964719385 0.530686446465552
0.810703269205987 0.535635692998767
0.798548523336649 0.54825344029814
0.788885904476047 0.56090760556981
0.804019573144615 0.600378361996263
0.827849737834185 0.559553673025221
0.850830524228513 0.5923539721407
0.834354806691408 0.598110685124993
0.80765502108261 0.699529570061713
0.830599939450622 0.7313426095061
0.84031846979633 0.753227654378861
0.844671454280615 0.791449180338532
0.876911289989948 0.645275040064007
0.888984463643283 0.560893452260643
0.881045255344361 0.513008509296924
0.923055401071906 0.532283870503306
0.928196845110506 0.589586384128779
0.90605237474665 0.575319583527744
0.926990342792124 0.667966020293534
0.955660103354603 0.677581448107958
0.926930747926235 0.541736986953765
0.911249472759664 0.429551646113396
0.975095477886498 0.338153809309006
0.975400172639638 0.276184104382992
0.99215347180143 0.273826772812754
0.990846822969615 0.469936095178127
0.973843945655972 0.622082602232695
0.99294428806752 0.705500533804297
0.986091436352581 0.871610685251653
0.970586562994868 0.876501242630184
0.963277326431125 0.870584882330149
0.963133166544139 0.761629196349531
0.958345983177423 0.738634905777872
0.979062447324395 0.539465591777116
0.973925242200494 0.521565885748714
0.966053482145071 0.458156474400312
0.959851283114403 0.695756989065558
0.948434023652226 0.720513380598277
0.951949920505285 0.786179647780955
0.934735614340752 0.971157810650766
0.897111982107162 0.785039245616645
0.892667439300567 0.878160579130054
0.889469243586063 0.844643354881555
0.87144562555477 0.914051676169038
0.866019123233855 0.929330808576196
0.836368776857853 0.929946845863014
0.855523607227951 0.810200247447938
0.848671840038151 0.812997028231621
0.820805965457112 0.913798061665148
0.778903666883707 0.944467985071242
0.720290268305689 0.8625682676211
0.761561810504645 0.881609339732677
0.774107287172228 0.877641786355525
0.78796518035233 0.841249545570463
0.768999099731445 0.831938062794507
0.715409399010241 0.789163959212601
0.745815404690802 0.729557943064719
0.673912122379988 0.695513417478651
0.633376927115023 0.687146046664566
0.584500660654157 0.699352715630084
0.572812003083527 0.679771434981376
0.533531351946294 0.673403631430119
0.541134095285088 0.666617428418249
0.620401544962078 0.634522004052997
0.64435262652114 0.658734816592187
0.694575735367835 0.645269169937819
0.710649551358074 0.648220489732921
0.71822425769642 0.652812507003546
0.719180955551565 0.711777624674141
0.788766290992498 0.661955704446882
0.758638771250844 0.692166138440371
0.802381605375558 0.705168240237981
0.797036909963936 0.655831733252853
0.762167397420853 0.655768762808293
0.730390825774521 0.600739011075348
0.735570740420371 0.590439544524997
0.738030205946416 0.539627010468394
0.663424340542406 0.552187022287399
0.663513924460858 0.579879831522703
0.572318563703448 0.567058588843793
0.59445006493479 0.558200087398291
0.616053774487227 0.501308255363256
0.594341332558542 0.490816281642765
0.593814951833338 0.488864558748901
0.61969843506813 0.4627933986485
0.640913866925985 0.438387714326382
0.586070647463202 0.487961259670556
0.574203759431839 0.502164660487324
0.547266240231693 0.490385343786329
0.520697109401226 0.523315895348787
0.540947865694761 0.548566818237305
0.481106013525277 0.58785875281319
0.481694079004228 0.591244808398187
0.479357022792101 0.604458432178944
0.472497852519155 0.59792520897463
0.478109633550048 0.544496655464172
0.474803715478629 0.53995949588716
0.47187674138695 0.536578729283065
0.475442789960653 0.522926524281502
0.432453686371446 0.495651034172624
0.409652854781598 0.50509534869343
0.449072272516787 0.448693369980901
0.358140225987881 0.531825954094529
0.370319951791316 0.544117922894657
0.321526555810124 0.552687363233417
0.320480221416801 0.618762867990881
0.409706790465862 0.540093444287777
0.35766507871449 0.602466677315533
0.289585166610777 0.66080512246117
0.362197275273502 0.618277869187295
0.395296761766076 0.613784576300532
0.397784207481891 0.641793424729258
0.394171486608684 0.668462432920933
0.316017142497003 0.669605500530452
0.232957304921001 0.692251591477543
0.368697703350335 0.684225399978459
0.423441985622048 0.696490740403533
0.411163466516882 0.652514200657606
0.487344960216433 0.684521811082959
0.48450142564252 0.654109309893101
0.463253098074347 0.641787033062428
0.501235464587808 0.603635574225336
0.507534854114056 0.667871608398855
0.52040938520804 0.718187370803207
0.506370476447046 0.717180300038308
0.455785148311406 0.774271155707538
0.459911531303078 0.791960410308093
0.40341172600165 0.829289961140603
0.435556998942047 0.73637959593907
0.441705115605146 0.711270552594215
0.437173595651984 0.706261685118079
0.402033859398216 0.71544044604525
0.375062469858676 0.741018348373473
0.37124548247084 0.762276615016162
0.332352279219776 0.718370894435793
0.328284087125212 0.762035404797643
0.269357984419912 0.770997554063797
0.330450729466975 0.768136529251933
0.351516735274345 0.867849682923406
0.347045625559986 0.885749982204288
0.427849921397865 0.839419528376311
0.468435616232455 0.824491175357252
0.524312020279467 0.785990147851408
0.511252131313086 0.802372805774212
0.504135027062148 0.811540491413325
0.5751743176952 0.764781412202865
0.552077503409237 0.793611121363938
0.562098747584969 0.8057083315216
0.586777579970658 0.798299224115908
0.61934000486508 0.734167221933603
0.66679666750133 0.740200537256896
0.686915864236653 0.75455906894058
0.652487718034536 0.880480158142745
0.714016797952354 0.862179657444358
0.686215855181217 0.943544072564691
0.918764426838607 0.979994261171669
0.749465575907379 0.989725114312023
0.640721755102277 0.999860949348658
0.716412163805217 0.9790357244201
0.677452028729022 0.959496517200023
0.684622853063047 0.915963943582028
0.656743515748531 0.944756016135216
0.624522631522268 0.93287190888077
0.613150777295232 0.912657262291759
0.639004400465637 0.885122401639819
0.618164383340627 0.893621887080371
0.559684427455068 0.822174794971943
0.496748255565763 0.839430459775031
0.567868806887418 0.854889201465994
0.53672364121303 0.879478286486119
0.510623402427882 0.869060214143246
0.509502150584012 0.902769918553531
0.523755142930895 0.915867888368666
0.543784093577415 0.892538886982948
0.586708279326558 0.891582514625043
0.581600459292531 0.911463937256485
0.574943263549358 0.942569512873888
0.523106741253287 0.95269344560802
0.469028004910797 0.983054581098258
0.467341550160199 0.952194387093186
0.43274743296206 0.955440890975296
0.421385675203055 0.958057933952659
0.386430657003075 0.995425565168262
0.325536107178777 0.996959616430104
0.146568283438683 0.993877416010946
0.208828096278012 0.993343949783593
0.150675365701318 0.991048812866211
0.135091111529619 0.987017757259309
0.25749451899901 0.960823228117079
0.27997924387455 0.971089849248528
0.298103684093803 0.984241602011025
0.320229792501777 0.988642036449164
0.391066973563284 0.917248510755599
0.446984770242125 0.916010336019099
0.398823821917176 0.893179323524237
0.332651535980403 0.915871443226933
0.151421317830682 0.974795955698937
0.0947072822600603 0.995493272785097
0.0917839691974223 0.980861448217183
0.122532548382878 0.936792463995516
0.0486692963168025 0.980880721937865
0.0210049725137651 0.952630332205445
0.0261399201117456 0.888934296555817
0.0228896979242563 0.875404480844736
0.0288728014566004 0.841586170718074
0.0554838483221829 0.762521475087851
0.0353173590265214 0.877690199296921
0.0489302705973387 0.951745751313865
0.0976344482041895 0.896744993980974
0.165351884439588 0.781673423480242
0.180300702806562 0.771757730748504
0.119492574594915 0.883450662717223
0.14731520973146 0.87280234741047
0.175793631002307 0.913857700303197
0.174404567107558 0.922844894230366
0.119368066545576 0.977800296153873
0.158408470451832 0.957106995861977
0.218637176789343 0.906299212481827
0.193736320361495 0.937956040259451
0.204577658325434 0.933249515015632
0.301088626030833 0.919346710667014
0.327584315557033 0.912634040229023
0.28434906154871 0.85029369732365
0.313045675866306 0.851503275334835
0.315543038304895 0.819654455874115
0.287493711337447 0.827353761065751
0.169826478231698 0.734419773798436
0.159190099220723 0.726312553975731
0.147296028211713 0.731690962333232
0.0806152494624257 0.881580795627087
0.119272348005325 0.683361205738038
0.125078720506281 0.706247565336525
0.142913164570928 0.727222221437842
0.147914317902178 0.726600259076804
0.145743740256876 0.693177947308868
0.175685476511717 0.697575285565108
0.241585796233267 0.622687753289938
0.238438445609063 0.593254533596337
0.271219959016889 0.575443149544299
0.296473077498376 0.538849787320942
0.340015170164406 0.525688329711556
0.344906214158982 0.503730495925993
0.356415286194533 0.44175819074735
0.405240268446505 0.452845595777035
0.343860190827399 0.436066057067364
0.3508773855865 0.394020224455744
0.374027396086603 0.368341486901045
0.33775906637311 0.270101026631892
0.335178761743009 0.267967063002288
0.34885374782607 0.351237488910556
0.322364687453955 0.349528985563666
0.283394330646843 0.36138108978048
0.130005138926208 0.438645431306213
0.180326454807073 0.447693355381489
0.233323290012777 0.403383102267981
0.267966514918953 0.385666831862181
0.191115156281739 0.473449266981333
0.111617301125079 0.472942342981696
0.0979390135034919 0.493868114892393
0.148680062498897 0.502652740571648
0.112196856178343 0.585447365418077
0.172620405443013 0.533922289032489
0.179251772817224 0.563943415880203
0.164983797818422 0.581508229952306
0.245241868775338 0.559569571167231
0.208989440463483 0.608010495547205
0.186026018112898 0.580851049628109
0.148677479941398 0.591871234588325
0.129589076153934 0.592806744389236
0.116222083568573 0.622738818172365
0.106887318659574 0.670892131980509
0.0668462477624416 0.673360711894929
0.00982218468561769 0.714373666793108
0.0066945175640285 0.702920401934534
0.094253514893353 0.596844218671322
0.108727619051933 0.581451348494738
0.0878804507665336 0.533920701127499
0.0674788830801845 0.466218404471874
0.0535218683071434 0.456616287585348
0.0382173121906817 0.499975898303092
0.0435036448761821 0.523894193116575
0.0727960932999849 0.549299237318337
0.0605442398227751 0.5911427391693
0.0309097259305418 0.644516801927239
0.0141571070998907 0.656802418176085
0.00138456746935844 0.562601825688034
0.0192658249288797 0.422729160636663
0.015365737490356 0.391324924305081
0.0705288923345506 0.389210935216397
0.0923838946036994 0.372019460424781
0.118242578115314 0.405543202999979
0.0975582175888121 0.441000515129417
0.109759485349059 0.434268685523421
0.232457570265979 0.373757486697286
0.268089511431754 0.321030596271157
0.25750051997602 0.319568438921124
0.233038233127445 0.273489386308938
0.293607918545604 0.249577915295959
0.239904109854251 0.263234254904091
0.251856063958257 0.240713417995721
0.184668209403753 0.244067506399006
0.169916682876647 0.222531631588936
0.204047158826143 0.195124411024153
0.229443832766265 0.183207558467984
0.177557346411049 0.0931418095715344
0.131303258705884 0.0880343918688595
0.166298415046185 0.153095718473196
0.170586488675326 0.1728526330553
0.141208196990192 0.173750165849924
0.184118957258761 0.282825682777911
0.214995027519763 0.337126764468849
0.189744525589049 0.363661072682589
0.134201643522829 0.384490744676441
0.0966707793995738 0.364204319659621
0.130896014627069 0.298222874756902
0.161494669970125 0.319145447574556
0.175347603391856 0.310026089660823
0.0889055677689612 0.154256985988468
0.059523734729737 0.162781237158924
0.0608835238963366 0.224013322964311
0.062888212967664 0.292250010650605
0.013048788998276 0.25870352005586
0.034796386025846 0.320292791351676
0.00798491993919015 0.321117130108178
0.00882584461942315 0.25897146994248
0.0198337039910257 0.138880935031921
0.0282134604640305 0.157478477340192
0.029488739091903 0.0930553460493684
0.0619376422837377 0.11440539220348
0.0557649563997984 0.0492141642607749
0.090390354860574 0.0829837759956717
0.177414432633668 0.0513274827972054
0.127126931678504 0.0537575427442789
0.113792100921273 0.0448164166882634
0.116262967232615 0.0300235943868756
0.152356420643628 0.0481962659396231
0.216916770208627 0.0440014703199267
0.283914100844413 0.0235127657651901
0.147440971806645 0.025460253469646
0.168410995509475 0.00404812302440405
0.174610743764788 0.000101041980087757
0.710933719296008 0.00805780244991183
0.708548709750175 0.0359585727564991
0.637461426202208 0.0463306712917984
0.609027185011655 0.0368987815454602
0.627045006956905 0.0161824091337621
0.427878611721098 0.00402848515659571
0.370130766183138 0.0322852758690715
0.462348833214492 0.0407115914858878
0.473678196314722 0.0261133024469018
0.530171934515238 0.0216648732312024
0.581478480715305 0.044232074636966
0.541333171073347 0.0594986933283508
0.612590089440346 0.0545374304056168
0.617155886255205 0.0897759580984712
0.689848541747779 0.161735624540597
0.750332239549607 0.176512451376766
0.766401747707278 0.211885015945882
0.795756255276501 0.19623335916549
0.832548977807164 0.20632458338514
0.807489025406539 0.237166679929942
0.793755175545812 0.241749371401966
0.781430134549737 0.214820554014295
0.779346497263759 0.246372092049569
0.745871834922582 0.293501544743776
0.729284475091845 0.238817123230547
0.690281491726637 0.241535087116063
0.659741764422506 0.225358493160456
0.60431651212275 0.176245872862637
0.62108112545684 0.205432532820851
0.657601999118924 0.281745512504131
0.692267180420458 0.288613714743406
0.714898116420954 0.289166069123894
0.700741006061435 0.320561295375228
0.668849723413587 0.315586132463068
