128
0.0760276401415467 0.660063099116087
0.259436533786356 0.684093205723912
0.136421087197959 0.701984976418316
0.131137562450022 0.73632080340758
0.19364616740495 0.734705743845552
0.162140055093914 0.799949308857322
0.220714805647731 0.786898943595588
0.225588453933597 0.792947109322995
0.25939208548516 0.707001410890371
0.280388792045414 0.765678914729506
0.232517865020782 0.85193846328184
0.343504181131721 0.726934682112187
0.395358384586871 0.683904370758682
0.453010208439082 0.621204328723252
0.508338809013367 0.524730789475143
0.456632575485855 0.564126589801162
0.313659663312137 0.726498653646559
0.323504819069058 0.572170055471361
0.322675660252571 0.557407109066844
0.303642120212317 0.398329123388976
0.366549854166806 0.48024668963626
0.387011164333671 0.522370140068233
0.387016437016428 0.467075381428003
0.441629018168896 0.485299890395254
0.577884129714221 0.345647282432765
0.502874805126339 0.348563933279365
0.447151731234044 0.434779682662338
0.366017835680395 0.421595001593232
0.337387438863516 0.371299499180168
0.42028048960492 0.378899517934769
0.455559670459479 0.321198220830411
0.400835403706878 0.279702629428357
0.224775662180036 0.211860845331103
0.00753855751827359 0.2086022188887
0.119159847032279 0.188098694197834
0.0075406190007925 0.195580669678748
0.0621059783734381 0.176929946057498
0.0593763450160623 0.168437037151307
0.0794112854637206 0.178143536671996
0.143574468791485 0.174828395713121
0.0835457257926464 0.0592205976136029
0.0111091691069305 0.0763449803926051
0.0644431072287261 0.0451684296131134
0.20849394518882 0.056116605643183
0.352267694659531 0.135205082595348
0.368959783576429 0.0907917013391852
0.391392104327679 0.0846762000583112
0.399959539528936 0.0218887245282531
0.547343217767775 0.12657900666818
0.312474032398313 0.211008188314736
0.457846166100353 0.280331744346768
0.573628881946206 0.213577221147716
0.626806509681046 0.0883289910852909
0.618417624849826 0.0645407801494002
0.504470500629395 0.0858904030174017
0.74364257324487 0.00970661733299494
0.814610372763127 0.0415291180834174
0.940149124246091 0.0862181098200381
0.834406480193138 0.0684355283156037
0.781489233486354 0.0355076910927892
0.829872419591993 0.0926777166314423
0.978939978405833 0.226249876432121
0.916105565149337 0.209262562915683
0.952468759845942 0.238859673496336
0.922348205931485 0.245224134996533
0.710702416021377 0.0930650848895311
0.783987336326391 0.259247770532966
0.809303022921085 0.301616094075143
0.830891191028059 0.336386054754257
0.857449308037758 0.333765996620059
0.915957237128168 0.3563112183474
0.928283443674445 0.405087818391621
0.928706608247012 0.369026229251176
0.979423139709979 0.452327881474048
0.935100872535259 0.756754686124623
0.910126842558384 0.533741424791515
0.77645677793771 0.76231442252174
0.851569317746907 0.767079132609069
0.921461352147162 0.698804983869195
0.943188071716577 0.91447874205187
0.976131346076727 0.962700524833053
0.733133036177605 0.995975802652538
0.69249772047624 0.85656222468242
0.630360352341086 0.916139160748571
0.412191428709775 0.952877492178231
0.458350128494203 0.793421775568277
0.476444489788264 0.840021372772753
0.715716416016221 0.586732641328126
0.546569593250751 0.826005813200027
0.739846698008478 0.659599810373038
0.821967528667301 0.592199648264796
0.821981615852565 0.607413628138602
0.862125676590949 0.601446518674493
0.84445833414793 0.462941382080317
0.742144973948598 0.454692350234836
0.870076895691454 0.447658572345972
0.949239941313863 0.594064055010676
0.945861084386706 0.459096747450531
0.84371087141335 0.397995290346444
0.701312554068863 0.243627034593374
0.629257827531546 0.250483782961965
0.684949988499284 0.372149417642504
0.643156762700528 0.36346418177709
0.599873009137809 0.350988923572004
0.681495861150324 0.43404333293438
0.677524343132973 0.443051461130381
0.657126685604453 0.474937830585986
0.588162080850452 0.571643420495093
0.447564877104014 0.63858245452866
0.363760941661894 0.712859132792801
0.457549721002579 0.665935018565506
0.426147839985788 0.78485929267481
0.313667323905975 0.948340643197298
0.143896797671914 0.991191667038947
0.0445165797136724 0.972032927442342
0.000369145069271326 0.659068706911057
0.0548249422572553 0.625333012081683
0.134649927262217 0.411644039675593
0.0775790582410991 0.387187846004963
0.0557324471883476 0.301518947351724
0.164781641215086 0.296224735677242
0.23455751594156 0.312843177933246
0.248138601426035 0.343935509212315
0.360916846431792 0.318251696415246
0.195014534983784 0.431078189983964
0.157576843630522 0.381749697960913
0.138504384551197 0.508674198295921
0.152869771700352 0.620829258579761
