512
0.900163932237774 0.5184600292705
0.869563547428697 0.411864680703729
0.840963979717344 0.385769270826131
0.883074623066932 0.335022543091327
0.884587442502379 0.373085063416511
0.897259026300162 0.371569632552564
0.907233359757811 0.459026003722101
0.913887705653906 0.409517191816121
0.92167785577476 0.332364225294441
0.924781042616814 0.328967729583383
0.906043111812323 0.304508174303919
0.887313784100115 0.321180895436555
0.833890608511865 0.285363434813917
0.893235709518194 0.212704092729837
0.893940571695566 0.212262518238276
0.898544848430902 0.205901929177344
0.791502527426928 0.222663376480341
0.734263709746301 0.230082058813423
0.864331420511007 0.201512863859534
0.711576770059764 0.200149073731154
0.685617500450462 0.195024415850639
0.67029270529747 0.157734393607825
0.64452204387635 0.10385003592819
0.704334030859172 0.167608305811882
0.731898586731404 0.183785838540643
0.725715854670852 0.122482128906995
0.816122408024967 0.115861634723842
0.809735737740993 0.0650309240445495
0.736793321091682 0.0317758568562567
0.769238563254476 0.0491996766068041
0.78613579692319 0.0776902628131211
0.795452342834324 0.0999746788293123
0.699001817964017 0.0417745225131512
0.716936106793582 0.148953421972692
0.692560902796686 0.154718590900302
0.613383288495243 0.0473534949123859
0.611154129728675 0.124617133289576
0.603430913295597 0.109935261774808
0.585897095035762 0.0774503033608198
0.561503229662776 0.0445373947732151
0.586612483020872 0.02735340828076
0.501408095937222 0.0218542055226862
0.482364832423627 0.0216263858601451
0.414869986008853 0.0411932580173016
0.428722324315459 0.0240184091962874
0.437217080499977 0.00973813887685537
0.590358733665198 0.0113259465433657
0.625521177425981 0.00976759707555175
0.670436057727784 0.112192424945533
0.695175570435822 0.0886469753459096
0.694404188077897 0.0662767998874187
0.684018437750638 0.0606182846240699
0.645430104807019 0.0288333958014846
0.651232559699565 0.000991056673228741
0.740362304262817 0.00762876635417342
0.710337009746581 0.00650326302275062
0.739774655550718 0.0289437347091734
0.904228392522782 0.0171512542292476
0.962888660375029 0.00440174015238881
0.907128437422216 0.0503654242493212
0.931291967630386 0.101732291281223
0.959894840605557 0.180525944568217
0.944382040761411 0.189030160661787
0.959743835031986 0.191746863536537
0.93755024112761 0.235122981481254
0.932669671718031 0.232828702311963
0.899713992141187 0.254812255036086
0.938660122454166 0.304908358026296
0.962291433941573 0.290669265203178
0.976105934474617 0.328769205138087
0.969183523673564 0.0331640779040754
0.983432990498841 0.183087691664696
0.997641635593027 0.0965513181872666
0.995986432302743 0.717965733725578
0.979439510032535 0.889077508822083
0.985338617116213 0.767837275285274
0.984613945707679 0.632447575684637
0.982825791928917 0.685406788252294
0.979234630707651 0.849987434223294
0.9646354066208 0.959645973518491
0.981125188060105 0.480367016047239
0.979585982393473 0.423845096956939
0.988213049247861 0.266492000315338
0.986903002485633 0.248086324427277
0.963281778618693 0.600728767924011
0.969299888238311 0.637125327251852
0.96843970939517 0.679339237045497
0.944060530513525 0.574514810461551
0.956487742718309 0.559844520874321
0.966527812648565 0.466002446133643
0.958595846313983 0.5200295005925
0.959931803867221 0.490934018976986
0.932051657699049 0.539522415027022
0.920279573649168 0.486318572424352
0.907873571384698 0.563560478854924
0.890655707102269 0.541545144282281
0.901339316274971 0.653327533509582
0.911929104942828 0.608780573122203
0.92052978137508 0.60793410660699
0.931298708543181 0.619224501773715
0.937665591016412 0.797072853893042
0.952614859677851 0.838124131783843
0.961952574085444 0.968154653906822
0.951015796512365 0.991962398402393
0.947438123635948 0.98282367689535
0.802502738777548 0.969211164396256
0.924550662748516 0.994828603230417
0.531046740245074 0.988849910907447
0.337823220528662 0.990925701335073
0.507010461296886 0.973100517876446
0.385438037104905 0.967727104667574
0.345678075216711 0.942238191142678
0.307276783976704 0.960550941061229
0.333535912912339 0.933589656371623
0.357434194069356 0.928940344136208
0.37974936561659 0.900220169685781
0.462744136340916 0.85990776726976
0.399983301293105 0.838001102209091
0.41599867073819 0.806731960270554
0.486916221678257 0.771628741174936
0.549148255959153 0.811421959660947
0.498935140669346 0.826014490798116
0.511563741136342 0.861683895811439
0.542201662436128 0.898824831936508
0.443949949461967 0.933750139083713
0.414410240016878 0.940583892166615
0.465539624914527 0.943387030158192
0.54676588345319 0.952697535976768
0.565673424396664 0.898518176749349
0.599915010854602 0.923559822607785
0.592739346437156 0.931680090725422
0.599565768614411 0.945038218516856
0.593039443250746 0.967011171858758
0.661691591609269 0.882703481707722
0.68912217579782 0.864575609564781
0.664290269836783 0.899351208936423
0.678848329000175 0.916473913006485
0.716289561707526 0.924891726113856
0.735650384798646 0.927465451415628
0.737680476158857 0.911392436362803
0.705194952897727 0.903938559349626
0.742624847218394 0.879611303564161
0.708238609135151 0.868913082405925
0.694855874869972 0.852247551083565
0.671325472649187 0.848698314744979
0.6175104402937 0.810923226177692
0.459638837259263 0.74805722432211
0.616214418783784 0.771005478221923
0.641272153239697 0.781966542825103
0.672051526606083 0.804967626929283
0.672530736774206 0.828394859563559
0.692921319045126 0.797629162203521
0.738344301469624 0.783151924610138
0.769046860747039 0.829696849919856
0.78025025408715 0.853572426829487
0.751813079696149 0.950156701728702
0.773994414135814 0.978905640076846
0.842070688959211 0.872070694807917
0.866983727551997 0.77362336171791
0.83333988673985 0.835573589894921
0.873909369576722 0.760212656576186
0.862359352875501 0.852458489593118
0.888832231983542 0.87348071532324
0.870321329683065 0.906582450028509
0.799435797613114 0.953569123055786
0.896242938935757 0.936135810334235
0.915647057350725 0.952294927090406
0.930332851596177 0.96567939594388
0.91596813313663 0.86750197969377
0.909936392679811 0.811105989851058
0.916942746844143 0.786348641850054
0.908266100566834 0.761669710744172
0.889946726150811 0.67700442392379
0.824155658017844 0.830046871677041
0.833710417617112 0.862692563328892
0.786777328699827 0.894061997067183
0.779974651057273 0.821337126195431
0.770475554279983 0.815733254421502
0.766026815399528 0.785173606127501
0.815296738874167 0.751246362458915
0.822071702219546 0.763856095727533
0.830287033692002 0.782659024000168
0.862096419092268 0.732996718026698
0.840225333813578 0.752776398789138
0.828822187148035 0.731149634812027
0.819746822118759 0.730209364555776
0.836202276870608 0.704420227557421
0.863687363453209 0.694793190341443
0.872291811276227 0.691004873253405
0.879520512185991 0.674263775348663
0.880123251117766 0.672628443688154
0.866209177765995 0.593400723766536
0.884452520869672 0.592092136386782
0.884880036115646 0.578573848586529
0.861789101734757 0.561570970807225
0.824586607515812 0.689055429771543
0.801656519062817 0.729790653567761
0.782872480805963 0.732905962038785
0.738562433049083 0.680845151655376
0.732344052288681 0.677108847536147
0.723468149546534 0.629699043929577
0.620105799753219 0.527812597341835
0.610747173894197 0.580298366956413
0.60311521217227 0.627745214384049
0.64597597066313 0.684714493341744
0.689435442443937 0.742969765327871
0.67825246648863 0.801281842403114
0.539453689008951 0.724833798129112
0.537208150606602 0.728530462831259
0.468399515375495 0.73820925783366
0.621035871095955 0.69292858755216
0.573474802076817 0.642698440235108
0.481126619037241 0.72459557140246
0.544442540965974 0.63847680715844
0.413268294651061 0.717756349593401
0.337194591294974 0.765558425802737
0.290560087189078 0.787080663256347
0.327441825531423 0.794344267807901
0.343240690883249 0.825275902170688
0.394738666713238 0.789470654912293
0.43292825948447 0.789888611063361
0.387188106775284 0.801526253577322
0.332418763078749 0.850526275113225
0.266480685211718 0.927196617238224
0.252773108426481 0.889350411016494
0.199364942032844 0.91226656967774
0.241184033919126 0.916278082411736
0.225425791461021 0.932854663580656
0.261339313816279 0.93943714722991
0.276696764864028 0.959399490617216
0.279389874543995 0.982873986009508
0.268056155648082 0.991152152884752
0.196706438902766 0.99676173273474
0.189561171457171 0.985343895386904
0.184189214836806 0.955567841883749
0.175621921662241 0.951876999810338
0.160043048206717 0.942724999971688
0.13290303433314 0.957336028106511
0.0914927665144205 0.989823137875646
0.196652642916888 0.904770073015243
0.27620085934177 0.852706770412624
0.227554755751044 0.87837375421077
0.171829200349748 0.841367779299617
0.12851995555684 0.870524951256812
0.193553435616195 0.901808411814272
0.174933766014874 0.903218261897564
0.125551073346287 0.915877833031118
0.149575755000114 0.927544008009136
0.0821245075203478 0.935700751375407
0.0238617956638336 0.957451240625232
0.00974403973668814 0.874712846241891
0.0165044935420156 0.895494783297181
0.0198163874447346 0.853271368891001
0.0202320916578174 0.820363870821893
0.0569636165164411 0.841331980656832
0.0150249116122723 0.81233356334269
0.00682356487959623 0.789902951568365
0.00632250402122736 0.703836868982762
0.0139129874296486 0.668872304726392
0.0661637810990214 0.719965578988194
0.123546408489347 0.730450966395438
0.117263404652476 0.749117453116924
0.119089475367218 0.76050909422338
0.120305842254311 0.768638666719198
0.091362277045846 0.805711795575917
0.109416022896767 0.828600559849292
0.146916742902249 0.817035236395895
0.0630474635399878 0.861552196089178
0.0897377049550414 0.889869296457618
0.107980020344257 0.865426462609321
0.120633062906563 0.868066862691194
0.143709796946496 0.822283428627998
0.197196576278657 0.788701319601387
0.198548439424485 0.770079833921045
0.232943899929523 0.752129775937647
0.260079334490001 0.732590260449797
0.353283247444779 0.730951179284602
0.402053679805249 0.718992263544351
0.264620280824602 0.683399953413755
0.179585807956755 0.77664323663339
0.0938562550581992 0.70289347646758
0.0576508981175721 0.628518182784319
0.031596242915839 0.61322154244408
0.0704953107051551 0.628668129444122
0.135379664134234 0.589584795292467
0.135943079832941 0.586290544830263
0.00256552267819643 0.594361263792962
0.0308851669542491 0.582878204528242
0.0880602826364338 0.557582500390708
0.097107092384249 0.554350004531443
0.0508223278447986 0.480709676165134
0.0357192042283714 0.493621659465134
0.00771916238591075 0.525686802808195
0.0199726028367877 0.4867651052773
0.0177820054814219 0.383952452801168
0.0273263370618224 0.366171068511903
0.0499774557538331 0.370621097274125
0.077077794354409 0.357419764623046
0.0218683551065624 0.138525931164622
0.0196704366244376 0.10897025745362
0.0677597033791244 0.265489628538489
0.138418369460851 0.282478789333254
0.130590542219579 0.300147931091487
0.121070163324475 0.32375330477953
0.128810073714703 0.302505464293063
0.0568013451993465 0.412514241877943
0.119602148421109 0.396553418133408
0.163994457107037 0.358168847858906
0.138643489219248 0.272223153617233
0.167145238257945 0.251099914312363
0.104854458943009 0.190341445617378
0.0447574243880808 0.132841788697988
0.171047985553741 0.221782033797354
0.0183073803782463 0.0912163592875004
0.0635106689296663 0.100934831891209
0.168333157431334 0.173459622543305
0.169222449883819 0.163679089862853
0.15179440472275 0.146156280767173
0.120559902396053 0.12349094543606
0.136892315000296 0.094020236749202
0.104302085470408 0.0897368961013854
0.0581494802609086 0.0448720515705645
0.0561802391894162 0.0438680625520647
0.049048291053623 0.0408536461181939
0.121148990001529 0.0304271150380373
0.157308563124388 0.0425444967113435
0.115532184485346 0.0431660315953195
0.173087939154357 0.0867634806782007
0.177833134774119 0.0384399527683854
0.164243133272976 0.0191609794273973
0.257486831862479 0.040707990527153
0.282875771168619 0.0822584163397551
0.268568630330265 0.130389051977545
0.284092237707227 0.147604065947235
0.147639502771199 0.102507447823882
0.252754840068519 0.194363651797175
0.281702612061054 0.204085989389569
0.299991726409644 0.206546125467867
0.362030039075762 0.226480704732239
0.322313582990319 0.255262701306492
0.257180816493928 0.199932870920748
0.239210100844502 0.190347686875612
0.255811337847263 0.206961948424578
0.272190045099705 0.261772403027862
0.252651198301464 0.236793049611151
0.198656202759594 0.215052932966501
0.217261372134089 0.246617481578141
0.211378009058535 0.301232007332146
0.25266126031056 0.281487649772316
0.169422446284443 0.358456315007061
0.272316752932966 0.359214135911316
0.310886050574481 0.369297137483954
0.360145585611463 0.393781643360853
0.270852877758443 0.44961867807433
0.208035045303404 0.456492358352989
0.244555464945734 0.468413762748241
0.26877268217504 0.507265770807862
0.269262764137238 0.521423880942166
0.316852243151516 0.547364487312734
0.313197350129485 0.505921304225922
0.379371264018118 0.588291446212679
0.36099967174232 0.613171248231083
0.338861205149442 0.624227176886052
0.271570556331426 0.64044441934675
0.301119053736329 0.601386164315045
0.302890047430992 0.590721801389009
0.23763118730858 0.565336605068296
0.213733708485961 0.538077190052718
0.251460869796574 0.558733123820275
0.247285616584122 0.543451484292746
0.209878254216164 0.500830219592899
0.149930322077125 0.448987498879433
0.146783511154354 0.507761837448925
0.196369263809174 0.515894915908575
0.184087921399623 0.520683566574007
0.13614853285253 0.557188061065972
0.150884579867125 0.559506990946829
0.159160373732448 0.638689973857254
0.251454432494938 0.676112674176693
0.232536555733532 0.645932617131621
0.210745888296515 0.622936536557972
0.297172528225929 0.679974177386612
0.361773250158876 0.69338844018057
0.39140435680747 0.640636437106878
0.442814141977578 0.65411766525358
0.431096040643752 0.591634313575923
0.38705755257979 0.53361226292327
0.4128800900653 0.549933157861233
0.433344596065581 0.562450673431158
0.495943498797715 0.604159257840365
0.444403865374625 0.565683939494193
0.460669287480414 0.574072721879929
0.470469823572785 0.566128835082054
0.455043163150549 0.555515530984849
0.513577587902546 0.577523613814265
0.543859288096428 0.568769950885326
0.58065829705447 0.554086836986244
0.566413953434676 0.517940490972251
0.621073164977133 0.501739908475429
0.648039230145514 0.510477257892489
0.593496040441096 0.423717833124101
0.608272538520396 0.490646740421653
0.537479457911104 0.45224199257791
0.47240452747792 0.444463106803596
0.471021973062307 0.481861498672515
0.413190606981516 0.454168976284564
0.4037851751782 0.470854693092406
0.403769571799785 0.450979626737535
0.439618250355124 0.407914682291448
0.335416438989341 0.453444034326822
0.332311353646219 0.469097094144672
0.308034125249833 0.474857062567025
0.290159839205444 0.466170086059719
0.284535571467131 0.450900485739112
0.387965611182153 0.391484492924064
0.418891393113881 0.391191477887332
0.419054409954697 0.388309358153492
0.291733641177416 0.34657478146255
0.442629485856742 0.352641036733985
0.486240747384727 0.336735947988927
0.505483468528837 0.33621465973556
0.542385318316519 0.381199330091476
0.504027503542602 0.394638364203274
0.502630694303662 0.398506571073085
0.571048990823328 0.379617406520993
0.542401492595673 0.322405432816595
0.583211174700409 0.392228949349374
0.656933067832142 0.420907504856586
0.651534084230661 0.434064843226224
0.718131837900728 0.571647249627858
0.696453994140029 0.516780399251729
0.710206892807037 0.522160244174302
0.715775820426643 0.540398957207799
0.763024539221078 0.584254129324108
0.79064032388851 0.597838712390512
0.728341506328434 0.538689556065947
0.776099307462573 0.553316955920309
0.804126523435116 0.535368167795241
0.818856520112604 0.504354066681117
0.791876134462655 0.517948147840798
0.750496467575431 0.518076478969306
0.788180158473551 0.426919698249549
0.805614803452045 0.418593760114163
0.792532732244581 0.375564825721085
0.778214439749718 0.388599290046841
0.708774494472891 0.417529880069196
0.701954070944339 0.426523683592677
0.72854041447863 0.436179626733065
0.721662937197834 0.465479121543467
0.687498458661139 0.420769841875881
0.710234121885151 0.35920051112771
0.64687325200066 0.203425443265587
0.665574617218226 0.275096380151808
0.662162914406508 0.295504201669246
0.632646444253623 0.311706244479865
0.600360637065023 0.321045006159693
0.595353951212019 0.291807435918599
0.548771413508803 0.278040875215083
0.454589321743697 0.255681774113327
0.508108227048069 0.293827841989696
0.498288241680712 0.318901059217751
0.4465586617589 0.279560742434114
0.379208779428154 0.198845319449902
0.448175098747015 0.214960023295134
0.479813023004681 0.229716148227453
0.492008316796273 0.225068266969174
0.566955658141524 0.175269382540137
0.588930284138769 0.183744223322719
0.577612707857043 0.156023077201098
0.512682437431067 0.13269762089476
0.489964545704424 0.107472355943173
0.462137843016535 0.112469654530287
0.452046071179211 0.127017675898969
0.417318787425756 0.109944369643927
0.379066912923008 0.0820626146160066
0.357319702859968 0.0546501642093062
0.348238488659263 0.0671735275536776
0.355231654830277 0.0884397337213159
0.37708412995562 0.119615208357573
0.432601391803473 0.154254815541208
0.399572073016316 0.172215365804732
0.386707925703377 0.150469224900007
0.336689417716116 0.145328881684691
0.330227006226778 0.108885025605559
0.29107363242656 0.0912050879560411
0.290579218417406 0.0748086557723582
0.306872252840549 0.0433366242796183
0.291852945927531 0.00874929875135422
0.401091117411852 0.0439876569435
0.480326165445149 0.0916255852207541
0.555163582786918 0.0977085800841451
0.50625129789114 0.0569463158026338
0.572263798676431 0.067172939889133
0.596037054434419 0.131780644878745
0.626473281066865 0.187217613682151
0.62119293725118 0.153350376524031
0.668065788690001 0.184390123467892
0.740950394887477 0.304601792711765
0.734581698197871 0.318033611401916
0.744058820419014 0.327024572528899
0.750074062962085 0.316808960866183
0.713827068451792 0.240235211793333
0.733101606369019 0.251776027493179
0.777321606874466 0.339103620033711
0.820976857095957 0.372344614937901
0.826821832451969 0.379631837829947
0.836478366516531 0.429052077233791
0.833308977074921 0.424154280219227
0.840545147191733 0.456426709890366
0.840317813679576 0.465858760755509
0.837058198172599 0.496603576466441
0.893738647457212 0.518724154680967
