2048
0.0805053999647498 0.985992960631847
0.0487423962913454 0.976747051347047
0.0401948685757816 0.949228962883353
0.0452970289625227 0.93558247666806
0.0546903810463846 0.935743938665837
0.0455971066839993 0.947453647851944
0.0546326767653227 0.936570296064019
0.0653567276895046 0.936414496507496
0.107342342846096 0.938705101143569
0.113819146994501 0.930256956722587
0.107115714345127 0.928818148560822
0.142932392191142 0.930569275282323
0.165711015928537 0.896600459702313
0.147282641846687 0.933441697154194
0.153255353216082 0.929714011959732
0.152877986896783 0.925967729184777
0.160055334679782 0.922344060149044
0.163825498428196 0.914881251752377
0.182189498096704 0.913425483275205
0.174100725445896 0.926209142431617
0.158915070351213 0.946213386487216
0.173804691061378 0.953033059369773
0.263895899057388 0.907775596249849
0.177785058971494 0.939867267385125
0.179941408336163 0.930487363599241
0.213232374750078 0.913986146915704
0.279328329022974 0.900422291830182
0.337515101768076 0.885481640696526
0.410055556800216 0.860936091747135
0.42445009527728 0.853946595452726
0.393131891265512 0.83679052721709
0.333084914833307 0.852713244967163
0.396910392679274 0.852699681185186
0.381270360667259 0.85459432285279
0.301981326658279 0.884175907354802
0.300539781339467 0.887097797356546
0.283832457382232 0.897546550258994
0.310783316381276 0.870761982165277
0.265789195895195 0.890915025956929
0.231284536421299 0.906072065699846
0.209408453200012 0.909731204155833
0.218291283585131 0.890952857211232
0.203478521667421 0.906895782798529
0.223973200190812 0.867472141981125
0.232512918300927 0.862868942786008
0.187866690102965 0.869685589335859
0.167058125603944 0.894139320589602
0.163533691316843 0.874180673621595
0.157887808978558 0.873404559679329
0.133117131423205 0.90286280028522
0.0698353457264602 0.925548332277685
0.115693307481706 0.90573378931731
0.0689882836304605 0.921083041466773
0.0569890406914055 0.925160598009825
0.0455474513582885 0.920842593535781
0.0352175435982645 0.936829758808017
0.0232645692303777 0.961101971101016
0.0111002870835364 0.98873195797205
0.028461788315326 0.938128639478236
0.0310687622986734 0.912119222339243
0.0173168610781431 0.920429801568389
0.016593661159277 0.927961151581258
0.0113125224597752 0.901050398591906
0.0281354514881968 0.853921721689403
0.027362132910639 0.850964294280857
0.0122737744823098 0.887965440284461
0.00827700924128294 0.855425162240863
0.0448234165087342 0.840973193757236
0.0298057128675282 0.81881391024217
0.0283185825683177 0.815164444968104
0.0678030704148114 0.797252681106329
0.0927388928830624 0.807187721598893
0.0842221807688475 0.819257446564734
0.111940090078861 0.818819323088974
0.0912700030021369 0.841183848213404
0.0902629271149635 0.841598553117365
0.0666542323306203 0.825192465446889
0.0607145447283983 0.827733898535371
0.0619468907825649 0.854910103138536
0.0171908996999264 0.902077058330178
0.0286878971382976 0.90248082857579
0.0650592274032533 0.85717263771221
0.0878045628778636 0.863953020889312
0.0838923500850797 0.880819350015372
0.0785709000192583 0.878802787978202
0.0712504149414599 0.879587236791849
0.0560538996942341 0.87728433823213
0.0403248057700694 0.909334609750658
0.055115913040936 0.90404205955565
0.0773918060585856 0.90195733262226
0.0798719120211899 0.896459844894707
0.0841785497032106 0.890922299586236
0.131072485353798 0.843030298594385
0.115925674792379 0.838278696872294
0.131204927805811 0.841270581353456
0.133476478978992 0.844695619307458
0.152618310414255 0.839059606660157
0.168536574579775 0.84088240750134
0.164735680446029 0.854736954439431
0.160430828109384 0.858338305260986
0.13104306999594 0.854915970470756
0.127005646005273 0.857404903043061
0.110240234993398 0.894130629952997
0.187412394210696 0.859570169821382
0.190969601273537 0.859504331368953
0.204128005541861 0.853805403690785
0.213231352157891 0.862129346933216
0.240346424747258 0.855951589066535
0.265675615519285 0.834903328679502
0.320923563558608 0.791728048119694
0.325582650490105 0.797116114292294
0.335696605965495 0.840073374565691
0.269964708480984 0.85002309968695
0.350765043403953 0.842756687197834
0.370296207722276 0.823567429091781
0.387241733260453 0.829145126510412
0.390414380002767 0.824384515639395
0.426961830817163 0.780477658845484
0.426660073921084 0.798430654685944
0.452549995854497 0.778121068142354
0.465817655902356 0.785453112330288
0.490464154630899 0.794910317286849
0.479003446642309 0.793123480398208
0.440969079267234 0.804493767675012
0.402126376051456 0.838900411967188
0.410974796395749 0.838157413061708
0.457103108987212 0.848989722318947
0.463145657908171 0.85169969452545
0.559001783374697 0.799518081359565
0.56916164746508 0.785791470203549
0.600524699315429 0.763242234475911
0.549121919553727 0.832119691185653
0.596403371077031 0.813008014578372
0.627714160364121 0.823640748392791
0.575097256340086 0.88551575737074
0.589124365244061 0.8691855086945
0.584544173907489 0.899014589376748
0.621197890955955 0.873897606041282
0.623560707084835 0.852584648877382
0.62944538379088 0.820727903861552
0.650813487358391 0.807123904582113
0.625515250489116 0.874203553423285
0.621029234491289 0.885326293762773
0.592494210228324 0.902986447326839
0.628604357130826 0.911287356633693
0.686254233587533 0.850413527805358
0.668368484824896 0.874116657767445
0.668327037710696 0.886637832503766
0.69072108855471 0.849499084521085
0.669501118827611 0.852101656142622
0.648314929101616 0.854844945017248
0.628507624380291 0.886578992940485
0.647017880808562 0.854022486601025
0.662488886155188 0.827154478989542
0.688421269413084 0.808970661368221
0.676373949740082 0.793589873705059
0.651940410491079 0.790986121632159
0.664154478814453 0.767338234465569
0.655823937151581 0.765296914614737
0.603466027416289 0.810491612181067
0.617579938843846 0.785653214436024
0.620304715353996 0.76088119065389
0.667914382182062 0.750159098301083
0.700154630932957 0.780522133689374
0.718498768750578 0.75897625554353
0.71920860838145 0.783589149825275
0.726810464635491 0.735064796172082
0.732417695224285 0.727174824103713
0.721227599307895 0.790035036858171
0.730958614032716 0.799416433088481
0.716503742616624 0.80781279085204
0.707813234068453 0.832519119605422
0.720550452824682 0.812996183987707
0.740209805313498 0.806064741685987
0.749659843277186 0.804287869483232
0.749812827445567 0.818007078953087
0.745582175906748 0.81692601647228
0.734911062754691 0.825069802813232
0.758505927398801 0.823104585520923
0.788400067016482 0.804003069642931
0.793961626011878 0.813693674746901
0.809339040890336 0.828462320379913
0.808330724481493 0.846268659457564
0.790147700347006 0.850576741620898
0.799075541552156 0.835691560991108
0.779275740496814 0.824494084343314
0.757464942988008 0.842114289291203
0.733297927770764 0.867624675855041
0.727038926444948 0.875399663113058
0.711682816501707 0.893736153375357
0.708140953443944 0.899575137998909
0.70684866560623 0.906338260509074
0.713969641830772 0.908139272127301
0.744807792827487 0.880326573736966
0.778187545947731 0.856504207011312
0.772725417278707 0.877285008784384
0.801907868124545 0.860075555276126
0.798841972835362 0.863418703898787
0.755537674296647 0.967040987685323
0.77461991738528 0.938292631413788
0.787334126420319 0.95406288607046
0.804907073732466 0.919467885512859
0.832456286530942 0.943620257079601
0.788925709668547 0.898301492445171
0.819324906449765 0.892407349310815
0.840938416775316 0.928082636091858
0.840445547364652 0.948443006724119
0.858445344958454 0.889750950038433
0.8619927871041 0.913298735860735
0.874521296005696 0.883726438507438
0.848178791347891 0.963253529276699
0.855173251591623 0.955036886967719
0.856278736144304 0.970795975532383
0.85470612719655 0.988334374967963
0.858795998152345 0.975469963625073
0.86411021463573 0.955375958234072
0.871728602331132 0.947072249371558
0.904328376054764 0.974510868545622
0.938408904708922 0.981791206635535
0.971948995720595 0.969031825661659
0.975668827537447 0.972757727839053
0.985268167220056 0.937005957588553
0.981536173261702 0.901617232710123
0.973551345989108 0.937138387933373
0.984012442175299 0.8126489399001
0.98366703139618 0.763115397188812
0.983863304369152 0.726763765793294
0.977437171619385 0.680132151115686
0.97817166801542 0.703532017767429
0.977121858391911 0.785456870216876
0.976593110710382 0.814505814108998
0.975209032651037 0.87980065215379
0.972095738630742 0.872768744360656
0.970010410994291 0.865993931423873
0.961230606772006 0.887985578272492
0.947344108019024 0.922055044211447
0.962305741850287 0.888984675053507
0.961975115351379 0.929623760282993
0.948123285546899 0.929226125590503
0.9298648070544 0.957604416646063
0.915124396327883 0.962730891536921
0.909226472023875 0.961435797158629
0.922099233139306 0.935249667614698
0.925694680772722 0.916138059925288
0.917361284140497 0.84398396871984
0.940405699890107 0.90971182892099
0.934422205667943 0.867409550119191
0.937282068189234 0.865962976124138
0.933341127820313 0.836676715407521
0.911259550135583 0.793857576325536
0.911969552282244 0.819578214548528
0.904846278950572 0.863928408361971
0.891437618993223 0.90501052280888
0.89628991112113 0.93126858305186
0.880218128673732 0.923234007321298
0.873776503838599 0.912016286514699
0.86499853990972 0.93857297860086
0.890959272626787 0.815040396526456
0.886941300705075 0.809529008343816
0.878535320982337 0.855121755506843
0.849431995302439 0.898346788715571
0.847309725824744 0.911936198826879
0.847172110807151 0.905540615320206
0.826143386308104 0.860043900087476
0.822823621332645 0.850767566822469
0.850115163717419 0.879389105830342
0.852347658481449 0.859089073725045
0.85793282231316 0.847994666546583
0.850871240720153 0.833994862157851
0.843228045385331 0.834690311923623
0.828508162871003 0.826041429769248
0.873505212832242 0.793233007658273
0.856976769864559 0.790171560365707
0.808634189888835 0.824879926163703
0.843261312693357 0.782651882618666
0.843050033785403 0.776345920749009
0.822125419043005 0.787220579572022
0.841098028700799 0.756777001079172
0.865644748322666 0.717340752016753
0.862077891360968 0.7392891892232
0.86568888137117 0.774400867521763
0.876761564053595 0.751630446407944
0.890368273016065 0.712342377286404
0.883750898297876 0.734349903184921
0.876559220254421 0.790827792137861
0.903523685410619 0.821819983888417
0.89938512025401 0.795211609918624
0.891353514976799 0.77068278985098
0.89151076413691 0.756235766690224
0.897405398543924 0.714882679283619
0.900205006357282 0.764220042619854
0.899953312240541 0.769517321139574
0.901955511420965 0.779291287530214
0.929287757724524 0.7817891119048
0.931832600850612 0.760702349245548
0.936647068243474 0.792383418418467
0.954538071993738 0.705706670880318
0.945130347739905 0.696003903169185
0.960835541598499 0.6294702058658
0.961006158031523 0.625692908186466
0.963965074624866 0.673978270497173
0.961587821133435 0.699168019928038
0.946490374859422 0.866402527783066
0.954550238791853 0.788857819978148
0.964024517685175 0.781709675211459
0.955894629471004 0.843531007412821
0.948013023473322 0.880625019781291
0.944100795313716 0.911812571343035
0.973542489111423 0.784059767145663
0.97332849400118 0.702081579715014
0.972301193978637 0.677719438448548
0.974685095250607 0.627034774050117
0.969672778621316 0.574236763641238
0.981434229761362 0.467218140605837
0.982857883907855 0.460425477940589
0.981759553775191 0.548958620987833
0.982395560480654 0.564074300695211
0.980962263885885 0.581464747898281
0.978059284389019 0.619959684088826
0.99279164429754 0.726878805086017
0.995698992162943 0.408582761883736
0.992952669970691 0.392837083898485
0.984313491266221 0.576917043421417
0.987358043901622 0.498428697232157
0.991512165870517 0.413588961586356
0.988623182754964 0.227067957632244
0.989232366904616 0.333661790005863
0.987480956595391 0.289797476958483
0.987288351170719 0.233746491372585
0.979944149497896 0.35310395527631
0.972080192063004 0.466441226191819
0.969675626605749 0.421643011737615
0.970718206372112 0.320932109840214
0.965760292019695 0.238585817161947
0.973187957890332 0.343673383817077
0.975173674989492 0.337558770552278
0.969143317081034 0.27114970702678
0.961415511090308 0.192465304397047
0.951141615863889 0.191019071731716
0.950047850608826 0.248471646569669
0.94824555516243 0.224092280957848
0.953771997243166 0.138754008337855
0.961153046227992 0.144653033930808
0.954876994714141 0.0996951186098158
0.966819997411221 0.0821202639490366
0.977921326179057 0.0694787106476724
0.976950938347727 0.0399257433600724
0.963465391658247 0.0202655126340687
0.924458205234259 0.0329617531970143
0.928977741859853 0.0361365317367017
0.928951079025865 0.0342074274085462
0.960833859164268 0.0592432064004242
0.951979045756161 0.06385503616184
0.937865197658539 0.0894653829745948
0.951910017058253 0.0727731212973595
0.954706493765116 0.0843464848585427
0.946556128095835 0.103455105796456
0.932456544134766 0.131388573441654
0.929862887132913 0.143814797047526
0.926250321790576 0.192015663255006
0.939987203106284 0.230318478774279
0.941699636634439 0.295314216986299
0.946255783550441 0.314152063801885
0.965584452729672 0.329643104691058
0.968348383903503 0.336257450282574
0.96370531944558 0.395085502415895
0.963150660973042 0.434935539960861
0.952107707038522 0.459718109574169
0.949065947439522 0.49275235272944
0.95044363103807 0.513594675343484
0.952634244225919 0.514176932163537
0.958031356334686 0.547353444620967
0.960352548398077 0.585768005810678
0.946539294905961 0.660941139794886
0.943444826640189 0.670469861011952
0.954593210015446 0.597744819708169
0.954688869416714 0.586419471073896
0.931145214475691 0.655540892388672
0.932818515691906 0.635001470334828
0.944931214209646 0.582494092639536
0.945734899491072 0.588275183457881
0.949544686824083 0.582176099997014
0.941186862997711 0.562156331259757
0.922141263261437 0.647900226060301
0.912149369250983 0.718274957034737
0.926702772267163 0.699884207453579
0.91296702157706 0.737155361566693
0.932858599815518 0.721354216802865
0.902122347615659 0.755039830226451
0.908369363285601 0.727522940374911
0.910786099731922 0.681120258290321
0.92382102040574 0.635023477952927
0.906124852132052 0.622902360279113
0.87056581908837 0.654002597089857
0.888720516581088 0.657832728233188
0.899068290367723 0.64957505883649
0.917049561161548 0.658373574726284
0.900490564294159 0.668261094018817
0.884792073629797 0.689374932553619
0.888133311644197 0.684063591994345
0.883780969306827 0.6794756911695
0.871722030919045 0.705295551102608
0.86469999467954 0.66081512812525
0.863918354269117 0.626809480600059
0.910311515443027 0.521012372337282
0.915521825198084 0.50883673178032
0.936417330987751 0.461073959246278
0.939210231881589 0.465619101654738
0.926072833593935 0.532275855075568
0.930499639827758 0.487529338803142
0.879749878775328 0.604014443233609
0.913112075533718 0.582179591059685
0.915808861609548 0.574103198945522
0.927260456141084 0.553183256648481
0.931280524469912 0.55185256851837
0.938313573598862 0.501678107306361
0.944940681569278 0.459108531475067
0.946500664111227 0.432016392704099
0.934261671733111 0.439493953250349
0.928376306779683 0.472288194578141
0.920205503702164 0.48446203302592
0.904123289510608 0.491601696703583
0.912921218201518 0.479151789098978
0.907779947854578 0.443438169546425
0.891069107223302 0.499510629568249
0.897174919955432 0.448536346200854
0.883381617255509 0.527990249916911
0.874221157282591 0.542544226627797
0.880167939700186 0.516244174912572
0.888099426869303 0.470543649047613
0.894434947986156 0.451291785575449
0.887784192338586 0.454239225946367
0.865197974257171 0.540518999099731
0.85266427276656 0.594311453867704
0.865704281721264 0.572120701428503
0.847737138159573 0.626189279835671
0.852632687892765 0.618746738880873
0.844001859426498 0.664821695536375
0.849320352077484 0.63507446506992
0.829844068270177 0.690311725251377
0.856905652675778 0.692116644233465
0.831087061669677 0.755339016206563
0.805080352351069 0.808662322349846
0.786744112148881 0.800117783248425
0.770698507782072 0.784088019747287
0.773575313854963 0.773516599088907
0.78839694801718 0.747481979895383
0.802276939153671 0.736578142270446
0.811070449184626 0.747023419477046
0.817273889668286 0.741688875481486
0.838327129837126 0.60973321646452
0.819857059977949 0.69030742533505
0.813716058153659 0.705430149566382
0.816444876603782 0.706588467117399
0.791788666509092 0.740739226806909
0.782399237621576 0.708680254872888
0.759434830397367 0.764966889284551
0.745918654836714 0.783777163829654
0.760306965559721 0.738206148147583
0.762909068726003 0.703008992597461
0.753768572583795 0.693712098523974
0.747340083122253 0.691989426501095
0.764736578799784 0.693394394125789
0.821603293064982 0.530786002054811
0.792704595718533 0.584076051134616
0.77787973638624 0.596238378901035
0.787867122795433 0.620610427111387
0.780709620099515 0.640812651254237
0.768127344083041 0.606299211271107
0.722791352774948 0.665319637861103
0.76130027230829 0.634309832938015
0.771912016440183 0.628837826196104
0.774691564496607 0.635306308511645
0.734139681328088 0.687539212871343
0.710951607208699 0.694101041182876
0.743533652741462 0.611417938023806
0.701303908601403 0.647106152959168
0.678479463327676 0.708918588701636
0.652902717702091 0.728935383725911
0.695354014635086 0.71629145834595
0.724793190602213 0.699993879999965
0.728510106448084 0.696552644483745
0.725727440323681 0.712754528038204
0.725304192397743 0.714938152581453
0.717194153927267 0.749869759194553
0.685478395782411 0.726499491836876
0.679409299511462 0.734029265586287
0.644652917981148 0.737502745818347
0.64985454455018 0.722097636666149
0.644431625958532 0.720185508485883
0.619841063860804 0.725899178069085
0.601532443892211 0.718084591440856
0.64819371374324 0.683645777404308
0.583010596223176 0.717817935161293
0.577144007198513 0.735064852051437
0.602371670305729 0.737520176917315
0.600995330605656 0.747686737217009
0.607480976730585 0.742860506288707
0.593951369170099 0.754966695792973
0.497134962119162 0.813452731817961
0.479371062014252 0.828266879543662
0.479066512081772 0.826727962121367
0.482866755221039 0.823619457427412
0.483285413123667 0.812162272166461
0.489353443961591 0.79986433731392
0.498340729158372 0.796626783907413
0.495177735574543 0.763402043376118
0.462068639229983 0.761779373046011
0.455603054258972 0.759310902561992
0.442700129933655 0.767504392657429
0.414517416153103 0.788589991163462
0.36878265067935 0.807858895044774
0.350666798651218 0.790102953556925
0.388142331968993 0.777484328020364
0.390068653505296 0.771543229464442
0.387084383517504 0.791965555865318
0.418408549390733 0.767483208794147
0.424199271481484 0.760962180327624
0.447590336203575 0.745140311773866
0.433028658851981 0.742378594819456
0.421081208158284 0.740744132548571
0.408304757904261 0.750289712101221
0.383598406333476 0.771631604526192
0.369748034980148 0.774195998441428
0.382120654452592 0.766675006132573
0.369096017442644 0.761731193400919
0.343390012625605 0.773382754996419
0.301976879592985 0.796078066341579
0.331885541323572 0.772841256577522
0.380093255080283 0.736479525454342
0.425883814692497 0.689672263804823
0.417622839100659 0.682932356838137
0.431197475641966 0.678824199829251
0.469959015026689 0.65399105893448
0.448654561769217 0.647524453233927
0.371680351439863 0.734762587118894
0.325947505887598 0.7559529915452
0.316578923724592 0.760140242986381
0.403182172216475 0.690797504037619
0.435728420503438 0.635048151481897
0.408826541155577 0.663687054999173
0.378069219179451 0.697653390467167
0.429306414444 0.616220529656857
0.433832067530602 0.60724107734859
0.380801151040941 0.612838645465672
0.408963995054364 0.625051480252296
0.403431148733944 0.640830695163459
0.392675180453807 0.646740111522377
0.394199832342565 0.65008849138394
0.373922790400684 0.681353991385549
0.383594132959843 0.674280599225312
0.351595710031688 0.714158351533115
0.355355602223426 0.702113951556385
0.356928848661482 0.673702022060752
0.336359631735831 0.667472744360566
0.350478994194418 0.661610281094909
0.378507149405777 0.622156895231456
0.368502343073487 0.620323409792036
0.315023899078369 0.597678118385375
0.319140907842666 0.603849617298692
0.324263466056436 0.622313385829329
0.293774811550975 0.636045049410313
0.313726948108524 0.606224902439862
0.295601506251842 0.616587700787932
0.272450004704297 0.638875433709472
0.263904735445976 0.646973321214318
0.292886060196906 0.653060200158507
0.254907112568617 0.685816706623882
0.28752760309726 0.663242832291871
0.310299799311906 0.651335748378187
0.32081110868603 0.664065916556865
0.301410486921668 0.6702496916987
0.288537966553122 0.680506095290184
0.268969361204654 0.706773413345218
0.275900672655553 0.707301283255219
0.287253073882312 0.704163423273712
0.262157256249338 0.73849092097953
0.264098703395575 0.755578428972512
0.298540777992457 0.72834946680814
0.316041585057974 0.69840010907501
0.335438276641071 0.694895775057375
0.325614736881107 0.710865222848952
0.32421078812331 0.707451999187469
0.324191530700773 0.712625843007118
0.292453281115741 0.753584650810808
0.268205382395536 0.768965312279761
0.257929081562907 0.784522648900747
0.282706153579056 0.772485588211566
0.262429750524461 0.806024000514299
0.264452814590186 0.81658375961706
0.267829758580774 0.81987900333479
0.230519083794206 0.842359152622521
0.192366793286055 0.849862069822848
0.170796259306371 0.857823482248932
0.20837196521461 0.812396408524364
0.177419530693442 0.827225722372532
0.171742721926421 0.830065715592355
0.147475609090179 0.825064776465297
0.174194330815226 0.806212377268821
0.193296106066555 0.798759914003313
0.206246177200228 0.811314520891756
0.264231314882636 0.75882890028879
0.24119873624295 0.76168857421726
0.212713817600161 0.75759567366913
0.201390197966248 0.771100779529661
0.208988023921847 0.767851599026471
0.190503583289683 0.781915896106511
0.197921343147755 0.786156479269266
0.144663119222969 0.816181651782244
0.104525933042169 0.833747616037726
0.147924788761884 0.805707811377943
0.191792396362871 0.751851540524513
0.205749776214361 0.747167568653822
0.212693814653903 0.750674795359373
0.213753737043589 0.748944655060768
0.227100901771337 0.720971168018878
0.277240927796811 0.684083751402795
0.217798395548016 0.709503540303558
0.245111699216068 0.67375335469842
0.171012030448765 0.74585641734302
0.176901257131249 0.761859750840813
0.10918085789308 0.801750292535871
0.149192483630031 0.764572046231478
0.133003001101315 0.758577610366046
0.0973678496666253 0.756272344850004
0.0806384067982435 0.789606083184481
0.0510149365290999 0.783299001865089
0.0375457997433841 0.790744906757027
0.0223883697763085 0.812571960967034
0.0106242736801505 0.821544801350683
0.0220089387148619 0.795053502544761
0.00805424293503165 0.821155924350023
0.00421620160341263 0.835549948271364
0.00303007801994681 0.777381264604628
0.0277078188955784 0.725306584034115
0.0516232308000326 0.735460157971829
0.0483821355737746 0.765931789763272
0.0424891640432179 0.755847935564816
0.0133578223176301 0.769340384751558
0.00703126890584826 0.781682371627539
0.0246741259470582 0.778673814143986
0.0451244553551078 0.781048895791173
0.0639339406043291 0.760166509076953
0.069565471727401 0.748496803920716
0.0786448023281991 0.746758997440338
0.15347946388647 0.714386091567576
0.158673155121505 0.709334186278284
0.115430700592697 0.716448402497917
0.100763647351414 0.716019877698272
0.130722603294998 0.701407782267779
0.178189585451037 0.707518701441586
0.162529260851443 0.690041179768741
0.126490484923124 0.680354610085487
0.120059644803405 0.678392621222883
0.0868611498735845 0.686073390766978
0.0349302520044148 0.708653475623578
0.0402410267852247 0.67214542068541
0.0600755345076323 0.693266766145825
0.072146755643189 0.676360169891268
0.0904897963628173 0.676163915079087
0.0929982238449156 0.676878069061786
0.137392549775541 0.662070970982313
0.217306657228619 0.659183260984719
0.178367228712887 0.710617122240365
0.211596387904137 0.681671604514122
0.216141861863434 0.67393872467801
0.223223953973502 0.678739372640848
0.194630836136639 0.707369382493198
0.227026014123112 0.680551063735038
0.281998415011913 0.622109767980874
0.304889705497772 0.591201267205179
0.205562219955027 0.646045265253633
0.19843293633312 0.646790519356728
0.226871391758323 0.615841577760875
0.213749464135617 0.633909392170608
0.277669404167682 0.578667673282325
0.311290958430618 0.554028349928558
0.348008058033884 0.531034545507282
0.336846266873181 0.53172365995124
0.300624661613256 0.550001648254693
0.256481266580522 0.588711746968329
0.211725150234997 0.625709495041519
0.190980105195194 0.647096019703895
0.179645688273013 0.660245657898486
0.167467128951102 0.65157081419602
0.177941865287721 0.647564454004169
0.149233445059508 0.653272050432861
0.175764172803611 0.629543959628791
0.179457534104586 0.628640788607299
0.188128897920251 0.616592908278108
0.214241353794932 0.610885508358479
0.231201290152967 0.588335588574409
0.238165012095124 0.583387746941298
0.290176774840802 0.545999453868717
0.325181022752076 0.512562364339828
0.337565633002669 0.497911144979298
0.277288790326566 0.548214217182249
0.327564372681081 0.491274136584252
0.342886438127607 0.480616881046444
0.352757713757455 0.510078008286655
0.361131879501045 0.504492990672588
0.354554320219904 0.472867197357118
0.394480146933347 0.434728690888733
0.423880449030548 0.410007481928915
0.391255720984191 0.440798853524029
0.398218857590109 0.440973851829767
0.406484580598772 0.443476776592433
0.406462881714106 0.450097939930856
0.381080128718168 0.477422784548253
0.375370212830603 0.493386621586978
0.379265217576176 0.503798525780439
0.354898352641612 0.526566132437438
0.346080143935978 0.533682635985315
0.336773689836264 0.545633003581315
0.344518625643104 0.538883368484676
0.392296637874097 0.539042644202709
0.378528539091349 0.552704603876919
0.368073178920895 0.550490286201239
0.347816307563335 0.556462792214006
0.333069311920553 0.555705151986331
0.315761271864176 0.567684719804674
0.292095239739865 0.590327571611851
0.310698002111167 0.582199817989022
0.32483304804191 0.575506401248276
0.330323708709329 0.578540191054344
0.3478026795201 0.570233756676316
0.361339041497558 0.573887546546757
0.361323956865817 0.579070089384913
0.375529988203198 0.576154384762049
0.403559090569615 0.557022139895707
0.411321386229247 0.542486744467169
0.446857894770801 0.517195661086589
0.452991499565542 0.517093528993428
0.42985031241551 0.534258047584444
0.399216003715992 0.568873083218932
0.389647545758635 0.573032801039517
0.361147295683622 0.592369582504034
0.35648560943082 0.601445788051933
0.357125553302467 0.601504936814308
0.39422056498006 0.604463985655457
0.385646477807313 0.592435136437416
0.427443616092205 0.589262964669615
0.446960487402976 0.588116263505071
0.44632859248668 0.597941272426397
0.449281520210207 0.598083041608334
0.481736964546144 0.568697946611792
0.474762377794832 0.62192995287478
0.558357778936625 0.606291489675641
0.480296799913049 0.655851107556373
0.467550370376557 0.663413255941123
0.489004103466868 0.67005150904879
0.490370980929583 0.681414712686092
0.47437200974673 0.706310761161149
0.439999020658433 0.707259835675359
0.411461179144681 0.728102754801512
0.41331073641777 0.727098508737981
0.497082700487226 0.730912647210062
0.496796168386936 0.734376131091267
0.43967317789793 0.731826815754175
0.511935474351048 0.736639852635562
0.518550755921751 0.739958554506302
0.533237144351006 0.747121872380376
0.473202561959624 0.744172720704228
0.463323285803199 0.74419331504032
0.523921482730657 0.753385057672858
0.514506867155433 0.785602827556431
0.508488042745739 0.795973637141287
0.54160923557356 0.778500309679657
0.532093369401991 0.773819412570447
0.544157277792692 0.769222461152822
0.545147168915719 0.767269558738917
0.56359716039151 0.763719233684242
0.556567217223346 0.7361502321437
0.542642883956432 0.72100966097787
0.565694117918611 0.713689552154392
0.581502347718924 0.708304338157177
0.572302515152842 0.69429994141683
0.588454422075301 0.689926094375551
0.624185286927968 0.641059333458543
0.598910846747458 0.66850301483646
0.570119232404977 0.673684480600059
0.566294845659286 0.676392544992268
0.536560922861099 0.707500175572932
0.566918606869876 0.664923226460814
0.541762198787183 0.660977575462312
0.520646229851991 0.683284091763198
0.542460558470339 0.653810980729759
0.56423068465665 0.636675527319312
0.57783742249012 0.624658619984984
0.570464329794049 0.62083073053509
0.555579808540642 0.634908689651638
0.571915061678737 0.61058103479445
0.569742665160447 0.585569032933563
0.556453220080584 0.579455967061222
0.571877263020724 0.567085648886859
0.547593467868865 0.560514649841934
0.546514118090272 0.581950288265944
0.524336954578757 0.608697012998164
0.483999877236784 0.614200820215046
0.550126070156693 0.551132923457772
0.584227764513344 0.550891855265945
0.583842387422919 0.505594354588538
0.553443653974682 0.529126374050975
0.542320418637246 0.538031397387385
0.568171678576618 0.506553302053362
0.572705309838057 0.491364436224103
0.573662821669132 0.481928799767047
0.570106242317706 0.471644402015954
0.57085498701781 0.467442323453724
0.544125626329333 0.465653442312032
0.549220851622522 0.490156927611679
0.536453985609114 0.477385472506285
0.527877780608833 0.484733032993972
0.518895959481597 0.482962028123438
0.537169545888901 0.472978530917317
0.504480913747102 0.465567904058844
0.560454656835645 0.430650163441896
0.541715504601598 0.423313625622541
0.581765398383141 0.373689842876047
0.583045397885144 0.361422251909971
0.560103350318968 0.373030625749379
0.557832292281091 0.376850322354585
0.578803428448737 0.374679425731301
0.550737386103719 0.392463768366724
0.530537899583578 0.405008666682988
0.527525254525244 0.429933372884989
0.503621236421168 0.440022806171328
0.49854509299621 0.430748892948031
0.487655535340309 0.439546354580671
0.427807651460171 0.484487280715257
0.420108647085726 0.479789475910366
0.44508697045967 0.498321503400803
0.480017887428403 0.504921895917505
0.493521902710199 0.512087542098016
0.521500453818589 0.490633401554078
0.523254797793925 0.516141028609127
0.537680301815271 0.526433808729053
0.505518770311028 0.522267875727266
0.496344029903412 0.568911127280444
0.491076763253659 0.543157434090972
0.434381346683949 0.502429595217109
0.377439431846142 0.534879860002548
0.398586803581566 0.497964109294116
0.417820275761187 0.477698103990406
0.447880479041487 0.433612337801605
0.531950241420418 0.4025484835729
0.518434513825923 0.401486064307392
0.509698518551886 0.402031226083636
0.53637418942526 0.36648534052074
0.526976506691426 0.354241724591702
0.558204676955938 0.324254646897316
0.581897704396397 0.315265810117126
0.581527648493648 0.289918736554682
0.573026936501265 0.294147200882435
0.579910638742149 0.309900553431362
0.496046781074256 0.345936165656894
0.486574457027018 0.343575684353709
0.463419787120074 0.368990584742278
0.453774101100862 0.372486952226609
0.443969612009823 0.38664718111977
0.501742941793054 0.379226838704199
0.503723299596459 0.388287299778312
0.503234491217881 0.404470331035554
0.459249772597104 0.4277941477485
0.435319852083921 0.408936148975044
0.466823307331651 0.41253024013713
0.467331101186574 0.400874466169626
0.493339775595814 0.390473417006433
0.492897920776159 0.389302862342447
0.43689814535901 0.404805153608322
0.419756990857422 0.399951181840152
0.392433117609471 0.424411536660045
0.367741758935153 0.448515615891665
0.36301144445315 0.452494810335338
0.357125683221966 0.444910162594169
0.318061259109527 0.470636977348477
0.324700290337205 0.469188386108726
0.341437694616616 0.466116135008633
0.306031874846667 0.512398005463183
0.25536160171032 0.564662315417081
0.229295837692916 0.584071849007159
0.226072688121349 0.583995985798538
0.201811626553535 0.588197192642838
0.219431414734572 0.594235431402922
0.196377393789589 0.609454645309597
0.189205062109977 0.609787904657423
0.16157937142998 0.617968361824751
0.147995059378445 0.635483077727258
0.109146958682686 0.650352155324072
0.120296860579401 0.648808527737856
0.137543849181384 0.65837315749377
0.0905329915694892 0.665167945902795
0.0771512980572879 0.651569557841867
0.0567980012856424 0.674174974672496
0.0436900393106043 0.634530664421618
0.0334110562689602 0.631963291671127
0.0267309984192252 0.651042168959975
0.0296420245431364 0.657560115214437
0.0298823490738869 0.682096762116998
0.0174239189364016 0.73275673110038
0.018673587590456 0.653339117765427
0.017165707424283 0.655294235330075
0.0113173332065344 0.636133323889226
0.031593780964613 0.61118382262066
0.0440039387904108 0.604120521340519
0.0585981109179556 0.607413907535374
0.0613606562837958 0.608604191802442
0.0612918678671122 0.618592518381774
0.0904452176764607 0.63083041459322
0.0932037932798266 0.630263869185001
0.111123738344759 0.62713008094579
0.112017023842782 0.62720260117203
0.123372809961438 0.635126933455467
0.112408534623682 0.623243640176952
0.0964659457094967 0.616563534364104
0.09536242345348 0.609329206403345
0.0766361150890589 0.605043014045805
0.072534803301096 0.603292969055474
0.131338056176901 0.611331260763109
0.148529907688498 0.602740897797048
0.1864317310974 0.58402424864471
0.1993503049016 0.567287318408489
0.214735011104494 0.56410077214241
0.227595739532262 0.561390968970954
0.230485576204956 0.55600325576961
0.239621541462839 0.555123929865658
0.23780058324337 0.569140512030572
0.256942382548004 0.530693721957505
0.282094968948513 0.514619935303926
0.307267386931926 0.503728123381734
0.293162963818759 0.482565097510815
0.284982711542398 0.477552568074316
0.289064228069037 0.46237050043419
0.246774380095303 0.469066676218063
0.196888342034072 0.495801121927798
0.256623218767345 0.450997833628207
0.325415409170091 0.457784730475396
0.338413731195033 0.44638479873538
0.339856775011867 0.427576656453311
0.332166855689138 0.415604210924357
0.310259946621954 0.416337561793625
0.305374374613166 0.389282774180174
0.318341885693371 0.392229456920177
0.332497675903141 0.405826012603939
0.341937316115946 0.413611727301031
0.380413623992354 0.417219251394272
0.325209021568298 0.389380671083927
0.352854123339057 0.384917847346514
0.346037399955094 0.376063875388354
0.352879584766924 0.374478460289538
0.384258362464607 0.379463917575777
0.389327730052173 0.378537758253515
0.41872414201498 0.379751940257847
0.417295778635889 0.370717543642968
0.42197832884267 0.371889017056674
0.462357365526259 0.354231898672879
0.472180945333093 0.3443185207434
0.483441649004817 0.329969777725637
0.529054646380246 0.322485423646867
0.520661309827119 0.293423051014543
0.569306375924498 0.259129110258073
0.532798422500491 0.245931149460375
0.543350005056709 0.241608260665089
0.554114612285048 0.219231212045997
0.559601801913232 0.203777889255434
0.537296588066965 0.219679708126932
0.467822392471135 0.245383331086487
0.435815601609647 0.261347421910614
0.454233655240387 0.258707049768418
0.56003059213981 0.260244861710817
0.533658355008811 0.271169424522668
0.499673002399504 0.260850377380848
0.471141196321696 0.261938503012061
0.458129177801311 0.263898998033255
0.481896770186722 0.311856347601861
0.460034155286849 0.312304615974426
0.469477172475308 0.291828001383692
0.465087931137532 0.291367249097675
0.46421519620344 0.302159959916025
0.447247243486345 0.279663759749383
0.454509892966598 0.310651634354144
0.447558692656457 0.316289660986513
0.450217810925096 0.324205155484378
0.413489008788019 0.359387069474906
0.405922934412956 0.360905883833766
0.391746625304222 0.359968157019466
0.384585857391357 0.360778088215739
0.347867540549487 0.370327392593026
0.343493872322142 0.365787463262677
0.401842526625842 0.347036413382739
0.29793700017035 0.365744496230036
0.312786221504211 0.358557843603194
0.325335052330047 0.353608817793429
0.325367212761194 0.328119781799614
0.338726300280541 0.344225589185953
0.417771120555699 0.344079573638737
0.421259033493698 0.332186114508659
0.40267851902172 0.294277575332671
0.393802734091878 0.308689916040748
0.328790135215968 0.325987398158759
0.385453510098159 0.303626217413694
0.381054637953639 0.294706414453685
0.401832869742066 0.280967126134783
0.370728923939168 0.251110089942813
0.397269275970757 0.263401403091848
0.41094220476225 0.27913870383054
0.423561009112746 0.300734674558043
0.418812532909214 0.275847541633993
0.410079184919596 0.257049623411149
0.386654770001769 0.238978439476341
0.297137970570475 0.250100165605545
0.319731706753373 0.250315892975777
0.365547218360007 0.242835107725114
0.369598945137113 0.254547643475235
0.322724550496787 0.263455974403769
0.320238533429801 0.263520020991564
0.35442659445107 0.268244528211653
0.356316988356411 0.277868349570781
0.317264236975461 0.315293319988996
0.306204310618341 0.326287948992103
0.302604889497161 0.328378362581134
0.268025319557637 0.322967992629856
0.252355687320232 0.327029313426465
0.277573305182159 0.318555545061827
0.22744431020692 0.311253407970071
0.27874477673322 0.301405127160251
0.299705388024449 0.291167720220983
0.298494887072593 0.288309486117214
0.319240748882294 0.294902572408319
0.316682243719697 0.301776102744043
0.321014105342329 0.302070152014494
0.340176514349878 0.281993561889976
0.322353736497462 0.269164588302374
0.324098489247262 0.272740153595805
0.311192032881081 0.261852345429361
0.316867868416011 0.255067193415016
0.265538095496595 0.262001477181911
0.241825314704329 0.248996937181801
0.283168246969581 0.231986517086625
0.290224782656878 0.229165495373309
0.297614823561162 0.232172546908259
0.300069944001734 0.220520973205566
0.325042807962745 0.235953157301992
0.345620637293905 0.2324347528629
0.378120045177639 0.225265990477055
0.3023980287835 0.178453518543392
0.347024925984442 0.218423440121114
0.34275711979717 0.217199047561735
0.352564540226012 0.225588673725724
0.349177440162748 0.228114016354084
0.338923781178892 0.22101832786575
0.320094926282763 0.218769386876374
0.303485235664994 0.211007936857641
0.247462802100927 0.240556793287396
0.237376098055393 0.216279268730432
0.266806137748063 0.227558555081487
0.247531923931092 0.191063992213458
0.214751790743321 0.142408352810889
0.214472975581884 0.164268131833524
0.176069586537778 0.134556306991726
0.134041527751833 0.101524016354233
0.201663777697831 0.163149452302605
0.213554783258587 0.190228890627623
0.236391592305154 0.239436354022473
0.223262231331319 0.231512752827257
0.216412975918502 0.224506361410022
0.190040740650147 0.205942282918841
0.195750170852989 0.219257154501975
0.20295213535428 0.230308694764972
0.198465432040393 0.227752327453345
0.173273443710059 0.212381895631552
0.171839977614582 0.228007723577321
0.205436630174518 0.240320505108684
0.241217487957329 0.272333047352731
0.124291607644409 0.201222696807235
0.0592947588302195 0.171931865159422
0.053443618118763 0.177956351079047
0.0559997730888426 0.183668931946158
0.112791902851313 0.204200740903616
0.169239813927561 0.253093228209764
0.210153992753476 0.289261766243726
0.124348011799157 0.235259283334017
0.138486887793988 0.254800991155207
0.165934601798654 0.265363981481642
0.190343326423317 0.298215824179351
0.20988798700273 0.318910374306142
0.213034502696246 0.328620999120176
0.223895537201315 0.350137057248503
0.238919657189399 0.351078035309911
0.239757981617004 0.353260508272797
0.229093121364713 0.358994579408318
0.253579111304134 0.363386964425445
0.251956472173333 0.359194964636117
0.27782469894737 0.341774539090693
0.256321553140879 0.358401952311397
0.29237206466496 0.386696960311383
0.292645752895623 0.400461801793426
0.297135182656348 0.405877156183124
0.282963178120553 0.413366395514458
0.245595837943256 0.394539731089026
0.231538025662303 0.380721683148295
0.248633843846619 0.371008339803666
0.2359469961375 0.365274452138692
0.180290487129241 0.382157437968999
0.237704772967845 0.400048148352653
0.252655802294612 0.405071312561631
0.170927921310067 0.403412249870598
0.175530917476863 0.403778670355678
0.227252193260938 0.414165495894849
0.157524295151234 0.418213793076575
0.136881364975125 0.409214458428323
0.170128098223358 0.382140879519284
0.144343372434378 0.382015551440418
0.157547939103097 0.369402397889644
0.131113058887422 0.37584812939167
0.150086259935051 0.365198029670864
0.168253721669316 0.360962156672031
0.15700144553557 0.359595809131861
0.15084691811353 0.361402389593422
0.139885113574564 0.342410593293607
0.167575357481837 0.355375917628407
0.153463081922382 0.329809329006821
0.159756451379508 0.330130931455642
0.168881367892027 0.328801629133523
0.178824598435313 0.318327798508108
0.187605692539364 0.305710209067911
0.154781581833959 0.28540616016835
0.153505119960755 0.288890638388693
0.113313215784729 0.270068995654583
0.128103999886662 0.283399727195501
0.0879571014083922 0.260847462806851
0.0919957188889384 0.243053593672812
0.158183024264872 0.282748526893556
0.116779583971947 0.226240860763937
0.0938098831102252 0.23665072536096
0.0919607449322939 0.223677619826049
0.0653326958417892 0.202717874664813
0.0160806244239211 0.171229458414018
0.0125979506410658 0.192872357554734
0.0204199999570847 0.200294838286936
0.0974353794008493 0.24202143587172
0.0692762723192573 0.246156526263803
0.0246568359434605 0.280677761882544
0.0460705296136439 0.242350963875651
0.0288443784229457 0.229243370238692
0.0162405166774988 0.282830916810781
0.0187449804507196 0.305196480825543
0.027893534861505 0.305743085686117
0.0357556445524096 0.308036318514496
0.0369072114117444 0.304276433773339
0.0289237261749804 0.287239237222821
0.0458662216551602 0.282713518012315
0.0656719962134957 0.290282701607794
0.0464083477854729 0.287173422519118
0.0681717274710536 0.317433545831591
0.0769054088741541 0.306924648117274
0.0924715423025191 0.310691982507706
0.093791383318603 0.278454774990678
0.132124497089535 0.292431129142642
0.162263212259859 0.307775664608926
0.116526462137699 0.331541161052883
0.12398559646681 0.339799518696964
0.105244565755129 0.36499961419031
0.119084807578474 0.375616478268057
0.104549889452755 0.386151780374348
0.0972400684840977 0.379933721851557
0.0897043198347092 0.384521354455501
0.0758648458868265 0.397925236262381
0.133390698581934 0.396499015390873
0.141384699381888 0.397427653893828
0.0662041618488729 0.411102782469243
0.065147006418556 0.401943954173476
0.0566618726588786 0.384435336571187
0.0610545999370515 0.377319904975593
0.0852922364138067 0.346766770817339
0.0519329258240759 0.353503425605595
0.0587056935764849 0.356878674589097
0.0214057192206383 0.377702731173486
0.0668332646600902 0.329032232519239
0.0248105656355619 0.335595703683794
0.0161173874512315 0.340179113671184
0.0291601726785302 0.351449191570282
0.00350693659856915 0.353922485373914
0.0120271747000515 0.362901468295604
0.00427875155583024 0.370687533635646
0.0189513079822063 0.384958456736058
0.0325526013039052 0.4065868742764
0.0459311218000948 0.42807669332251
0.0578304189257324 0.417377856560051
0.0782952145673335 0.418313383124769
0.0946210180409253 0.44235918764025
0.0736366175115108 0.444789504632354
0.0745428409427404 0.463170925620943
0.0785373621620238 0.464458059519529
0.145554963033646 0.438489343039691
0.116231445223093 0.466277150902897
0.16402679681778 0.44804966263473
0.163910673931241 0.441935042850673
0.180051495786756 0.44192554242909
0.274556801654398 0.421660402324051
0.239699822384864 0.459156582131982
0.206865776330233 0.443954243324697
0.2059914204292 0.44696893915534
0.200739055406302 0.462231252342463
0.126682967413217 0.484815321397036
0.128559606615454 0.491236029658467
0.173369087744504 0.488895527087152
0.153806572314352 0.501346823293716
0.114218951202929 0.490859077777714
0.118833373300731 0.497051847167313
0.13880474306643 0.516170627437532
0.134648110251874 0.530267146416008
0.163992079906166 0.498800728470087
0.189402721822262 0.482933208346367
0.183524823281914 0.498971075750887
0.169994324911386 0.515653908252716
0.171571998856962 0.518682521767914
0.169725441839546 0.545395879540592
0.148339963052422 0.575735728256404
0.215396685991436 0.486798701807857
0.194089296273887 0.520514491014183
0.247544416226447 0.480894677806646
0.190633362624794 0.552322569303215
0.193772382102907 0.526476154569536
0.180461666081101 0.552368271630257
0.167025241069496 0.57129277754575
0.138699788600206 0.592034911736846
0.11583337187767 0.597706465050578
0.101934771053493 0.566666875965893
0.130059082992375 0.54469813965261
0.103614116553217 0.560904359910637
0.0958534572273493 0.51682176021859
0.12693404359743 0.527159565128386
0.0830995473079383 0.477570136543363
0.0787087297067046 0.474345176015049
0.0920908446423709 0.545048365369439
0.0690536512993276 0.576120453421026
0.0683923936448991 0.568046647589654
0.0724282176233828 0.561105378437787
0.0564007833600044 0.544981062412262
0.0489953188225627 0.539183369837701
0.0430855499580503 0.53056215075776
0.0569745167158544 0.526306945830584
0.0835399539209902 0.535968088079244
0.0546612259931862 0.501056324224919
0.0448287217877805 0.496052920352668
0.0349979735910892 0.500325365923345
0.0542796510271728 0.47497030813247
0.0667402567341924 0.487582202069461
0.0496289045549929 0.458100355230272
0.0335213295184076 0.434015360660851
0.0511736064217985 0.437563797924668
0.0159876747056842 0.427007343154401
0.0149587532505393 0.460810242220759
0.00552827445790172 0.476750928908587
0.0113554070703685 0.493923944886774
0.0388507703319192 0.538842588663101
0.0210056016221642 0.538902543019503
0.0185326053760946 0.586810831911862
0.00192229636013508 0.602246774826199
0.00165464030578732 0.596138412598521
0.00364218838512897 0.485248484648764
0.000712132081389427 0.473567753564566
0.00161248305812478 0.352846112567931
0.00507494667544961 0.342181899119169
0.00361229572445154 0.282986431848258
0.00683090090751648 0.270122524816543
0.0116075649857521 0.242610857822001
0.00727104535326362 0.118539874907583
0.0205362322740257 0.141032226383686
0.0283317170105875 0.116197494324297
0.0403152229264379 0.104529649950564
0.0431892392225564 0.0933070699684322
0.0183757143095136 0.0429610735736787
0.0156832081265748 0.0377397742122412
0.0128164705820382 0.0390181667171419
0.00849006650969386 0.0891414494253695
0.00190059468150139 0.0967190316878259
0.00956631824374199 0.0126969339326024
0.0118376305326819 0.00144124869257212
0.0826084315776825 0.0272179613821208
0.0806393683888018 0.0110450494103134
0.140750138554722 0.0304825678467751
0.146508711855859 0.0313239004462957
0.135078826919198 0.0050631370395422
0.16660140035674 0.0125220064073801
0.175011579412967 0.00378667842596769
0.195206248667091 0.0103643606416881
0.209077024832368 0.0210959906689823
0.228192784823477 0.0337659413926303
0.221865423955023 0.0183271281421185
0.271090012975037 0.029014456551522
0.220731628593057 0.00167975295335054
0.25783889554441 0.0192325455136597
0.325768187642097 0.0155390417203307
0.306377757806331 0.0129596088081598
0.275289664044976 0.00510728871449828
0.306737802922726 0.00157914590090513
0.360231066122651 0.00716192089021206
0.360376389697194 0.00751510402187705
0.3375553493388 0.0196969360113144
0.390645272098482 0.00749224610626698
0.406576137989759 0.00281733646988869
0.435053586494178 0.0122404396533966
0.462890651542693 0.0185244074091315
0.515946567524225 0.0688876425847411
0.530291141010821 0.0830975119024515
0.486385677475482 0.0650750859640539
0.449840039480478 0.0349528542719781
0.436656930483878 0.0283199129626155
0.405091958120465 0.0228197705000639
0.495237938128412 0.0929327211342752
0.493216715753078 0.093896456528455
0.456308440305293 0.0837700692936778
0.423950603231788 0.0748866605572402
0.416197004262358 0.071125119458884
0.413538794033229 0.0532041778787971
0.406960394233465 0.0396049744449556
0.384167472366244 0.0267284153960645
0.396972280927002 0.0485463538207114
0.404382708948106 0.0527999354526401
0.407097182236612 0.0715519362129271
0.409557431470603 0.076550891622901
0.415183714590967 0.0799373043701053
0.439268570393324 0.10457002511248
0.445486042648554 0.109919730108231
0.410547920037061 0.101155574899167
0.410177852027118 0.0918667055666447
0.384823810774833 0.0960466586984694
0.396408191882074 0.0860421992838383
0.352885639760643 0.0860760631039739
0.398301144596189 0.0855637383647263
0.389316070824862 0.0379677941091359
0.36949383886531 0.0495308423414826
0.357359571382403 0.0494903028011322
0.352331346366554 0.0613974803127348
0.350193872582167 0.0654420894570649
0.327955133747309 0.0563835171051323
0.329234770033509 0.0651575513184071
0.324985611252487 0.0619684997946024
0.313473631627858 0.0505995401181281
0.325811842922121 0.0707644866779447
0.283343899529427 0.0681901215575635
0.286228699609637 0.0766973020508885
0.319018123671412 0.106850780546665
0.26666075643152 0.112363974563777
0.21315959841013 0.0904699289239943
0.278090438339859 0.0843335692770779
0.229920786805451 0.0791590437293053
0.259878527838737 0.0734310131520033
0.262704386375844 0.0681221727281809
0.269038287457079 0.0436827018857002
0.256497947964817 0.040998712182045
0.244356466922909 0.0657695075497031
0.23508958471939 0.0647643590345979
0.23199830763042 0.0687513500452042
0.207384658046067 0.0370098906569183
0.163743962533772 0.0431317966431379
0.212351510301232 0.0728817991912365
0.207877773791552 0.074066573753953
0.101797010749578 0.0241463142447174
0.137102406006306 0.0502645866945386
0.121734184212983 0.0437605329789221
0.116989190690219 0.0493700788356364
0.0879305843263865 0.0522335800342262
0.0379941058345139 0.020694300532341
0.0559685965999961 0.0535938236862421
0.042342044878751 0.0368316355161369
0.0548427114263177 0.070975948125124
0.0559765645302832 0.0750068048946559
0.0689623248763382 0.122510317247361
0.0581310070119798 0.147289061453193
0.0510504874400795 0.0915779485367239
0.0432958863675594 0.13080522371456
0.0189111451618373 0.15256261266768
0.0400834768079221 0.14809876633808
0.0655888649635017 0.16703380132094
0.116164314094931 0.161194568965584
0.0994996847584844 0.172975142486393
0.123543069232255 0.187798599712551
0.127341353334486 0.197700771037489
0.123857719358057 0.147211004514247
0.113426456227899 0.14072124613449
0.103599171619862 0.122727051377296
0.114223193842918 0.104714138898998
0.152284103445709 0.17158085340634
0.161290874239057 0.175212204921991
0.109010417480022 0.0932659259997308
0.106855507474393 0.0678973970934749
0.116000625770539 0.0742177534848452
0.17447946453467 0.0881780600175261
0.180696210358292 0.0942455003969371
0.174545682501048 0.095377357210964
0.141103475820273 0.0894279116764665
0.137349143158644 0.0957754184491932
0.178145472891629 0.11840571090579
0.197411714121699 0.117371362168342
0.256721782963723 0.149909333325922
0.291911517735571 0.175829281099141
0.296708162408322 0.178220452275127
0.291338255163282 0.162742572370917
0.324650459457189 0.173505326267332
0.322296184953302 0.157757580280304
0.279773538466543 0.138654707930982
0.300195096060634 0.132918692659587
0.309123234823346 0.126862528268248
0.299690464977175 0.114710071124136
0.315155847463757 0.115764494054019
0.325577405747026 0.0993551067076623
0.358588833361864 0.110168422106653
0.311148796230555 0.0826683393679559
0.391144300345331 0.104258746374398
0.379482643678784 0.104251568205655
0.371029532980174 0.102659140713513
0.35978688346222 0.102099628653377
0.377504223491997 0.111646752338856
0.400231869425625 0.122998712584376
0.35700781783089 0.141227760817856
0.41845331992954 0.129121015779674
0.41878562187776 0.123753627296537
0.440189641434699 0.126347927376628
0.439856007695198 0.126472877338529
0.456354427617043 0.145814132411033
0.471913113258779 0.168047374580055
0.450211613904685 0.144611778669059
0.426291184034199 0.143754950724542
0.450694338418543 0.152449127752334
0.436972373630852 0.163641281891614
0.383249815553427 0.162633643951267
0.365675809327513 0.162455764133483
0.362185113597661 0.169094612356275
0.366725999396294 0.208842375781387
0.381528296507895 0.218193768523633
0.484798507764935 0.211824286263436
0.502998799551278 0.181530289817601
0.469818326644599 0.136189280543476
0.488731346093118 0.142246477305889
0.488707676064223 0.127709042280912
0.45793043076992 0.10919303027913
0.500594591256231 0.121790572535247
0.51963909715414 0.144462610129267
0.502415922470391 0.167031203396618
0.532071642111987 0.187807905953377
0.544638923369348 0.204020367003977
0.550251530483365 0.184148104861379
0.553576497826725 0.190314731560647
0.564206476323307 0.189083436038345
0.550827119499445 0.149622522760183
0.544569826219231 0.146686099935323
0.505282310303301 0.116670567542315
0.527633681893349 0.105393805075437
0.529008993878961 0.0997627177275717
0.567523315083236 0.161170521285385
0.600866617634892 0.225229606032372
0.606309167575091 0.239384836982936
0.59766177739948 0.229380463249981
0.569514522328973 0.20984666608274
0.585431562270969 0.303042863495648
0.622038736008108 0.27956997603178
0.66113179596141 0.288146554492414
0.631209853570908 0.326694789342582
0.610732630826533 0.338593489490449
0.626339277718216 0.313517399132252
0.629745541606098 0.298658119048923
0.635748684406281 0.291027226485312
0.614177928306162 0.285987118724734
0.589198858942837 0.315835945308208
0.612477518152446 0.348983965814114
0.687786865513772 0.297077408060431
0.727360645309091 0.277444671373814
0.726677416358143 0.276987519580871
0.738420142792165 0.283020817209035
0.743037464097142 0.320470117032528
0.692905613686889 0.321287931408733
0.600967134349048 0.359894169960171
0.665427771396935 0.347506990190595
0.681241798680276 0.35170637909323
0.691361645702273 0.345222444739193
0.668356167152524 0.360918288119137
0.661341483704746 0.372669985517859
0.660214776638895 0.374188176356256
0.620209740009159 0.378291114233434
0.614670859649777 0.372430388815701
0.604813721030951 0.384030184242874
0.62459017848596 0.38508346490562
0.644748421851546 0.405613866634667
0.643650628160685 0.439765562769026
0.674726685509086 0.431964625138789
0.644074018113315 0.382684268523008
0.663948080036789 0.374470417853445
0.721377188805491 0.350252747535706
0.750302505213767 0.336755672004074
0.742398628033698 0.331568796187639
0.727177414577454 0.332449924200773
0.674425817094743 0.341403084341437
0.730719275772572 0.326190767344087
0.750640912447125 0.320393695961684
0.759391141589731 0.269708405248821
0.768225001171231 0.254855990409851
0.730519569478929 0.272859422490001
0.693026888649911 0.291553830727935
0.687533196527511 0.291341632138938
0.716121662873775 0.266479813493788
0.724465432576835 0.261140337213874
0.73709560232237 0.250772571656853
0.73792385449633 0.249313936568797
0.754177418071777 0.227014111820608
0.750201350543648 0.206183103844523
0.747173761017621 0.19613473303616
0.719899215735495 0.22280000988394
0.719070512335747 0.221192070282996
0.713524540886283 0.234087605495006
0.700616733171046 0.216671995352954
0.689272777643055 0.213350876234472
0.66582863824442 0.221004118677229
0.691167499870062 0.281469020061195
0.653534943703562 0.257189492695034
0.642492404207587 0.237641631625593
0.644510474056005 0.243113005068153
0.653103532269597 0.256496756803244
0.641691369004548 0.248386863619089
0.623156560584903 0.258653074502945
0.57986331731081 0.260977062396705
0.59251317428425 0.25871486403048
0.638716910965741 0.225065291393548
0.641728322021663 0.213003707118332
0.642563941888511 0.199186083860695
0.624880506191403 0.175345415715128
0.613630214240402 0.160931759979576
0.599922975059599 0.135868637822568
0.583126142155379 0.123056892771274
0.583134297747165 0.129297361709177
0.584943933412433 0.168323611374944
0.579041412100196 0.171213331632316
0.570911669638008 0.158680887892842
0.563908034935594 0.142392068170011
0.566235969308764 0.114555685315281
0.601591361686587 0.118532972410321
0.553103478159755 0.11121178092435
0.530578630976379 0.066007714252919
0.519888519775122 0.0384615706279874
0.537634201813489 0.0328423394821584
0.564281723927706 0.0327993403188884
0.595447390340269 0.086763933300972
0.595148990862072 0.0841550664044917
0.593518218491226 0.0731872287578881
0.605240085627884 0.0663825133815408
0.589761568233371 0.0599077204242349
0.615659961476922 0.0657291640527546
0.644814116414636 0.0751484576612711
0.71995845483616 0.0824845307506621
0.726578041911125 0.0729716471396387
0.739899923093617 0.0687585086561739
0.75334344105795 0.0600641379132867
0.770673164632171 0.0873525259085
0.758647921029478 0.0714127630926669
0.774908754043281 0.0932493438012898
0.762556890025735 0.107337534427643
0.765719669405371 0.118894136976451
0.764185787178576 0.121909344103187
0.771921245381236 0.127209089696407
0.783511412795633 0.141819556243718
0.785529526416212 0.181128123309463
0.768635557498783 0.16290908260271
0.770441958215088 0.159787480253726
0.762889149598777 0.145658432971686
0.74076687823981 0.147086601704359
0.741648072376847 0.14534884179011
0.738028672523797 0.138168268371373
0.713692531920969 0.16389421094209
0.725965247023851 0.130982545204461
0.727886029519141 0.132732673082501
0.735689038410783 0.115675765555352
0.712368027307093 0.0985084534622729
0.716338139027357 0.0944745196029544
0.705616879742593 0.0929531771689653
0.700157546438277 0.0983316018246114
0.677610583137721 0.109417994972318
0.640553275123239 0.117924291174859
0.670355879701674 0.10684817424044
0.623847739305347 0.0800993768498302
0.646582555025816 0.100269269198179
0.617742190137506 0.0979090202599764
0.600696565583348 0.0859463075175881
0.613357736729085 0.101166745647788
0.614987299311906 0.124398264102638
0.637625535950065 0.127634281292558
0.691180693916976 0.154052258003503
0.650347642134875 0.2082131607458
0.723990324418992 0.216634009964764
0.681897318456322 0.199389939662069
0.714036197867244 0.183472589123994
0.724237284157425 0.195603074505925
0.737145147286355 0.185668717604131
0.751793138217181 0.166443686001003
0.745445962063968 0.161455860827118
0.757531296927482 0.162965831812471
0.773625396192074 0.198137772735208
0.794183181133121 0.179419292602688
0.769845470786095 0.204276870004833
0.805416665505618 0.221726135816425
0.801961375866085 0.145229023881257
0.818219732493162 0.131227603647858
0.788115752395242 0.0964962113648653
0.751850369852036 0.0491717411205173
0.748330476228148 0.0500759873539209
0.67719833785668 0.0424882266670465
0.657107638660818 0.0401413547806442
0.660008141305298 0.046611727681011
0.663479511626065 0.0617977567017078
0.646391270682216 0.0718491841107607
0.635671832133085 0.045154741499573
0.605247661471367 0.0295190536417067
0.544139147270471 0.0237752525135875
0.469031455926597 0.0207917131483555
0.486073422245681 0.0184268062002957
0.464535571169108 0.0114050102420151
0.505477423314005 0.0129958875477314
0.495080825872719 0.0139111266471446
0.561168909072876 0.0101129505783319
0.497608418576419 0.00390386255457997
0.71448616636917 0.00696119945496321
0.773924021515995 0.00684904539957643
0.799576375633478 0.00372598087415099
0.799005858134478 0.0203720256686211
0.766998040955514 0.0105645908042789
0.770957610104233 0.0286440635100007
0.733934100251645 0.0155827947892249
0.749902416020632 0.0318901455029845
0.721008927561343 0.0201269923709333
0.710116208065301 0.0125914341770113
0.693815465085208 0.0153597160242498
0.664540427271277 0.0139521989040077
0.583196193445474 0.0212428742088377
0.668204423505813 0.0252146553248167
0.701354562770575 0.0359436077997088
0.708545758854598 0.0256340485066175
0.767510042525828 0.0542488167993724
0.791683410294354 0.0664256508462131
0.833226918242872 0.0930807972326875
0.799354510381818 0.0747026512399316
0.835564665496349 0.181939319241792
0.785896994173527 0.269197731744498
0.78597275307402 0.286772401537746
0.768098614178598 0.304625057149678
0.795417943969369 0.286986745893955
0.782536184415221 0.315437136217952
0.807029592804611 0.293383695185184
0.816274021752179 0.286495577078313
0.817751115188003 0.307173201814294
0.800916205625981 0.339443461038172
0.796051974408329 0.348577601835132
0.790387351065874 0.35220271255821
0.781518377829343 0.32227623835206
0.75856538163498 0.361965181771666
0.78055519843474 0.369966581929475
0.786543421447277 0.366702537517995
0.806983672082424 0.34195534652099
0.771341957617551 0.429362843278795
0.783240719232708 0.413455273024738
0.811754885129631 0.374394063837826
0.814520528540015 0.373953022062778
0.780510082375258 0.423997285310179
0.799959552939981 0.4225322464481
0.789782833773643 0.470220973715186
0.777847229968756 0.486555051524192
0.753261233214289 0.462119072675705
0.752685178536922 0.44946069503203
0.750462031923234 0.44216084619984
0.740727245807648 0.414150106720626
0.740235346835107 0.389827956445515
0.725124002434313 0.396553724538535
0.71434166142717 0.387705133762211
0.686625529080629 0.376956968102604
0.72449797578156 0.400527831166983
0.721355302724987 0.417108854278922
0.74509503506124 0.448078500572592
0.68517676834017 0.521757241338491
0.69889469165355 0.451483121141791
0.643204121850431 0.443517181556672
0.56782168475911 0.434775953181088
0.589982216712087 0.440815253183246
0.603576401714236 0.462113449349999
0.572910957504064 0.467731587123126
0.580989842768759 0.478144368622452
0.611570633482188 0.462533140089363
0.616083183791488 0.465093748178333
0.630257269367576 0.467608239967376
0.636033611837775 0.449371750466526
0.681922476738691 0.449721477925777
0.667080176994205 0.45785579783842
0.64106921153143 0.48620995413512
0.66624147631228 0.458567306865007
0.633910406380892 0.479850024916232
0.606702099554241 0.520922871306539
0.639995868317783 0.512652123812586
0.64028564048931 0.508587792050093
0.674145100172609 0.488477075006813
0.685423996765167 0.473839655518532
0.67379793105647 0.513974171597511
0.632042424753308 0.535555520560592
0.628868360538036 0.528416024055332
0.615386678371578 0.531255258247256
0.5948461224325 0.559489688836038
0.631005804985762 0.550781968515366
0.632566584274173 0.547002939041704
0.642386458814144 0.571541196666658
0.629003435373306 0.573462368454784
0.580037363339216 0.577061203308403
0.589050140231848 0.582887324038893
0.603406731970608 0.598126520868391
0.617138171568513 0.627610188908875
0.717270094435662 0.497599117923528
0.71587176527828 0.487890840973705
0.741741708945483 0.474527765531093
0.588355328887701 0.698555690702051
0.576137766242027 0.718542245216668
0.605030864477158 0.67828707722947
0.621828824281693 0.660026663448662
0.647265275008976 0.615605100989342
0.695933497976512 0.549815678969026
0.724232729524374 0.540077060461044
0.738357342779636 0.531244874931872
0.738178942352533 0.52645754115656
0.759848522953689 0.476687787566334
0.736630939412862 0.554435764439404
0.734292418695986 0.560460485052317
0.704352003056556 0.578710312023759
0.68921082932502 0.594293108675629
0.715341788250953 0.581076844129711
0.711362777743489 0.593414825387299
0.687002229038626 0.600126782432199
0.677713774610311 0.609404581598938
0.682002312503755 0.611511902417988
0.636115613393486 0.654022673610598
0.62879848247394 0.671618002932519
0.66892511351034 0.666842049919069
0.662959242705256 0.643421762157232
0.677430126350373 0.634973833803087
0.713078239001334 0.597977391909808
0.724929258227348 0.595689741894603
0.798072392586619 0.475973977707326
0.784358221106231 0.509093554224819
0.778982209041715 0.516618953552097
0.778075246140361 0.519755522254854
0.767436587717384 0.533726064953953
0.720330243930221 0.614687989931554
0.761044655926526 0.569758959114552
0.758215203415602 0.56760732922703
0.759232209064066 0.567592167295516
0.79745492246002 0.489293292164803
0.823010697495192 0.404162503313273
0.833149667829275 0.356429343111813
0.839357688091695 0.297901514917612
0.835124681238085 0.301688542123884
0.828586828894913 0.301302078645676
0.828698535915464 0.329500280786306
0.815851049963385 0.328154605347663
0.820384599268436 0.286320772953331
0.820006277412176 0.282990525476635
0.833611448295414 0.280022407416254
0.83593907719478 0.272406618110836
0.825759933330119 0.23969860561192
0.826596182771027 0.207375317811966
0.837343520950526 0.217883619479835
0.841106677893549 0.179384039714932
0.845982979983091 0.228381474968046
0.857587012462318 0.259644540958107
0.865512219257653 0.239734408911318
0.87403863761574 0.259098017122597
0.863905489910394 0.291766392532736
0.856360225938261 0.292167893610895
0.840156588703394 0.349796442780644
0.838739927392453 0.362724047619849
0.808383708819747 0.47441053763032
0.781611168757081 0.557411349378526
0.798156160861254 0.56217028805986
0.835430480539799 0.48211188102141
0.836052652448416 0.482061239890754
0.829600388649851 0.517307070083916
0.829990373458713 0.555015460122377
0.798116721678525 0.611902444157749
0.813564276788384 0.610408602282405
0.799087903928012 0.643022094387561
0.800136481411755 0.643060838337988
0.815963143482804 0.609114790800959
0.848660151008517 0.532812630757689
0.852881460916251 0.537597639486194
0.882334540598094 0.455279453657568
0.867569181136787 0.480206181760877
0.860432389192283 0.489006521645933
0.850873238872737 0.523492321837693
0.837641343940049 0.505380254704505
0.848214762751013 0.478156246710569
0.891708928626031 0.402831254526973
0.903918409254402 0.310586171690375
0.913993418682367 0.37329383008182
0.898467961233109 0.466354883275926
0.908583917189389 0.430880858562887
0.926981098949909 0.392639724072069
0.941250221803784 0.411719809286296
0.962320943363011 0.331462431233376
0.940521076787263 0.379777053836733
0.93916454911232 0.310202233493328
0.922237139195204 0.256318004801869
0.921510976739228 0.286648506298661
0.930431373417377 0.333413025829941
0.926462486386299 0.356840174179524
0.906463573686779 0.296611752361059
0.900528732687235 0.305139401461929
0.87833343911916 0.41989427106455
0.864564532414079 0.431365328840911
0.874393664300442 0.336201506666839
0.876893983688205 0.306688789278269
0.876684385351837 0.302085641771555
0.860421610996127 0.389475566335022
0.843088874593377 0.447868676390499
0.831378941889852 0.442082518246025
0.820784952957183 0.466627610381693
0.842830863315612 0.410800152458251
0.859066572040319 0.37225653231144
0.862369301263243 0.344900510273874
0.865611547604203 0.316287016496062
0.861331018153578 0.322574758436531
0.861940108239651 0.311827599536628
0.884715405292809 0.276530588977039
0.903159239795059 0.266634221188724
0.907045893371105 0.266414110083133
0.912927992176265 0.262372889555991
0.907336113043129 0.245346197858453
0.921538669615984 0.199181093834341
0.916693458333611 0.118955752812326
0.904985091648996 0.162335649132729
0.898903547786176 0.155032877344638
0.906329140998423 0.135008367244154
0.909110873937607 0.121842794585973
0.899211212992668 0.125470412895083
0.886752702761441 0.118643210735172
0.877613924443722 0.121246688533574
0.866741890553385 0.138356419745833
0.879972563590854 0.14915857790038
0.870409258175641 0.158701079897583
0.888906358275563 0.144282140303403
0.905721812974662 0.181170900817961
0.885616078972816 0.176707369275391
0.885652506258339 0.186808605212718
0.894945430569351 0.24187627248466
0.879156125709414 0.243426910601556
0.877093348186463 0.217929014004767
0.872380076441914 0.227268709801137
0.865479428321123 0.233229402918369
0.85248292889446 0.240928632207215
0.846165476832539 0.196800542529672
0.852747896220535 0.203920379746705
0.86889306595549 0.169173782225698
0.841432939749211 0.154890277888626
0.833386923652142 0.105033522471786
0.842369869351387 0.130410115234554
0.897159813903272 0.110928141046315
0.881630392279476 0.103962658438832
0.860987439285964 0.104583030566573
0.846906241495162 0.107966482173651
0.84091422194615 0.100108968559653
0.857318569440395 0.0917951306328177
0.822702974081039 0.030269633512944
0.821912788785994 0.0455529559403658
0.781174544710666 0.0226419884711504
0.827571471221745 0.0188825246877968
0.844282773323357 0.00517452228814363
0.837283569853753 0.0228396630845964
0.834172014612705 0.0360021945089102
0.858670560643077 0.0760927954688668
0.869332250673324 0.0754517442546785
0.871643078047782 0.0729848379269242
0.872766137123108 0.0627318429760635
0.88211977481842 0.0974303679540753
0.877198507543653 0.0407004607841372
0.879710526671261 0.0448209345340729
0.887684601824731 0.0624846080318093
0.891094541642815 0.0802364521659911
0.923772851470858 0.09157644957304
0.921471754088998 0.0858516073785722
0.91343077737838 0.0408986015245318
0.852329526096582 0.0232566185295582
0.860204559750855 0.0219880100339651
0.898597513325512 0.0144913219846785
0.975754117593169 0.00306029291823506
0.980311554856598 0.0180179821327329
0.99194405740127 0.00754223670810461
0.992188876494765 0.0376782948151231
0.996412273962051 0.134796904399991
0.989401252474636 0.113883791025728
0.986780844628811 0.0980802993290126
0.98805628856644 0.0803883476182818
0.980383588001132 0.126454898621887
0.970517240464687 0.148696377407759
0.966189586091787 0.216688567306846
0.977231020573527 0.340696692001075
0.983618470374495 0.14899907913059
0.987278188113123 0.173535311128944
0.98772154469043 0.188023375347257
0.995849398430437 0.232991129159927
0.9987623533234 0.236851629801095
0.996259476523846 0.479827062692493
0.997142999432981 0.559220765251666
0.995755934622139 0.620310412719846
0.993033315520734 0.752643964719027
0.998886243905872 0.562281969003379
0.997379404958338 0.778325187973678
0.991486923303455 0.809322933200747
0.991416724864393 0.784046981018037
0.987789966631681 0.997094185091555
0.99088220577687 0.933563591912389
0.9994634562172 0.878943710587919
0.994400336872786 0.99812685046345
0.950288441497833 0.997548393905163
0.875718137715012 0.988796574994922
0.843230875674635 0.996448504272848
0.815777088981122 0.997813272289932
0.772747641429305 0.997962544672191
0.802081942092627 0.988166060764343
0.845466587692499 0.98000034596771
0.845554228872061 0.979705466423184
0.811338579747826 0.966536904219538
0.805858599487692 0.971813337877393
0.777102813124657 0.979165704455227
0.732808059081435 0.990135414525867
0.737300933338702 0.959848872385919
0.748578828759491 0.928307616151869
0.736205643042922 0.930670639500022
0.676578544545919 0.970652633346617
0.709921878296882 0.94446616480127
0.699742579832673 0.923444651532918
0.670532858930528 0.973511920310557
0.66823059739545 0.982862949371338
0.702705222181976 0.981341251637787
0.703168882522732 0.984411269426346
0.666048374958336 0.991521775722504
0.638083771336824 0.994451400823891
0.644072620663792 0.982445644680411
0.673754392657429 0.950175040401518
0.698775981552899 0.919289567042142
0.674757815897465 0.944929756224155
0.670620069373399 0.941233662888408
0.690017448738217 0.889787320513278
0.706403067801148 0.874578692484647
0.711730592884123 0.858231290243566
0.686458079144359 0.889256893191487
0.672939751762897 0.891650922130793
0.627428834326565 0.952419389504939
0.610044048633426 0.985833166632801
0.594802368432283 0.988236738368869
0.573915192391723 0.990749675314873
0.573267978616059 0.973278232850134
0.602274135686457 0.951041970867664
0.600782431196421 0.917183223180473
0.580285363364965 0.935134284663945
0.58154737809673 0.908736743498594
0.562787259463221 0.91339038964361
0.537351004779339 0.922975756693631
0.545146563090384 0.906329408753663
0.546610274352133 0.905271027237177
0.603561587166041 0.81714782724157
0.550420790910721 0.877197289839387
0.535204809624702 0.885907740332186
0.547129960265011 0.861097487155348
0.528268243186176 0.856569094117731
0.525342432316393 0.84904851578176
0.50789352459833 0.870045483112335
0.509312930051237 0.85834057116881
0.478408920578659 0.926708784885705
0.492216429207474 0.915611346252263
0.493467154912651 0.915644558146596
0.48958146199584 0.940455221571028
0.488025839906186 0.946215437259525
0.48944594617933 0.953708549495786
0.517990447115153 0.922158627770841
0.513188542798162 0.94031641073525
0.512944486457855 0.957833921536803
0.52756116213277 0.958390067331493
0.528925116639584 0.973592359106988
0.547644728794694 0.957557631656528
0.571613354142755 0.94335083803162
0.575299119576812 0.955094700213522
0.561383071355522 0.994232195429504
0.502237427514046 0.998013535514474
0.492164894472808 0.985050884541124
0.40300373127684 0.969692619517446
0.360168873798102 0.972003955859691
0.397435985971242 0.979908849578351
0.415451884269714 0.993164837826043
0.381756279617548 0.988997582346201
0.314056845847517 0.991157074458897
0.352150591555983 0.966867815703154
0.371082975994796 0.963841806631535
0.361277823336422 0.954476455226541
0.356206052005291 0.95228095818311
0.335881067905575 0.951438149437308
0.318358556833118 0.945005250163376
0.330356281250715 0.93604087876156
0.341083246283233 0.947303310502321
0.430200239643455 0.946229425724596
0.474861561320722 0.956839013844728
0.463663898874074 0.928430990781635
0.448039804119617 0.930417974479496
0.360544667113572 0.930454959627241
0.365760771092027 0.92720201658085
0.40287452749908 0.917734486050904
0.405284176580608 0.910523525439203
0.436934464611113 0.905209673568606
0.449606619309634 0.90889352094382
0.499945729039609 0.877862053923309
0.496727242134511 0.870714414399117
0.49913498852402 0.869674152228981
0.50141396606341 0.855309769511223
0.488167792093009 0.866538426373154
0.479838234372437 0.876150003168732
0.480827395338565 0.856796694919467
0.489392885006964 0.854425425641239
0.461943380534649 0.857328807469457
0.442462808918208 0.862187805585563
0.437925420701504 0.868489902000874
0.404709636699408 0.879880486987531
0.352285093162209 0.918857322074473
0.353318204171956 0.915930468589067
0.342577308882028 0.894090726505965
0.267928656656295 0.937987965065986
0.270815249998122 0.941321800928563
0.257125060074031 0.955113349482417
0.2298908601515 0.967119032051414
0.268262976780534 0.969666284509003
0.258045493159443 0.96019541611895
0.265021578408778 0.960474111605436
0.299539306201041 0.969233819749206
0.267933944240212 0.99850455019623
0.235086823347956 0.996879470534623
0.210429383441806 0.98419235041365
0.202374000567943 0.994039034936577
0.125207879580557 0.999849751126021
0.191877427510917 0.981809062417597
0.193328151479363 0.979479243513197
0.178797532338649 0.96349298208952
0.162446428555995 0.952722069341689
0.134780795313418 0.988590121269226
0.117481688968837 0.946139041800052
0.0703784907236695 0.941661441233009
0.113101062830538 0.952736995648593
0.117839884012938 0.984271607361734
