2048
0.607241770718247 0.0659839389845729
0.525262437295169 0.0552551969885826
0.507090880535543 0.0604883353225887
0.508369873743504 0.075879727024585
0.500293229240924 0.0632220772095025
0.478376575279981 0.0480347801931202
0.494186297059059 0.0779783432371914
0.492354403249919 0.0991922076791525
0.490196931175888 0.101907243486494
0.481421910226345 0.100079241674393
0.451790857128799 0.0720606041140854
0.463246427476406 0.0675820806063712
0.470283535309136 0.0673741847276688
0.402928806375712 0.0512662115506828
0.419428704306483 0.0635301168076694
0.460452908184379 0.0914051118306816
0.440370133146644 0.0848189070820808
0.419691123999655 0.069905448704958
0.430082647595555 0.0840133591555059
0.44355409219861 0.111267568077892
0.439318749122322 0.11097487481311
0.396794975269586 0.0743224523030221
0.38751944154501 0.0719452872872353
0.38656452158466 0.0781971774995327
0.392060517333448 0.0849261581897736
0.392781576607376 0.104428747668862
0.344352814368904 0.085418164730072
0.323539277072996 0.102994007058442
0.373727380298078 0.126987043302506
0.412706001661718 0.144825804047287
0.397408995311707 0.123816533945501
0.433458330109715 0.137508874759078
0.427447476424277 0.124108926858753
0.418048155959696 0.120020099449903
0.36370431818068 0.112543922383338
0.52534035500139 0.121339692268521
0.529370707459748 0.120205412153155
0.531442441511899 0.10862798942253
0.54996183514595 0.129153553396463
0.560733488760889 0.146397066302598
0.55783058796078 0.149850952904671
0.565785759594291 0.166443555150181
0.535553458612412 0.156044231727719
0.55498570529744 0.174371972214431
0.552845987956971 0.183387899305671
0.539934466127306 0.186734856572002
0.531570266466588 0.163444197736681
0.511235404293984 0.149369237944484
0.514163338579237 0.147002182900906
0.439742271788418 0.141796827316284
0.47056294651702 0.169487971346825
0.440331909339875 0.154857652261853
0.408877355512232 0.15265385247767
0.373194924555719 0.14721862366423
0.339902998413891 0.145278378855437
0.332031939644367 0.144989805296063
0.334193222690374 0.148158183321357
0.399498636834323 0.161190870217979
0.436842043884099 0.156741679180413
0.48249768698588 0.181646480225027
0.472292345482856 0.153162212576717
0.481384400743991 0.163985196966678
0.511619350407273 0.166771413292736
0.512329819612205 0.167102290783077
0.524434424936771 0.192432541865855
0.548995839431882 0.206886501982808
0.5587741099298 0.206925300415605
0.579359251074493 0.201151870656759
0.544057470280677 0.0945505807176232
0.533842956647277 0.0954007576219738
0.541083610616624 0.0894260453060269
0.531111035961658 0.0658630933612585
0.550238993018866 0.0842392663471401
0.587731416802853 0.0908193830400705
0.568801357876509 0.103527609724551
0.549313485622406 0.0988622545264661
0.593216286040843 0.177030604798347
0.603186753578484 0.196796814911067
0.605730748269707 0.207532151136547
0.581785120069981 0.209168673492968
0.622790598776191 0.213553484529257
0.644845605362207 0.228430952411145
0.628863512538373 0.243760665878654
0.612565934658051 0.261419746559113
0.582477722782642 0.271438001189381
0.597674038726836 0.27345292083919
0.574959678575397 0.294324697460979
0.608042947947979 0.282098672352731
0.636311488691717 0.291829308029264
0.639874565880746 0.301791477482766
0.659697240684181 0.329447216819972
0.671953144017607 0.316560465376824
0.653694570064545 0.363723091315478
0.708814976271242 0.31588971382007
0.71995258750394 0.308250788599253
0.723598288372159 0.308162363246083
0.7055813386105 0.303813956677914
0.737783092074096 0.261593042407185
0.731205025687814 0.253702486865222
0.686406748834997 0.255489265080541
0.719970341771841 0.263957721181214
0.723142129834741 0.273619200102985
0.670439943671227 0.265419017523527
0.673868474084884 0.269022773485631
0.657303152605891 0.293711191043258
0.645024644210935 0.283162740059197
0.611225548665971 0.277163456194103
0.606614803429693 0.274902585428208
0.667626959271729 0.227150870952755
0.692180665209889 0.239838349632919
0.732501981314272 0.251037694513798
0.741573730949312 0.247927581425756
0.75446436740458 0.242697485722601
0.701319937128574 0.235539797693491
0.693486403673887 0.226290968712419
0.667937071528286 0.22264707274735
0.690345133654773 0.21534708654508
0.643912204541266 0.203279081732035
0.628562767989933 0.203230837825686
0.59618906583637 0.161716416943818
0.628594310488552 0.189512240234762
0.661389286164194 0.185280982404947
0.647313213441521 0.189982496201992
0.685345347970724 0.196738212369382
0.692699038423598 0.182879326399416
0.693965091835707 0.183226176071912
0.656251792795956 0.157324599102139
0.635288411285728 0.171745859086514
0.612079832702875 0.158562550321221
0.635157569311559 0.139449999202043
0.61133692972362 0.128692992962897
0.583529036026448 0.124188010580838
0.596951032988727 0.119670553132892
0.601161869708449 0.118077680468559
0.610192958265543 0.100174275226891
0.611067245248705 0.080863393843174
0.596083602868021 0.0716352015733719
0.657452864106745 0.101976392790675
0.657666901592165 0.127356335986406
0.66984043084085 0.134968852158636
0.675440900027752 0.139071798417717
0.676790890749544 0.122430960182101
0.678048244211823 0.112828159239143
0.694368393626064 0.100331963971257
0.685501552186906 0.0682262079790235
0.690786560531706 0.096903458237648
0.638745329808444 0.0446882648393512
0.662124194670469 0.0705160098150373
0.654470720328391 0.069032022729516
0.628771104384214 0.0527016129344702
0.622143368702382 0.0672606155276299
0.561061698943377 0.0364973447285593
0.604804510716349 0.0475841644220054
0.598875255789608 0.0376842250116169
0.592745175585151 0.0345961963757873
0.556955320294946 0.0218340936116874
0.605693846475333 0.027157511562109
0.689177712891251 0.0369635932147503
0.680372810456902 0.0240723164752126
0.676680728793144 0.0303221293725073
0.630209071096033 0.0205141846090555
0.625686553306878 0.00644853943958879
0.69754892680794 0.00325066782534122
0.705087987706065 0.00984917301684618
0.740275805816054 0.0196539317257702
0.725519109051675 0.022941286675632
0.709067426621914 0.0155074372887611
0.711479757912457 0.0239922250621021
0.713175666052848 0.0229020537808537
0.696094170678407 0.0357461771927774
0.684794875793159 0.0453070309013128
0.761644683778286 0.0386095908470452
0.800222157035023 0.0296062412671745
0.738350400235504 0.00581413041800261
0.8078658208251 0.0231945286504924
0.815693287178874 0.00425498001277447
0.821559732314199 0.00161672802641988
0.838481852784753 0.0251506483182311
0.829744611401111 0.0442150519229472
0.859410871285945 0.0318300672806799
0.87754985736683 0.0161981852725148
0.913358904886991 0.00293520232662559
0.917913264594972 0.00946194399148226
0.977950650267303 0.00543977180495858
0.978620928246528 0.0221402291208506
0.961458751000464 0.0415960876271129
0.905394495930523 0.0144795496016741
0.914516849443316 0.0458621014840901
0.897392574697733 0.0452340357005596
0.909382917452604 0.0538832363672554
0.923914753831923 0.058311372064054
0.941853508353233 0.0837232246994972
0.956574443727732 0.0879428391344845
0.97029312280938 0.0569157437421381
0.982154104392976 0.100330801215023
0.979784854222089 0.0577790751121938
0.973215383011848 0.0512147024273872
0.98419678863138 0.0589835224673152
0.986511242110282 0.0404532602988183
0.990878269076347 0.0443868031725287
0.993264741729945 0.130041886121035
0.997510047629476 0.211711222771555
0.999567986000329 0.408435321412981
0.996312731411308 0.390590662602335
0.992636062670499 0.470051344484091
0.987689154688269 0.166885952930897
0.989676066208631 0.111999954096973
0.963277000468224 0.132067099679261
0.969721954315901 0.22318516112864
0.968350455164909 0.146379387006164
0.978833241388202 0.148442171514034
0.983182763215154 0.173691810108721
0.986025418154895 0.292153795715421
0.990001939702779 0.377203191164881
0.988223751541227 0.573264675680548
0.98749783448875 0.46617071563378
0.982704955153167 0.205005230382085
0.983727241866291 0.436323791276664
0.986778956372291 0.452513575553894
0.980188897810876 0.431742619723082
0.979616653639823 0.427403718233109
0.977690315339714 0.281092566903681
0.975071961525828 0.274096274748445
0.96515223197639 0.343888361472636
0.960031308699399 0.283528556581587
0.961066866759211 0.366231918800622
0.955682319588959 0.391192072536796
0.953667950350791 0.464998634066433
0.962237499188632 0.480127956718206
0.954541746061295 0.484924476593733
0.94653950445354 0.495238241739571
0.942042971495539 0.436962882056832
0.940474497154355 0.447057951241732
0.949322278145701 0.336574528366327
0.95407158927992 0.218230015132576
0.953048697207123 0.132241325452924
0.949538567569107 0.125078538432717
0.944390104152262 0.10028703417629
0.948389083147049 0.241235476452857
0.944413669407368 0.219497793819755
0.943103909958154 0.332718823570758
0.935275434982032 0.33741771383211
0.940591705963016 0.401157577056438
0.932685690466315 0.321383595000952
0.931455060839653 0.311704209540039
0.932715394068509 0.322783917188644
0.926208359189332 0.361196615267545
0.920401535462588 0.35956929763779
0.923511608503759 0.321965037379414
0.925324957352132 0.309055245947093
0.919914236757904 0.311619399115443
0.914355954155326 0.296432221308351
0.90237477235496 0.286251983139664
0.920565794687718 0.250849074684083
0.911974333226681 0.262983357999474
0.892513441853225 0.295290159992874
0.86256107641384 0.274720455519855
0.860354274976999 0.260037011932582
0.860698944889009 0.256850619800389
0.836772729642689 0.288271500263363
0.839597278740257 0.276583258528262
0.889827089849859 0.222347013652325
0.887715801596642 0.230130238924176
0.913415912073106 0.208339762873948
0.931468463502824 0.27399939019233
0.927308490499854 0.255952958483249
0.934053064789623 0.232796932570636
0.937755199614912 0.247438079211861
0.94124224036932 0.130037888884544
0.926117123104632 0.15880216518417
0.926780438516289 0.179314348846674
0.923252255655825 0.173456779681146
0.906849649269134 0.161217876244336
0.914847238920629 0.14382459083572
0.908248999621719 0.15561125613749
0.89473962597549 0.137997437268496
0.901685484685004 0.173659354448318
0.884192702360451 0.181281386874616
0.894179588183761 0.1673742714338
0.843541690614074 0.14912851061672
0.864489343948662 0.2128667072393
0.869621261488646 0.227119626477361
0.864087929483503 0.244997822213918
0.859081989619881 0.243204914499074
0.839218382723629 0.226152812130749
0.844933523796499 0.228351906407624
0.845196377020329 0.184247802942991
0.805798806250095 0.141784979496151
0.805376961361617 0.141495561227202
0.82866200292483 0.116101516410708
0.863113754428923 0.10470163077116
0.866990357171744 0.116935360245407
0.87617619195953 0.0804081633687019
0.882279492914677 0.0781678296625614
0.933727708645165 0.131734990980476
0.927560054231435 0.139883306343108
0.938713130075485 0.127147344872355
0.921430360991508 0.0819722251035273
0.915516258683056 0.0716811562888324
0.908307687845081 0.0668339659459889
0.868232793640345 0.0636733355931938
0.857120861299336 0.0668842676095665
0.851733817253262 0.0936752576380968
0.834603750612587 0.0998518816195428
0.821182924788445 0.0803779629059136
0.792809064500034 0.0881292689591646
0.786199915688485 0.0988473175093532
0.773332667071372 0.0872032232582569
0.756530486512929 0.0848855348303914
0.773703462909907 0.0755662717856467
0.752396413590759 0.0749654988758266
0.802187102846801 0.0575652001425624
0.762037021573633 0.0691536893136799
0.733631495386362 0.0581026943400502
0.73804429685697 0.0656534368172288
0.701163874007761 0.0521179838106036
0.688210331369191 0.0587992980144918
0.682944522704929 0.0485921874642372
0.695462522562593 0.0969047383405268
0.6993299103342 0.108537002466619
0.693045570515096 0.117212230805308
0.690726309083402 0.119736973661929
0.701505341567099 0.117882946971804
0.745777874719352 0.164116226602346
0.758500383701175 0.175415867008269
0.753003915306181 0.161711765453219
0.721548130735755 0.112266261596233
0.705823624040931 0.0932536250911653
0.72667008638382 0.117788456380367
0.720169354230165 0.0986045114696026
0.743543932214379 0.111325861420482
0.765242720488459 0.11162744788453
0.781782735139132 0.135791868902743
0.786178286187351 0.106758357491344
0.73708267416805 0.100685379002243
0.758031867910177 0.095904141664505
0.786767206154764 0.100706785451621
0.81134140258655 0.0906092948280275
0.812004170846194 0.105167524889112
0.807889297604561 0.109732210170478
0.785918023902923 0.147234488744289
0.816081495024264 0.200698759872466
0.789654119871557 0.172726627904922
0.776621357072145 0.176520548760891
0.793358442373574 0.195174322463572
0.797822573687881 0.221785801462829
0.785618598107249 0.199890112504363
0.753071265295148 0.185902694705874
0.775113994255662 0.217835938557982
0.799555644392967 0.224040921777487
0.813885926734656 0.227246372494847
0.82597982743755 0.246353553142399
0.821040962822735 0.243109886534512
0.817886021919549 0.268980226013809
0.813706666231155 0.248089387081563
0.800210406538099 0.259622108191252
0.778636898379773 0.25076004024595
0.78872617892921 0.27061002748087
0.816041158512235 0.283481300342828
0.831476859282702 0.272468450479209
0.804634441621602 0.301481384783983
0.787912375293672 0.28152670012787
0.783260683529079 0.273402879480273
0.766385587863624 0.243498476687819
0.756740974262357 0.209124338813126
0.737372484523803 0.188914127182215
0.698733933735639 0.17034546053037
0.672587359324098 0.159884438384324
0.725631185807288 0.189457101281732
0.758405091241002 0.235610492993146
0.767550026997924 0.288183415774256
0.718406411353499 0.335881236940622
0.733983291778713 0.329247634857893
0.752454268280417 0.305182006210089
0.764594563748688 0.306326810736209
0.772813635412604 0.339791888836771
0.770860535558313 0.352501554880291
0.756164465565234 0.370451806113124
0.751062560360879 0.366652014199644
0.752524254843593 0.389307447243482
0.76184767531231 0.378915025852621
0.783280440606177 0.386687380261719
0.773570226039737 0.382461342029274
0.79349614912644 0.345339991152287
0.798255141358823 0.33666856167838
0.799132655374706 0.324438575189561
0.832394111901522 0.309808542020619
0.858573025558144 0.324587925337255
0.866717819590122 0.386940971016884
0.869048257358372 0.385298339650035
0.861574453301728 0.427015462424606
0.875355486292392 0.430109603330493
0.871508282143623 0.453962250612676
0.878868326544762 0.423993716482073
0.882594362366945 0.462181552778929
0.879314329009503 0.499121469911188
0.878544728737324 0.54184663342312
0.88185980822891 0.54394559469074
0.893784957472235 0.504847003147006
0.896473784931004 0.504716189578176
0.90444884262979 0.451298940461129
0.899259680416435 0.476924382150173
0.890424483921379 0.402423048391938
0.884271784219891 0.395960312336683
0.896161095239222 0.351146929431707
0.906045916490257 0.31064226385206
0.910316450055689 0.317347897682339
0.903378907591105 0.383747790008783
0.906333823688328 0.402252880390733
0.922163744922727 0.441605648957193
0.929312388412654 0.424259882420301
0.915176384150982 0.593040091451257
0.928459182847291 0.515591965988278
0.933791926596314 0.514031925238669
0.933985479641706 0.512370826210827
0.942572141531855 0.54432169161737
0.95359617145732 0.57944451039657
0.955878966022283 0.591952197719365
0.941731553059071 0.635894693434238
0.949911208823323 0.650228884071112
0.932382402475923 0.78183261398226
0.922276048455387 0.800242491066456
0.915914764162153 0.782699749339372
0.920373404398561 0.740762915927917
0.924274348188192 0.778851178474724
0.929284734651446 0.702090196311474
0.937436616513878 0.648874832782894
0.941476873587817 0.63565825112164
0.94089872809127 0.594101874157786
0.934516945388168 0.58645012229681
0.933072674553841 0.575784000568092
0.930471944622695 0.578204667661339
0.926961709745228 0.592434525489807
0.92163168033585 0.654435359872878
0.927038677036762 0.639160092920065
0.924480484332889 0.66861116932705
0.925404570065439 0.709094834513962
0.901315347291529 0.791848895605654
0.901176871731877 0.791484680958092
0.885750057175756 0.765793909318745
0.881189973559231 0.765239604283124
0.846782558597624 0.764634053688496
0.886496255639941 0.755814485717565
0.877049083355814 0.7520761792548
0.892054462339729 0.735635524149984
0.896089695394039 0.750070875044912
0.890629560220987 0.758716979064047
0.898904059547931 0.756714093033224
0.900843346025795 0.67687000380829
0.88992384634912 0.670428751967847
0.895110120996833 0.640911511145532
0.902493997942656 0.631520870141685
0.910273384302855 0.611942414194345
0.910943414550275 0.603894728701562
0.902067237533629 0.613445928320289
0.907328378409147 0.541620490141213
0.906996869016439 0.52116699423641
0.892179301008582 0.577483635861427
0.876591965556145 0.578740540891886
0.877827487420291 0.554619548842311
0.851182895712554 0.538627319503576
0.843825530260801 0.575657356530428
0.855001873336732 0.56598909990862
0.857038246933371 0.56437502335757
0.862677288707346 0.561025099363178
0.864905294030905 0.579997430089861
0.818380023352802 0.621738942340016
0.858295935206115 0.607196278870106
0.844564742408693 0.64761248556897
0.831324927974492 0.676135687623173
0.848079746123403 0.675084752030671
0.858840596862137 0.665521869901568
0.872803490143269 0.615533584728837
0.89743620576337 0.600929198320955
0.899071118794382 0.593177898321301
0.899230369832367 0.583108921069652
0.899045241530985 0.608167082071304
0.886885439045727 0.643894586712122
0.888752354308963 0.657226614188403
0.878066796809435 0.670461613684893
0.871888235677034 0.685550611466169
0.864945556037128 0.694825588259846
0.847304066177458 0.705414204858243
0.864091790281236 0.71333271311596
0.885282328352332 0.696330248378217
0.832553382497281 0.754216948989779
0.832119474653155 0.750568729825318
0.835038105491549 0.730289155617356
0.819697387516499 0.728015762753785
0.826860501430929 0.765826033893973
0.81340359756723 0.765212847385556
0.811211565509439 0.800659710541368
0.869321711361408 0.785397130995989
0.884624450933188 0.812488687690347
0.878602745011449 0.804424190428108
0.875197533518076 0.82238003378734
0.888952740002424 0.841052790638059
0.886748286895454 0.844899053685367
0.889045281801373 0.842361483722925
0.904351289384067 0.849895711988211
0.899068371392787 0.858247510157526
0.921499394346029 0.902621030807495
0.895276164636016 0.900429486297071
0.889009016100317 0.923950623255223
0.864739910699427 0.941998530179262
0.90156958764419 0.941709075123072
0.922235119156539 0.958869397640228
0.925084833055735 0.932745253667235
0.935950158629566 0.93784839939326
0.945890032686293 0.931224504485726
0.949442714452744 0.935961993411183
0.970661517698318 0.914239048026502
0.988897029776126 0.903299137018621
0.981553179677576 0.837281903252006
0.976499482057989 0.858922072220594
0.972379179671407 0.886071902234107
0.967378160450608 0.90899845212698
0.937147011514753 0.921061443630606
0.940712172072381 0.915715205483139
0.961215458344668 0.894931206479669
0.952588635962456 0.85313652921468
0.946015362162143 0.866258283611387
0.938338743057102 0.880863791331649
0.928921486251056 0.877699614968151
0.932683798484504 0.860555077437311
0.938932669349015 0.860267023555934
0.948907685000449 0.812335015740246
0.948095998726785 0.796309213619679
0.94312037806958 0.768215264193714
0.967058377340436 0.820519366767257
0.967797750607133 0.849570794962347
0.967065897304565 0.864309833850712
0.97516532568261 0.824002302717417
0.970842585433275 0.80484277755022
0.969966428354383 0.723987283650786
0.968867457937449 0.706273562274873
0.961993194185197 0.683600602205843
0.956025980878621 0.682647002395242
0.960289452690631 0.648335834499449
0.958247492089868 0.653170344419777
0.971720648463815 0.516760105732828
0.963553424924612 0.592101908288896
0.958944762125611 0.611210000701249
0.955230885650963 0.509887502063066
0.964874553959817 0.493104390334338
0.964700480457395 0.424452762119472
0.978442132007331 0.452401628252119
0.977551496587694 0.564767834730446
0.979522224981338 0.59309747396037
0.973322487436235 0.614477768074721
0.985991175752133 0.672393115703017
0.991145672742277 0.587206733878702
0.989180402830243 0.559550452511758
0.992117198649794 0.597588511649519
0.993562340270728 0.580561126582325
0.998423230368644 0.555254139471799
0.998980623669922 0.857530124019831
0.992587874643505 0.72950987610966
0.994227906689048 0.733994574286044
0.996436330955476 0.689108601771295
0.993399315048009 0.627399699296802
0.989809177350253 0.707455747295171
0.983647094573826 0.724307107739151
0.987612803932279 0.749005971476436
0.994663522113115 0.801153285428882
0.996130727697164 0.81828079931438
0.994446581695229 0.820419706404209
0.993472554255277 0.846413372084498
0.99277950450778 0.872285596095026
0.996093670837581 0.996376113500446
0.988491470459849 0.947110512293875
0.988788854796439 0.923987102229148
0.987880029249936 0.948778606019914
0.977194039151073 0.951995051000267
0.959513337817043 0.976608907803893
0.975258310791105 0.986068233381957
0.977526023052633 0.989764139987528
0.989747415762395 0.996012180112302
0.952678766101599 0.979813400190324
0.925525526050478 0.98594631254673
0.943184877280146 0.955587688833475
0.958766453899443 0.949988133274019
0.943656667135656 0.952517510857433
0.92864639358595 0.973081458359957
0.9248016634956 0.964376910123974
0.921978597063571 0.96550616947934
0.874735747929662 0.993494174443185
0.865423905663192 0.989994997624308
0.848464504815638 0.97582794399932
0.719207050744444 0.957814381923527
0.731173706706613 0.966820568777621
0.705515893641859 0.992009836249053
0.776690506376326 0.994374772533774
0.812684891279787 0.98679763963446
0.81413084641099 0.98190162004903
0.833413750398904 0.99324539443478
0.768058856483549 0.996519568376243
0.708163865376264 0.998108527157456
0.711216628551483 0.998150826897472
0.68383269617334 0.998153742868453
0.652609648182988 0.99964498821646
0.663151805754751 0.980981824919581
0.638891204725951 0.986234629526734
0.643309486098588 0.944707509130239
0.660784193780273 0.961094767786562
0.691678011789918 0.959766315761954
0.67024898994714 0.95365122705698
0.67261528968811 0.946486321743578
0.744247988332063 0.951880213804543
0.757783592212945 0.955283249728382
0.82796930661425 0.960225610993803
0.842942425981164 0.966656943317503
0.860534088686109 0.97307805577293
0.862381286453456 0.972197832074016
0.869299144018441 0.977154622320086
0.879990824032575 0.957269430626184
0.830130455084145 0.957469088956714
0.822378786280751 0.952499369625002
0.826210362371057 0.955602620728314
0.683942726813257 0.939039872959256
0.788640518672764 0.945298132952303
0.818068346939981 0.945262910332531
0.811292150057852 0.941489320714027
0.841769908089191 0.937600218225271
0.85776118375361 0.910624206531793
0.895298878662288 0.890588412061334
0.887375047896057 0.880559821613133
0.881834853906184 0.852552407421172
0.865050395950675 0.829280736390501
0.826656894758344 0.849013722967356
0.8506816374138 0.82346121314913
0.844959824346006 0.825430915225297
0.832072054035962 0.826602770481259
0.786374476272613 0.836606042459607
0.80492601217702 0.857598886359483
0.813254151493311 0.866784954443574
0.809087759815156 0.853936322033405
0.807087724562734 0.840367935597897
0.829612182918936 0.852842377033085
0.849614056292921 0.892433805391192
0.790850610006601 0.894451946951449
0.838304604403675 0.914133599027991
0.839842272922397 0.914761249907315
0.814529451075941 0.938217357266694
0.806449775118381 0.901850710157305
0.784406306222081 0.919882723595947
0.779593263287097 0.926400263328105
0.712292982265353 0.935354378074408
0.69717709813267 0.935910363681614
0.716293873265386 0.930189521517605
0.723715335130692 0.922907948959619
0.772083793766797 0.888062908314168
0.782411345746368 0.877676614094526
0.774163765832782 0.849183713085949
0.774187304079533 0.853873232845217
0.720841750502586 0.90905800415203
0.754682879429311 0.833823251072317
0.766139968764037 0.825021183118224
0.752785353455693 0.827188996132463
0.699461180716753 0.914522788953036
0.761711348313838 0.811036339495331
0.778585794847459 0.811101530212909
0.778378456365317 0.837331045418978
0.785510308574885 0.83337814360857
0.779426254332066 0.801250962074846
0.793110692873597 0.808852455113083
0.803976695518941 0.745174451731145
0.792324376758188 0.764555560424924
0.791929477825761 0.765089562628418
0.769074444193393 0.798806726466864
0.769239096902311 0.780964722391218
0.783091559074819 0.743521282449365
0.787073547486216 0.720313143916428
0.810725615359843 0.670193429570645
0.798709206748754 0.679565344471484
0.764270870015025 0.730692946352065
0.764447073917836 0.730844418052584
0.762966664973646 0.738280241377652
0.768894888926297 0.740825823508203
0.763958330266178 0.770842779427767
0.750590522773564 0.798273321706802
0.731447516940534 0.793268245179206
0.725654148962349 0.831184864975512
0.721204419620335 0.846429467201233
0.713742207735777 0.847228281199932
0.690275041386485 0.926108897663653
0.676827250048518 0.937994281295687
0.668531185481697 0.922740696929395
0.618477476295084 0.912045674398541
0.578119662124664 0.906975050456822
0.653504146728665 0.891786397434771
0.665992798283696 0.91215585032478
0.683977589011192 0.897395031526685
0.669247709214687 0.879745282698423
0.659473015926778 0.886473296675831
0.660341664217412 0.870603242889047
0.63131123688072 0.877243443857878
0.599612402264029 0.897031397093087
0.577530059963465 0.892433300614357
0.551445301622152 0.896261051297188
0.632877460680902 0.868414678610861
0.661830375436693 0.84140217024833
0.671316453721374 0.829659630544484
0.668938058428466 0.802186282351613
0.667142102494836 0.817162025719881
0.627147149760276 0.839482410345227
0.616170762106776 0.851002315059304
0.596893772017211 0.854003992862999
0.590524330269545 0.867346538696438
0.567590137012303 0.882658809423447
0.59643963817507 0.839674532413483
0.591666811611503 0.83999372785911
0.546224986203015 0.873712591826916
0.509892221540213 0.881039972882718
0.494883756153286 0.897744444664568
0.512153381947428 0.897016673814505
0.560572230722755 0.909506958909333
0.54822056600824 0.915265923365951
0.496384547557682 0.903254069853574
0.49832351738587 0.958233146928251
0.493089030031115 0.959048635326326
0.479418470524251 0.971301799174398
0.448285237886012 0.981164755765349
0.439168754033744 0.943466062191874
0.483783785253763 0.900443715043366
0.476553587242961 0.895711545366794
0.431467962451279 0.94428916182369
0.41584315802902 0.921616153325886
0.382702868431807 0.937670318875462
0.294232812244445 0.947141480632126
0.384637557901442 0.923128460533917
0.450748458039016 0.908179331570864
0.346625425387174 0.924234438221902
0.311594459228218 0.937571427319199
0.341853596735746 0.915194028057158
0.409097977448255 0.874678421765566
0.421289760619402 0.875743004027754
0.412153625395149 0.903093352913857
0.419755298178643 0.898878409527242
0.443787899333984 0.879529449623078
0.444097327534109 0.868344851303846
0.436581679154187 0.863182662054896
0.432182636577636 0.862224399112165
0.414137917105108 0.849552660249174
0.41912185959518 0.847253730986267
0.433737887069583 0.828913636971265
0.446948226075619 0.841375906020403
0.454618366900831 0.873860403895378
0.430467937607318 0.892093893606216
0.45701495045796 0.878061832860112
0.515588627196848 0.858495356049389
0.538410142995417 0.858230428770185
0.552877083420753 0.832919725682586
0.561921052634716 0.82134501170367
0.566059598233551 0.835369035135955
0.601936316583306 0.797933072317392
0.618256494868547 0.816665721591562
0.64185276767239 0.814938290044665
0.623077612370253 0.800945980940014
0.607917884830385 0.78995516942814
0.634260977152735 0.77500265231356
0.615182400681078 0.790449371095747
0.668720180168748 0.788612580858171
0.660717960447073 0.786601279396564
0.70499222073704 0.776742897927761
0.701286083552986 0.763670389540493
0.701287863776088 0.75906570116058
0.719473099336028 0.752879072912037
0.740435067098588 0.72692784294486
0.763431054539979 0.681151815224439
0.750123352278024 0.714061943814158
0.747678203042597 0.719531228300184
0.712853448465466 0.779588021337986
0.710798844695091 0.786496506538242
0.700312601402402 0.794102657586336
0.708162660710514 0.818354583811015
0.693920404650271 0.811993315350264
0.681226423475891 0.824730651453137
0.64851336274296 0.870576146990061
0.65322687709704 0.869694301858544
0.663916547782719 0.860173361841589
0.667789445724338 0.877032936550677
0.667547672986984 0.879101061727852
0.682694256771356 0.879473191220313
0.690281457267702 0.876044466160238
0.704530351329595 0.866320622619241
0.702590915374458 0.841539124492556
0.714020703453571 0.835291170980781
0.713036131113768 0.816103290300816
0.717379509471357 0.817656609229743
0.729646757245064 0.783423450775445
0.73961114929989 0.757997777778655
0.737502589356154 0.755204523447901
0.745300644543022 0.744958408176899
0.753396858461201 0.75299939699471
0.806874157860875 0.628410141915083
0.816341997589916 0.643503160681576
0.798894042149186 0.650755263399333
0.823202344588935 0.685127517674118
0.825087893754244 0.672739982139319
0.830262349452823 0.638626720756292
0.804888991173357 0.621714616194367
0.832865936215967 0.567254801280797
0.83452044473961 0.551149087958038
0.859297330956906 0.508266435470432
0.866941725369543 0.513761439826339
0.851051304023713 0.491216503083706
0.838814715854824 0.44034092174843
0.843073759227991 0.448841746896505
0.844290912616998 0.438442991580814
0.839626891538501 0.381440877448767
0.829080495517701 0.391900040674955
0.849041605833918 0.366956837009639
0.836002342868596 0.366989876143634
0.816970145795494 0.408588638529181
0.815596484113485 0.387526380829513
0.813211793079972 0.380641000345349
0.808441618923098 0.369905633851886
0.790557929314673 0.402242874260992
0.769371769391 0.464631337206811
0.807084119413048 0.394474435131997
0.794234441127628 0.440789002925158
0.801223656628281 0.438058810774237
0.819521821569651 0.455808260943741
0.836789652239531 0.483447579666972
0.842573778238147 0.527707093860954
0.833389666397125 0.496390918269753
0.811053427867591 0.504709536209702
0.819263521581888 0.534221013076603
0.819554151967168 0.539934399072081
0.811875337734818 0.569407985080034
0.810975193046033 0.572637519333512
0.837247452232987 0.539374613203108
0.809964717831463 0.60730111040175
0.802877712529153 0.604444315191358
0.786812692414969 0.625690445303917
0.796652415767312 0.596481307409704
0.775766684673727 0.656610592734069
0.73374276002869 0.731138442642987
0.736580072436482 0.721309653483331
0.75395559379831 0.665023591835052
0.778059209696949 0.601662299595773
0.790054043289274 0.539874454494566
0.80695255054161 0.487908777780831
0.783818969037384 0.492154951673001
0.762939321808517 0.521535274107009
0.755857679992914 0.540250197518617
0.778206716757268 0.522536530159414
0.763668568339199 0.563656210433692
0.757608574349433 0.573672797996551
0.742142769973725 0.592736601829529
0.752667447086424 0.596884040161967
0.744367714039981 0.625995037145913
0.737974643707275 0.607117213308811
0.741985998116434 0.625770213082433
0.737828005570918 0.645519191399217
0.725558774545789 0.662452097516507
0.735898701474071 0.696130665019155
0.710797016508877 0.723227896727622
0.700186537578702 0.749486828688532
0.698916299268603 0.740872415713966
0.678499173838645 0.732607710640877
0.669377839658409 0.749457804951817
0.696527814492583 0.753743837121874
0.660575408022851 0.763631725218147
0.6438556201756 0.763565638102591
0.601269566453993 0.773065818008035
0.600188903976232 0.789384736213833
0.568964863196015 0.808962877839804
0.568069742061198 0.807375122793019
0.564601701218635 0.809807320591062
0.622186953667551 0.721494377125055
0.660425276495516 0.688746436033398
0.659160429146141 0.72138953069225
0.621425325516611 0.728553905151784
0.637820926960558 0.73265655618161
0.615693333558738 0.747193316463381
0.610671387985349 0.756470827851444
0.633754745125771 0.757954377215356
0.661104427650571 0.742008832748979
0.664492181036621 0.735184776596725
0.666619478259236 0.719264631159604
0.66969001153484 0.716690604109317
0.670873777940869 0.715965302661061
0.68628063518554 0.726825819350779
0.69757482688874 0.732069967314601
0.70092799467966 0.718117163516581
0.745354813523591 0.510357438120991
0.734069789294153 0.495830967556685
0.727537925820798 0.497383790556341
0.689215725287795 0.531517794821411
0.706782599445432 0.56101272534579
0.694559982977808 0.565898225177079
0.685271238908172 0.532205755356699
0.689255222678185 0.592215301003307
0.689040485303849 0.654413287527859
0.682870945893228 0.633626682218164
0.671968329697847 0.644065961241722
0.679835125338286 0.661505448631942
0.671341541688889 0.671085625886917
0.636504844762385 0.702634545043111
0.660311109852046 0.679350551217794
0.679320089984685 0.661016703117639
0.670245663262904 0.665709330234677
0.654439264908433 0.663161023054272
0.592560437507927 0.734821847174317
0.580475524067879 0.7522541298531
0.561689311172813 0.777960489038378
0.561101157218218 0.778519538231194
0.557749772444367 0.781698278151453
0.583701251540333 0.760544586926699
0.546602373942733 0.824807806871831
0.531018240377307 0.839993999805301
0.477164222858846 0.832470426801592
0.507378023583442 0.828992646187544
0.489074013195932 0.833766030613333
0.540642844513059 0.822265036404133
0.540643261279911 0.809365418273956
0.571489496622235 0.754682585131377
0.653556816279888 0.661243774928153
0.660367733798921 0.641723996028304
0.678224107250571 0.590002708602697
0.659893799107522 0.592468469403684
0.679757973644882 0.561797145754099
0.661194588989019 0.57487325090915
0.597976318560541 0.579089778009802
0.574181255418807 0.622011587955058
0.60405167657882 0.609374054241925
0.631331738084555 0.626407162286341
0.628415952436626 0.628054286818951
0.620167486835271 0.638994325418025
0.626620769035071 0.640316251665354
0.608277675230056 0.663745511323214
0.600373363122344 0.647319330833852
0.57556196115911 0.633627339266241
0.563322594854981 0.655440495349467
0.554868558887392 0.676447003148496
0.588913499377668 0.680074512958527
0.521126001141965 0.680895183235407
0.503102533519268 0.687199158128351
0.466698107309639 0.713743212167174
0.5294313817285 0.703172496519983
0.607574592810124 0.678147410508245
0.602865738794208 0.687769416254014
0.599335053004324 0.697091098874807
0.585719938389957 0.712238384410739
0.541069915983826 0.776107524055988
0.532724202610552 0.805077094119042
0.510583317838609 0.80050277383998
0.487055764067918 0.808609921485186
0.475266634020954 0.812923852819949
0.495076877065003 0.822436057962477
0.483852501958609 0.819200058467686
0.384457454551011 0.810788254719228
0.373570846393704 0.820281281601638
0.423035399056971 0.82323699304834
0.41450277948752 0.824494335800409
0.377993530593812 0.862636563368142
0.339529761113226 0.903348105959594
0.325971878133714 0.911765937693417
0.317432339303195 0.926721551455557
0.305442807730287 0.922614497132599
0.323180652689189 0.910759296733886
0.328829815611243 0.895052346400917
0.26034513534978 0.962473786436021
0.251105243340135 0.967552255373448
0.28824817109853 0.950935491360724
0.295434569008648 0.955072351265699
0.323187962640077 0.958438476547599
0.304952671285719 0.96902409940958
0.332254828419536 0.966138306539506
0.362745974212885 0.940834125503898
0.358059652149677 0.950896608643234
0.351715719792992 0.962786414660513
0.358204115182161 0.965847567655146
0.35361216776073 0.984290277119726
0.364305706229061 0.982024168595672
0.370248244609684 0.977926841005683
0.440108257345855 0.956869442947209
0.415725382510573 0.970142330043018
0.332408098038286 0.994819794315845
0.434050250332803 0.989459060598165
0.53270673379302 0.966499883681536
0.505737836938351 0.96793511742726
0.581792311277241 0.943282782565802
0.595932506490499 0.946250509936363
0.586725184228271 0.949940918944776
0.532544248271734 0.975101156625897
0.523229246027768 0.979722477030009
0.598952539265156 0.963255800306797
0.603130014613271 0.953960701823235
0.604339837562293 0.921080129686743
0.618300850503147 0.944963070098311
0.644730309490114 0.92925424547866
0.614117322023958 0.953757685143501
0.625498218927532 0.959842022974044
0.594110866077244 0.972745668143034
0.623276942409575 0.966278839390725
0.622663723770529 0.990611356217414
0.595740276388824 0.995093962643296
0.59345068782568 0.992245527449995
0.516003543045372 0.983724279329181
0.543195811565965 0.987675348296762
0.543579748831689 0.999399430584162
0.511036371346563 0.996770900208503
0.480288727674633 0.997561233118176
0.428030079696327 0.991519367322326
0.367201314773411 0.993932968471199
0.32018591882661 0.998654323630035
0.300653940998018 0.993178046774119
0.289988371077925 0.986033686436713
0.279707652516663 0.981079345103353
0.293038351461291 0.979799823369831
0.232560860458761 0.983224138151854
0.212896919809282 0.973328237887472
0.17527581192553 0.948494476266205
0.134911824949086 0.980135791935027
0.141173717100173 0.979806637857109
0.167474323417991 0.984495893586427
0.186410882510245 0.988655987661332
0.144839585293084 0.999385410454124
0.150676606222987 0.991432071197778
0.136141632217914 0.981443872209638
0.0638252315111458 0.986927334219217
0.0823853285983205 0.989418806973845
0.0481967721134424 0.998098519165069
0.0396192562766373 0.987798155285418
0.0280766845680773 0.982977324165404
0.00722086057066917 0.989208805840462
0.00182508677244186 0.86806046962738
0.0166536867618561 0.964478992391378
0.0510406610555947 0.978265712037683
0.0488717355765402 0.985258020460606
0.0843602106906474 0.976763237733394
0.101202432066202 0.970952291041613
0.101817708462477 0.944356116000563
0.070562734734267 0.944459973834455
0.0829237909056246 0.926543837878853
0.0549038620665669 0.947296720929444
0.0605110074393451 0.934228659141809
0.0281253708526492 0.936416171956807
0.052451076451689 0.897268221713603
0.0412765787914395 0.925759335979819
0.0844745375216007 0.899830938782543
0.11902141943574 0.874860014766455
0.123328270856291 0.881830713246018
0.133997634518892 0.861833452247083
0.180895601864904 0.844225731678307
0.129868876188993 0.887652142439038
0.14129011053592 0.887485558632761
0.117972641251981 0.911281628068537
0.137070796918124 0.895028598140925
0.154779456090182 0.901475682388991
0.15626541338861 0.889702552929521
0.17466776072979 0.90250101312995
0.168268169742078 0.924600496888161
0.166724258568138 0.934178372845054
0.170904062222689 0.946431461255997
0.239404878113419 0.954950773157179
0.262199169024825 0.933880515396595
0.26288890838623 0.938336740247905
0.258793536107987 0.948336694855243
0.276605612132698 0.928575844038278
0.290943914558738 0.918796634767205
0.309826896525919 0.899225989356637
0.31343097705394 0.893442030996084
0.333119930699468 0.883964401204139
0.348497773520648 0.887871470302343
0.347892620135099 0.873773213475943
0.318855787161738 0.872317415196449
0.307006421964616 0.87062455387786
0.283090777229518 0.869821941945702
0.262178468517959 0.864821430761367
0.242202346678823 0.867941990029067
0.261126705911011 0.873593830037862
0.203140780329704 0.920485849026591
0.252830020152032 0.875384621787816
0.211586282588542 0.888882058206946
0.198570965323597 0.900197824463248
0.199859130196273 0.891386844683439
0.242489153984934 0.785099796485156
0.243304320145398 0.779936816543341
0.241808238439262 0.773378754034638
0.269499324727803 0.774996676947922
0.312649521511048 0.779530474916101
0.275909669697285 0.803750274237245
0.274757602252066 0.781009740196168
0.247646789532155 0.799683583434671
0.237153260968626 0.825106773059815
0.210334753151983 0.883839599788189
0.214804687537253 0.879923551343381
0.257644335739315 0.819794023875147
0.270511093083769 0.811627763323486
0.269166331738234 0.813036652747542
0.279374272096902 0.809497841633856
0.282489520963281 0.811810131650418
0.258733167778701 0.830356400460005
0.264814549591392 0.838924390729517
0.294895272236317 0.834619333036244
0.316522844135761 0.821433061268181
0.298058967571706 0.857158568222076
0.312321764882654 0.851583732292056
0.322781885508448 0.839153998531401
0.34293685015291 0.837478772271425
0.351231826003641 0.814260199200362
0.391759391874075 0.795584166422486
0.362946088425815 0.799851024057716
0.317752328235656 0.829701627604663
0.338017450645566 0.807966529391706
0.381807038094848 0.783989850897342
0.385817055590451 0.786955965217203
0.394410356879234 0.789600474759936
0.406535669229925 0.791803513653576
0.417757784947753 0.793583055492491
0.451168622355908 0.786932958289981
0.478411682881415 0.78703417815268
0.48165414808318 0.795979195740074
0.505071262363344 0.773225588724017
0.499343093018979 0.778714198153466
0.507670357823372 0.768552920315415
0.545085658784956 0.755951250437647
0.534898770507425 0.748426686506718
0.544430755544454 0.709531344473362
0.541746330913156 0.709752164315432
0.534090781118721 0.718284917529672
0.524121515452862 0.752965319436044
0.507142759393901 0.762802665587515
0.502502290531993 0.760700070299208
0.509932701010257 0.75839372118935
0.525717606768012 0.742485970724374
0.471167029347271 0.766476022079587
0.426745052915066 0.750133366324008
0.438460813369602 0.758493783418089
0.406110160984099 0.766385876573622
0.414077640976757 0.772481604479253
0.470953054260463 0.777323959395289
0.41191735630855 0.77533718617633
0.388262171298265 0.774742517620325
0.387217651121318 0.766279400326312
0.359495286364108 0.778766684234142
0.31542619690299 0.815238720737398
0.370260843541473 0.747134896460921
0.367962256539613 0.76718680979684
0.375914309173822 0.765330573078245
0.380149228032678 0.764054815750569
0.403714177198708 0.758163311053067
0.380266952794045 0.757226578425616
0.41360441269353 0.75452526519075
0.42222941853106 0.742633767891675
0.405784371774644 0.742086647078395
0.410069530364126 0.735768793616444
0.442377666011453 0.740338162984699
0.530165338423103 0.712397888768464
0.487910285592079 0.721179089508951
0.456282829865813 0.730178319383413
0.438993647228926 0.72936598258093
0.438863307703286 0.703960289712995
0.485823411960155 0.684679878875613
0.506225122604519 0.673975749872625
0.513163757510483 0.652064449619502
0.528726470191032 0.632666806690395
0.530518046114594 0.608822005800903
0.538247454445809 0.608006407972425
0.529918943531811 0.600076434668154
0.503559236414731 0.631987972650677
0.5231937863864 0.588895063381642
0.506419816054404 0.60006050998345
0.534884240478277 0.577837137039751
0.538209866266698 0.580490360036492
0.544473200570792 0.636318884789944
0.559039630461484 0.621023352257907
0.550112341996282 0.572220427449793
0.566685033496469 0.546487621031702
0.57255593733862 0.543667457532138
0.586946350522339 0.528909089975059
0.612374324351549 0.515264751389623
0.566821904387325 0.559687139466405
0.578541290946305 0.574098378419876
0.592796251177788 0.556824409402907
0.635791809298098 0.507716548163444
0.644043751526624 0.497378373518586
0.64746641786769 0.5073566371575
0.652421547565609 0.526505601592362
0.63058327883482 0.550538702867925
0.630076074972749 0.559149280190468
0.634022046811879 0.560683357063681
0.676620388403535 0.508864872623235
0.731706773396581 0.492562901228666
0.767089333385229 0.498152401298285
0.745605068281293 0.474708733148873
0.730658155865967 0.465954940300435
0.762072976212949 0.445195039734244
0.775211452040821 0.416291012894362
0.779644949827343 0.391826027538627
0.763207422103733 0.403913068585098
0.747211107984185 0.410638267640024
0.723402626812458 0.428496582433581
0.74906133627519 0.433863839134574
0.728599038440734 0.446183262392879
0.684824923053384 0.495066613890231
0.677559288684279 0.497636443004012
0.668490567244589 0.494026633445174
0.655652854125947 0.455715869087726
0.690026476047933 0.446983810514212
0.69772872608155 0.438465486746281
0.694722630549222 0.426373950205743
0.700563354883343 0.428804717026651
0.725272849202156 0.40448413323611
0.713958605658263 0.411645922344178
0.734151637647301 0.378610635641962
0.7018540375866 0.363845208194107
0.708301724400371 0.389861053321511
0.642163147684187 0.45482129836455
0.646025146823376 0.446587851736695
0.639056176878512 0.443951739929616
0.645304146688432 0.443021609913558
0.663117657415569 0.406404852867126
0.667188035789877 0.401765766553581
0.680170237552375 0.357542403042316
0.668277977500111 0.365975073538721
0.641328562051058 0.403415532317013
0.645199228078127 0.411841775756329
0.620299741160125 0.416798252612352
0.614038352388889 0.411960628349334
0.634474997874349 0.376175869256258
0.583595739677548 0.337525113020092
0.606339115649462 0.318233316764235
0.549175771418959 0.314209251664579
0.56483987160027 0.33803328871727
0.557802401483059 0.340321571100503
0.549531300552189 0.356075906194746
0.55029647378251 0.363271244801581
0.482251591980457 0.364851007703692
0.534642059355974 0.394308752845973
0.502887307666242 0.434869335498661
0.504892777185887 0.459611848462373
0.540596544276923 0.468907922971994
0.519716535229236 0.45833677565679
0.536119073163718 0.449509256053716
0.551526238676161 0.474514022935182
0.549500077962875 0.47446281183511
0.559346658177674 0.506827132310718
0.568615844473243 0.503054248169065
0.558770623523742 0.479679476935416
0.552559141069651 0.462208106648177
0.55668667005375 0.458760799840093
0.564575277268887 0.44339924165979
0.531777826603502 0.425151645205915
0.520056835375726 0.427380489185452
0.54222666984424 0.397430379409343
0.555381892248988 0.418439312838018
0.56382651720196 0.414875064510852
0.58367451839149 0.413514865096658
0.55695664556697 0.381515529938042
0.570289173163474 0.390698111150414
0.607873366679996 0.393231306690723
0.590697453822941 0.403455280698836
0.595699490047991 0.414437122642994
0.601123286411166 0.422152420971543
0.601284506265074 0.432957085780799
0.603999925311655 0.44918071385473
0.576366912573576 0.502375883050263
0.619741136673838 0.469142844900489
0.633711310103536 0.468905321788043
0.626174869015813 0.48053479148075
0.611029414460063 0.503437876235694
0.604618095327169 0.50224071694538
0.551151709165424 0.536331706680357
0.537435814272612 0.53707670327276
0.545516130514443 0.542100065387785
0.516486569307745 0.578434714581817
0.474677415098995 0.578667764551938
0.519189341459423 0.561080064158887
0.529024007264525 0.551086519379169
0.489106399472803 0.56605161819607
0.530952192377299 0.54374406253919
0.457585418131202 0.578140088822693
0.460800788365304 0.582560086622834
0.470415770541877 0.584025245625526
0.473786096088588 0.59567931573838
0.452244696673006 0.635885246098042
0.443112189881504 0.662510309834033
0.453525802586228 0.660705433692783
0.437467013020068 0.682194385211915
0.416414891369641 0.692936417646706
0.42235738132149 0.696390393655747
0.414733893703669 0.698537952266634
0.370967787690461 0.74444653140381
0.36674447497353 0.739223075564951
0.294960126280785 0.757500228472054
0.344430301338434 0.75843231100589
0.339168238453567 0.760124917607754
0.355492399074137 0.760284684598446
0.31868695653975 0.805723861325532
0.329888263717294 0.767944491002709
0.316191490273923 0.764188052155077
0.290416359901428 0.763032508548349
0.284545586444438 0.740666534285992
0.264480600133538 0.746040380559862
0.277966544963419 0.707975196652114
0.267970318906009 0.70909527502954
0.17662905016914 0.708868438377976
0.251684461720288 0.734041948337108
0.193409545347095 0.75279564736411
0.246339569799602 0.738674668595195
0.257501544896513 0.74534847214818
0.230846398510039 0.763525236863643
0.22181705199182 0.762417166028172
0.221706796903163 0.761592576280236
0.210811431985348 0.766188141424209
0.218373534269631 0.775257576722652
0.233793724328279 0.794314215425402
0.224037193693221 0.802081359550357
0.211637733038515 0.800635644234717
0.20258415909484 0.809771597851068
0.179381372407079 0.829230613075197
0.160104177892208 0.84373825090006
0.100140166468918 0.866210989654064
0.0888418620452285 0.883852935861796
0.0685427146963775 0.886017537210137
0.0475048134103417 0.876408944372088
0.0641324426978827 0.856368630658835
0.0862542255781591 0.824111352209002
0.094895139336586 0.820731944404542
0.0851626889780164 0.865385412238538
0.0995374307967722 0.866328882984817
0.112663405016065 0.853456191718578
0.110603245906532 0.817110017407686
0.106918700039387 0.816781374625862
0.104810281191021 0.809991590213031
0.131509713362902 0.80790881998837
0.215434836223722 0.789141710847616
0.192862543277442 0.772733339108527
0.140958532225341 0.800682466477156
0.126802741084248 0.797985498327762
0.0985184744931757 0.810253515373915
0.0753181166946888 0.818701828829944
0.0592087530530989 0.831981212366372
0.0318791926838458 0.862706532236189
0.0413975804112852 0.864247335121036
0.0187611286528409 0.960309086367488
0.00300792884081602 0.863745696377009
0.00854692654684186 0.856306397356093
0.0144225768744946 0.858813168015331
0.0305066201835871 0.857468389440328
0.0282096834853292 0.848392442800105
0.0266511552035809 0.847244141623378
0.0235910220071673 0.847867813427001
0.00226630549877882 0.843226333614439
0.00667792651802301 0.796582971233875
0.0137876439839602 0.790076987352222
0.0201222947798669 0.807776583358645
0.04628672497347 0.796086722519249
0.0423156414180994 0.812689912971109
0.0294671473093331 0.83025371376425
0.0378222693689167 0.832057156600058
0.0765857161022723 0.793873398099095
0.144798777066171 0.789020114112645
0.126676571555436 0.77421697601676
0.0756036667153239 0.779590752907097
0.108117813710123 0.75500408699736
0.142347163520753 0.758805628865957
0.162019448820502 0.77161351358518
0.195569426286966 0.741906110197306
0.206769414246082 0.732454643584788
0.189245246816427 0.714447096921504
0.168321618810296 0.731850143522024
0.14121114788577 0.74794709822163
0.127189428079873 0.741436512675136
0.134220311883837 0.716970205307007
0.139682447072119 0.702054385095835
0.206556126009673 0.656047521159053
0.187519469298422 0.68262065667659
0.156320278067142 0.719955555163324
0.164702944457531 0.713698741048574
0.213149720337242 0.663025351706892
0.219160837586969 0.702658976428211
0.253807527013123 0.678257940337062
0.295617419760674 0.646885507274419
0.32754652807489 0.649967865552753
0.335420259274542 0.636164614930749
0.398697366937995 0.613507301546633
0.399612555280328 0.677164581604302
0.366449618712068 0.706588106695563
0.35428033163771 0.65558849228546
0.381026411894709 0.651746524963528
0.323979601729661 0.657458380330354
0.335089019034058 0.666681885253638
0.294216613750905 0.678814227227122
0.322999731171876 0.690919825341552
0.298781734891236 0.685395444743335
0.283739486243576 0.672435408923775
0.283690070733428 0.672193149104714
0.245721842627972 0.693933540955186
0.250951048918068 0.695189905818552
0.272124520037323 0.702641754411161
0.298814158886671 0.694458812475204
0.302710636053234 0.742347644176334
0.313404018990695 0.749079236760736
0.316666958853602 0.711906031705439
0.319013092666864 0.699066322762519
0.326481089927256 0.703552063554525
0.354873308446258 0.713602336123586
0.349560846574605 0.725846563931555
0.394750563893467 0.700597534421831
0.405320608522743 0.695889343507588
0.414776318240911 0.666078563779593
0.421348162461072 0.660274176392704
0.437107285484672 0.645725225098431
0.432167511433363 0.624030240811408
0.414947691373527 0.614585611503571
0.453680562321097 0.592144167516381
0.429311760235578 0.580992423929274
0.462672292254865 0.544793497771025
0.457958726678044 0.538400738500059
0.439374602865428 0.543643468059599
0.458717718254775 0.533863208256662
0.469831463880837 0.542988327797502
0.501966828014702 0.482807954773307
0.488539373036474 0.466743527445942
0.483292756136507 0.455429876223207
0.4779685260728 0.442785303108394
0.456426775548607 0.394996674731374
0.483576700557023 0.40118991676718
0.501887144055218 0.399045929312706
0.508080181200057 0.395542369689792
0.499491015914828 0.392671915236861
0.480671680532396 0.377667948137969
0.45250280154869 0.379747400525957
0.452091982588172 0.381381423212588
0.428084185346961 0.353679664898664
0.422211201395839 0.346300350502133
0.39738478558138 0.357164057902992
0.368565959855914 0.348484606482089
0.361598673742265 0.346694565378129
0.305529519449919 0.317055598367006
0.347722178790718 0.337709927465767
0.349962559528649 0.338871479965746
0.365699777379632 0.341445992235094
0.39159174496308 0.314929320011288
0.319173051510006 0.308434016536921
0.206799732521176 0.268685855902731
0.241165302693844 0.289102795068175
0.261121552437544 0.31096942583099
0.196610401384532 0.271239712368697
0.174327844753861 0.261477677617222
0.240129119250923 0.270664489362389
0.228258485905826 0.267207554541528
0.141875172033906 0.24795793928206
0.179207713343203 0.280080517753959
0.167375220451504 0.262726630549878
0.206423283554614 0.292151561006904
0.19721672963351 0.291552856098861
0.113880483899266 0.27119688782841
0.17268637381494 0.312197550665587
0.185809279326349 0.312181710731238
0.152876070700586 0.28986915294081
0.162277340888977 0.294545779470354
0.206764308735728 0.316437331959605
0.243391145486385 0.317366545088589
0.215547122061253 0.342735055368394
0.178239514585584 0.344078231602907
0.152729921042919 0.350176860578358
0.200208575464785 0.360699597280473
0.258834643289447 0.322106518317014
0.271440416574478 0.324987286701798
0.278770167380571 0.308093525003642
0.28240803303197 0.335311259608716
0.270595888141543 0.330637986306101
0.281366055365652 0.345642022788525
0.291729117743671 0.361075316090137
0.335471460130066 0.36818961892277
0.347190603148192 0.374025056604296
0.338620231486857 0.350351167377084
0.316803517285734 0.348221627529711
0.324042105581611 0.341030213050544
0.338144670240581 0.341160649899393
0.355898639187217 0.381956501863897
0.333183485083282 0.404266803059727
0.309397049248219 0.411536922678351
0.321972401347011 0.412446919362992
0.338406931608915 0.444247880019248
0.334661489818245 0.446279568597674
0.292312497738749 0.423670081887394
0.292282230686396 0.426413455512375
0.321470201015472 0.448986215516925
0.350141390692443 0.468818094581366
0.316989580634981 0.539323063101619
0.318097003269941 0.514050504658371
0.312662338837981 0.534863992128521
0.304276197683066 0.54323527822271
0.298437177203596 0.536811768077314
0.295236174017191 0.526175145525485
0.293327417690307 0.509616463910788
0.273821996059269 0.513444437179714
0.259536353871226 0.528317713178694
0.256593189202249 0.531014968175441
0.262306323740631 0.566377404145896
0.307162073906511 0.554624374955893
0.297374695539474 0.567316688131541
0.319517045281827 0.58260605391115
0.331210425123572 0.555321989580989
0.350176925305277 0.573293432127684
0.380408852361143 0.51021129777655
0.351980849634856 0.531361564993858
0.336651707999408 0.527548100333661
0.376673117280006 0.481297126505524
0.358842093963176 0.471248181071132
0.393729959614575 0.482442323118448
0.368077372200787 0.43605273636058
0.372507836204022 0.447316469624639
0.359505043365061 0.453008828219026
0.342243966646492 0.447568825911731
0.333400800824165 0.426974582020193
0.346106347627938 0.423280986491591
0.35662915604189 0.427008897531778
0.403843064326793 0.417581737041473
0.362083839252591 0.410780912265182
0.372751145623624 0.419305022340268
0.380368312355131 0.418488956987858
0.367613515350968 0.422421970870346
0.346450903918594 0.399711916223168
0.352647939231247 0.387716928496957
0.358339579775929 0.381214049179107
0.391913978382945 0.363641843665391
0.387332459911704 0.360489267855883
0.426505416631699 0.38298736140132
0.447167896199971 0.416395322419703
0.467096364591271 0.461104426998645
0.472770366352051 0.495426213368773
0.455972742754966 0.514095078222454
0.428924299310893 0.517461234237999
0.4465924189426 0.498814216814935
0.464260608889163 0.494807777926326
0.458705774042755 0.469895081128925
0.457465682644397 0.454340575728565
0.443903523031622 0.444850652012974
0.41478305356577 0.406199232209474
0.376049927435815 0.386268120259047
0.393814926501364 0.399711423553526
0.419704357627779 0.443631016183645
0.43357853544876 0.459818380884826
0.453361520543694 0.455022129230201
0.403252073097974 0.489900423679501
0.441873503383249 0.483219190500677
0.446989283896983 0.494173230137676
0.376757916528732 0.550729188602418
0.403940102551132 0.562759873922914
0.412984640803188 0.553050548303872
0.421508832369 0.556147966999561
0.419005415868014 0.581999414134771
0.400199815165251 0.564813885837793
0.397565601859242 0.565922718960792
0.376423147972673 0.559536659624428
0.36215386306867 0.564676103182137
0.417167169507593 0.607139705214649
0.384403971489519 0.608180333860219
0.363532412797213 0.598211189266294
0.340371169149876 0.609810961410403
0.336220516823232 0.603569298051298
0.349876473192126 0.599672161974013
0.355919320136309 0.598254968877882
0.320181952789426 0.597174097318202
0.321336255408823 0.610205939039588
0.308414141647518 0.625630612019449
0.299142956733704 0.615947250276804
0.266675633843988 0.639479332603514
0.217740423977375 0.66238619107753
0.227209797129035 0.650002778507769
0.215273558627814 0.656233534682542
0.226041323039681 0.642153117805719
0.217464504297823 0.646410495974123
0.198392859660089 0.637533752247691
0.199931470677257 0.639875063672662
0.145916664972901 0.672175121027976
0.125521551817656 0.709823948796839
0.0688116662204266 0.718227829784155
0.0929439114406705 0.744101913180202
0.0830745534040034 0.73922110022977
0.0886935931630433 0.760422775521874
0.0701687149703503 0.777328874450177
0.0557539816945791 0.780061541125178
0.0409835921600461 0.775291316676885
0.0414128508418798 0.743028724100441
0.0129037122242153 0.752587428782135
0.0184497474692762 0.735092722345144
0.00741970306262374 0.7186009734869
0.0130364000797272 0.689557384233922
0.0408421061001718 0.685724169015884
0.0284925978630781 0.649752852506936
0.0368843590840697 0.621215044520795
0.0367047358304262 0.61931381886825
0.0282771144993603 0.632767615839839
0.01385384099558 0.674319407436997
0.0181363788433373 0.648292320780456
0.0249324608594179 0.53076524939388
0.00914071872830391 0.571036261040717
0.00382554996758699 0.570277722552419
0.00447665061801672 0.546543686650693
0.00791347306221724 0.508282738737762
0.00423048716038465 0.499310848303139
0.0303453435190022 0.518934956751764
0.0495008309371769 0.533268906641752
0.0110907382331789 0.488222498446703
0.0427567199803889 0.49036539811641
0.0348318833857775 0.480553750880063
0.0760241532698274 0.499080806970596
0.086004851385951 0.520123363938183
0.0802317624911666 0.563191884197295
0.078512713778764 0.584179404191673
0.124945953022689 0.557738195173442
0.0809755153022707 0.588406935334206
0.0733915539458394 0.600614522583783
0.0991273950785398 0.591587795875967
0.0797065128572285 0.623108712024987
0.143664231989533 0.587100944947451
0.151482835877687 0.572906960267574
0.132271650247276 0.560070423409343
0.0654618670232594 0.485592262819409
0.0543522741645575 0.481980931013823
0.0834767534397542 0.486571233719587
0.097280781250447 0.492561764083803
0.108718974981457 0.499264433048666
0.0782708157785237 0.477635868359357
0.0779836126603186 0.470164863392711
0.0440865852870047 0.451754048466682
0.0429280488751829 0.475832887459546
0.033513171132654 0.460875016171485
0.0365807628259063 0.453849667683244
0.0430559385567904 0.438008000142872
0.0293163354508579 0.448613287415355
0.00308327237144113 0.493371294345707
0.0118660000152886 0.458680961281061
0.0218106941320002 0.41076973779127
0.00796614913269877 0.35927956411615
0.0111398207955062 0.357686010189354
0.0544391316361725 0.37046312680468
0.0852879956364632 0.371846394147724
0.0695752948522568 0.383703005965799
0.0797029538080096 0.395464051049203
0.0893983161076903 0.382551889400929
0.179461823310703 0.412854174152017
0.206677305977792 0.426306250505149
0.183123011142015 0.403669238090515
0.172876915428787 0.392179735470563
0.243420390412211 0.430302135646343
0.279539497103542 0.458298707846552
0.244335504248738 0.435941723175347
0.242434152867645 0.445107919629663
0.228679825551808 0.444420190062374
0.199292644392699 0.443470297846943
0.168385658413172 0.449363683816046
0.144918183796108 0.443613110575825
0.141935904975981 0.439134265296161
0.158212931361049 0.435663885436952
0.183343406766653 0.42080004606396
0.132355474866927 0.402735937852412
0.0901392940431833 0.405579793266952
0.0697051482275128 0.404427851550281
0.0240795589052141 0.374917607288808
0.0579495294950902 0.412985099479556
0.0897218957543373 0.418138570152223
0.0931750661693513 0.416810190770775
0.0867222733795643 0.427096693776548
0.0978568373247981 0.435019828379154
0.107581230811775 0.437414014711976
0.112157654948533 0.450774952769279
0.142645893618464 0.459450643975288
0.183701812289655 0.453088509384543
0.163462354335934 0.466357300523669
0.163412114139646 0.474312932230532
0.12006627721712 0.464747482910752
0.154512943699956 0.482187196146697
0.160832565277815 0.483167524915189
0.159153361339122 0.489356595091522
0.199942793231457 0.486200296320021
0.234018273185939 0.493638716638088
0.239865473005921 0.502072165720165
0.233437745366246 0.507547056302428
0.233817740343511 0.509287250228226
0.211711439304054 0.532739316578954
0.157339456491172 0.512314454652369
0.168981418944895 0.524405625183135
0.151538013480604 0.515588142443448
0.108102201949805 0.510084528476
0.129803576041013 0.519323528278619
0.177193244919181 0.533219672739506
0.183586784638464 0.539140585809946
0.188343544490635 0.559666845016181
0.204716928303242 0.555684664752334
0.205427340697497 0.570846078451723
0.180097014177591 0.581716214306653
0.172967327293009 0.598464713897556
0.163777365349233 0.601490310858935
0.104046865832061 0.634629799518734
0.141711010597646 0.614145699888468
0.0655040070414543 0.694386454299092
0.0991730191744864 0.655218348838389
0.103671838529408 0.650951921008527
0.113731799181551 0.633273113518953
0.100971156265587 0.638738630339503
0.0982745289802551 0.648463572375476
0.0875281216576695 0.65334691805765
0.0523539637215436 0.643728987313807
0.0383833739906549 0.641328900586814
0.047655863687396 0.681501432321966
0.0232201758772135 0.715490675065666
0.0501113678328693 0.726145539432764
0.0506754480302334 0.714056770317256
0.0608562189154327 0.708096659276634
0.0583841549232602 0.711278058588505
0.0994255440309644 0.681710155215114
0.141807207837701 0.654013923835009
0.152406176086515 0.644335938151926
0.18309083674103 0.634111563675106
0.239778584334999 0.58573857229203
0.239103466272354 0.600161956157535
0.243230469059199 0.614511003252119
0.246432016137987 0.622313636820763
0.254529502242804 0.566398725379258
0.188413088209927 0.594515990465879
0.238288359716535 0.550594166386873
0.233463741838932 0.545538823585957
0.264640250708908 0.50824799342081
0.250427245628089 0.495425547938794
0.268932518549263 0.479489694815129
0.293004676233977 0.469513877294958
0.272632201202214 0.440578719135374
0.26896596327424 0.441681097261608
0.269620973616838 0.433464117348194
0.277938480023295 0.428631306160241
0.299129773396999 0.409392358269542
0.228229889180511 0.408974634949118
0.30458710482344 0.383410121779889
0.250626196153462 0.387638106942177
0.229882537852973 0.392327814828604
0.238636349793524 0.38515805779025
0.270001755096018 0.358603335451335
0.200229314621538 0.373536166734993
0.194178800564259 0.382408588659018
0.196362929884344 0.385194684844464
0.214790637139231 0.388454109895974
0.187921843491495 0.387081793509424
0.135766779538244 0.369336413685232
0.107651204802096 0.349903882946819
0.108358201105148 0.350430587306619
0.109040930401534 0.351638671010733
0.0887840571813285 0.341946770437062
0.0733710266649723 0.346175928134471
0.109110574238002 0.357836773619056
0.131241415161639 0.377703635022044
0.108891768381 0.365195671096444
0.100476374384016 0.359158257953823
0.10175577737391 0.371027497574687
0.0622083717025816 0.347218837589025
0.00471346359699965 0.330380323342979
0.000744217541068792 0.335501166991889
0.0017155040986836 0.264759541954845
0.0373221007175744 0.244686415418983
0.0359361311420798 0.22677884856239
0.0403135865926743 0.195271311327815
0.0143271125853062 0.199349735397846
0.0380081892944872 0.193304866086692
0.0500053749419749 0.186888616532087
0.0536639140918851 0.191966118756682
0.073148435447365 0.232573547866195
0.0566993090324104 0.25778348185122
0.0341757205314934 0.291302684228867
0.0179461129009724 0.319702870678157
0.00780697027221322 0.325896051712334
0.0312121398746967 0.315262376330793
0.0442195166833699 0.305219322443008
0.0494991983287036 0.335613821167499
0.0768558476120234 0.335963970981538
0.0849617528729141 0.333189269062132
0.133565006777644 0.30919330380857
0.112988725304604 0.286540559493005
0.0874431123957038 0.300762430299073
0.0427405401133001 0.299515894148499
0.099759180098772 0.266382331028581
0.101510501466691 0.265526584815234
0.0859620147384703 0.240346716251224
0.112663159146905 0.228871926199645
0.123784391675144 0.224544484168291
0.123135517816991 0.222028078045696
0.131215606350452 0.222005951683968
0.0798214166425169 0.167450500652194
0.0588061246089637 0.168367412872612
0.049990622792393 0.173575938679278
0.00409409264102578 0.175361047498882
0.00523100281134248 0.159328206907958
0.0153908785432577 0.164398922584951
0.0215519131161273 0.155037272255868
0.0495251505635679 0.145605847705156
0.0124571286141872 0.118164464365691
0.0250325743108988 0.109836689196527
0.0101416786201298 0.117081127595156
0.00509282760322094 0.105790262110531
0.0144164669327438 0.0931019466370344
0.0181441497988999 0.0937339807860553
0.026395209133625 0.07646912522614
0.0016573709435761 0.0737805333919823
0.0257654823362827 0.0676100957207382
0.066031358204782 0.0907899895682931
0.0664539146237075 0.0850682915188372
0.0527892513200641 0.0539806820452213
0.0557748712599277 0.0360692949034274
0.0580997206270695 0.0186003278940916
0.0500846239738166 0.00775385135784745
0.0233604325912893 0.0117755397222936
0.0314429332502186 0.0584471388719976
0.0194185902364552 0.008582245092839
0.0138430427759886 0.00122346682474017
0.0948464102111757 0.00187266245484352
0.178626412525773 0.0197468134574592
0.098234380595386 0.0124668143689632
0.132519675418735 0.0185075243934989
0.220435322262347 0.0370165165513754
0.130958973430097 0.0266078501008451
0.078068214468658 0.018214285839349
0.0637560589239001 0.012236759532243
0.0945144793950021 0.0465627526864409
0.110084840096533 0.0512020699679852
0.120234092697501 0.066178837325424
0.133165879175067 0.0638894075527787
0.109238666947931 0.093269566539675
0.124632644932717 0.118130791466683
0.0944304633885622 0.108566262759268
0.0805405518040061 0.102414638269693
0.108871476724744 0.12810780107975
0.125702693127096 0.13880736194551
0.134968469850719 0.142314244061708
0.152059806510806 0.129183530341834
0.170324229169637 0.130110403522849
0.151914382353425 0.151204547379166
0.10383287910372 0.148170512635261
0.17896633176133 0.15555470623076
0.191033659037203 0.155034119728953
0.218807484488934 0.174954911228269
0.236076131463051 0.171773033682257
0.236657257657498 0.172231913078576
0.20299759414047 0.185002753976732
0.192295617423952 0.187684041447937
0.178262934554368 0.182065064553171
0.134401596151292 0.17395917698741
0.118295464199036 0.167599602602422
0.0756693151779473 0.137625657487661
0.0805193013511598 0.153704594820738
0.0927607440389693 0.160837758798152
0.104052088689059 0.166281015612185
0.117356541100889 0.192923132795841
0.135882773902267 0.201294663827866
0.128326856065542 0.208850481547415
0.140703759156168 0.232501711230725
0.144412608351558 0.232966895215213
0.157282568514347 0.24090231442824
0.131812585052103 0.213152951095253
0.148244516458362 0.208636178169399
0.12769011547789 0.192217395175248
0.131175355054438 0.190461222082376
0.159085429739207 0.192017264198512
0.175727830268443 0.195788629353046
0.217940975446254 0.213531840126961
0.230473585892469 0.219094231724739
0.244567324407399 0.205553604755551
0.239002907648683 0.195900234393775
0.261044081300497 0.195453155785799
0.292007649317384 0.176506877876818
0.31179845938459 0.193027859088033
0.327337869442999 0.200685712974519
0.334017617627978 0.221714379265904
0.326635236851871 0.222727755550295
0.332075255457312 0.242587342392653
0.269441373180598 0.214330417569727
0.333986184094101 0.260282471310347
0.331121270079166 0.245007455348969
0.340159528888762 0.262191392015666
0.34966509975493 0.266416748054326
0.361409970093518 0.267668717540801
0.368412594310939 0.266260682605207
0.369568265043199 0.269710725639015
0.379288133699447 0.262155254371464
0.371045873500407 0.244332572910935
0.348722206428647 0.244432467035949
0.348169763572514 0.242081802804023
0.438617462757975 0.241089875809848
0.405413104686886 0.2690819054842
0.359275069553405 0.274529693648219
0.337095337919891 0.265223624184728
0.280138137750328 0.231368083972484
0.221636481583118 0.229477865155786
0.184661083854735 0.203929835464805
0.191611107438803 0.211367229465395
0.223628939595073 0.241689685266465
0.20657111890614 0.245268902741373
0.178315672557801 0.246685453224927
0.167429099790752 0.253507330082357
0.257579659577459 0.252871848177165
0.271109979134053 0.26334971934557
0.288600896950811 0.260285406373441
0.312714380677789 0.266708139330149
0.320102582685649 0.281582197640091
0.32495583826676 0.284838910680264
0.324103033635765 0.269087702035904
0.376112645957619 0.296549027319998
0.431293105240911 0.316508284769952
0.411102755460888 0.322743569500744
0.467041227035224 0.353891646955162
0.480238249525428 0.340232472401112
0.480936657171696 0.337733981665224
0.484220635145903 0.337204466108233
0.51817816728726 0.347985246684402
0.53358036885038 0.326500261202455
0.528115509077907 0.312522747088224
0.549086119513959 0.323412350844592
0.535683172289282 0.306138763204217
0.525780018884689 0.301003687083721
0.438613984268159 0.27595437085256
0.46121465973556 0.284498201217502
0.489789830520749 0.334099745377898
0.422319403383881 0.303014998789877
0.384404630865902 0.280208584852517
0.42617687350139 0.273435706738383
0.524750978220254 0.288564792834222
0.515878094360232 0.284023457672447
0.528040859848261 0.28772687818855
0.524469114840031 0.270734146237373
0.588194181676954 0.229904741514474
0.532951054163277 0.234791505150497
0.514470071066171 0.237873280886561
0.543949536047876 0.242477755993605
0.535106567665935 0.251303770113736
0.513894374016672 0.242945456877351
0.485274959355593 0.220228666439652
0.492814634460956 0.224983332213014
0.508876503910869 0.234080288559198
0.522048688028008 0.233009209856391
0.45831703953445 0.206628671847284
0.458508209325373 0.193526462186128
0.497224235907197 0.185381018090993
0.449134348891675 0.192846806719899
0.398314029444009 0.194680989719927
0.438166569918394 0.21803664136678
0.438346529845148 0.225894703995436
0.421465226914734 0.211344352923334
0.393564651720226 0.200005379039794
0.382992425002158 0.194542698562145
0.392138517461717 0.191248694900423
0.390522720292211 0.17144025536254
0.387149342801422 0.166502554900944
0.427424051333219 0.174531072378159
0.454866150394082 0.17851449130103
0.358273237477988 0.155297935940325
0.348282064311206 0.152597920969129
0.350732513703406 0.182971958536655
0.341902561020106 0.170899603515863
0.296159355901182 0.156814023852348
0.243001303169876 0.155771704390645
0.200053088366985 0.152494483161718
0.201850308571011 0.14849013555795
0.209801455494016 0.147140018176287
0.242308909539133 0.141763491090387
0.238532401621342 0.133469538763165
0.21311925817281 0.132241646293551
0.205112255644053 0.133442979305983
0.158849496394396 0.126294177956879
0.142911897972226 0.0922415857203305
0.162266687490046 0.0749979349784553
0.127518129535019 0.0474837752990425
0.105574915651232 0.0373504022136331
0.137582724913955 0.051945336163044
0.177320062182844 0.0523592820391059
0.252746416721493 0.0420447983779013
0.280799300409853 0.0405220589600503
0.259298362303525 0.0301572591997683
0.28256846498698 0.0378136690706015
0.29700200073421 0.0380029492080212
0.298964981455356 0.034448454156518
0.309900383464992 0.0529651567339897
0.241885600611567 0.0505762444809079
0.25343534629792 0.0665175328031182
0.281528580468148 0.0778632792644203
0.294707949273288 0.084824095480144
0.296017055399716 0.0974174519069493
0.283713122364134 0.100444359704852
0.27322804601863 0.0984951322898269
0.254644717089832 0.0749128726311028
0.251329822465777 0.078053723089397
0.241188571788371 0.0798804564401507
0.231578905601054 0.0829619262367487
0.198704565409571 0.0786588340997696
0.218141111545265 0.101382084656507
0.224250006023794 0.0880837067961693
0.23880901420489 0.0904353577643633
0.260736194439232 0.132901113014668
0.290159151889384 0.131968854460865
0.272303157951683 0.146697640419006
0.266040407121181 0.146761162672192
0.24823747202754 0.148741341196001
0.251369786448777 0.151240379549563
0.318105010315776 0.148862334899604
0.316417717840523 0.144038198050112
0.310923600569367 0.100367647595704
0.322022572625428 0.091235991101712
0.27912991726771 0.0615475480444729
0.317275168374181 0.0581771358847618
0.338204841595143 0.048204361461103
0.338161489926279 0.0359057965688407
0.351184744853526 0.0650358637794852
0.357551377732307 0.0541573013179004
0.360271632205695 0.0368240410462022
0.328226067125797 0.030805183108896
0.308525229804218 0.0290947146713734
0.240470896940678 0.0240424848161638
0.232211404945701 0.0324059049598873
0.188206024467945 0.0235458645038307
0.208122286014259 0.0238794670440257
0.229976460337639 0.0132319624535739
0.296790373977274 0.0136579978279769
0.302464048843831 0.0130445631220937
0.242870407644659 0.0204973281361163
0.291898969560862 0.0233215079642832
0.289270558394492 0.0201681214384735
0.319373508449644 0.0178664061240852
0.346630286891013 0.00857053184881806
0.396117936354131 0.00528941908851266
0.341247185133398 0.00783209083601832
0.25544326286763 0.0112859327346087
0.190660658292472 0.0103198024444282
0.119403986725956 0.0018463428132236
0.442776910495013 0.00503861764445901
0.462005683220923 0.0235465462319553
0.431947778910398 0.017340705730021
0.391697264742106 0.0355635662563145
0.450842263642699 0.0355406519956887
0.457470462657511 0.0377097520977259
0.425347859039903 0.0422558910213411
0.386678209528327 0.0384368589147925
0.468643113970757 0.0523856650106609
0.465758058708161 0.0328601291403174
0.472068754024804 0.0290857260115445
0.474987552501261 0.0256267380900681
0.452933222521096 0.00623970339074731
0.495690106414258 0.00769191607832909
0.500158473383635 0.013123981654644
0.5435328069143 0.0386295807547867
0.536873191129416 0.0147234238684177
0.553385546430945 0.0528879114426672
