64
0.696309222374111 0.412718033883721
0.655486513394862 0.44662429112941
0.431715341750532 0.192765615880489
0.148650862276554 0.0458365185186267
0.11221558926627 0.00920948851853609
0.223708207719028 0.0630144802853465
0.468336977530271 0.13508585607633
0.542191090062261 0.18667650828138
0.620704472064972 0.0807333770208061
0.569773549679667 0.0431743869557977
0.881472596433014 0.122831743210554
0.896640310529619 0.225148267112672
0.656405565794557 0.0939241959713399
0.896154207643121 0.237861253321171
0.960788231343031 0.181361734401435
0.960089331492782 0.498459320515394
0.935651530046016 0.514614081010222
0.912725280504674 0.706607316620648
0.816317680291831 0.941126989666373
0.945083611644804 0.633475771639496
0.982483429834247 0.74892806680873
0.958643559832126 0.820845482405275
0.83069114992395 0.951995430979878
0.700997620355338 0.987621116451919
0.510972761083394 0.957014854997396
0.524150646291673 0.973167114425451
0.448566588107497 0.925775040872395
0.340083088260144 0.995034740772098
0.319072463084012 0.977129732724279
0.174297624733299 0.931207443121821
0.153700935654342 0.813326196745038
0.0163415013812482 0.715278576128185
0.100642963778228 0.340238374192268
0.0639587328769267 0.279324797447771
0.112569177988917 0.243188710417598
0.339548227377236 0.466100989375263
0.234978380147368 0.408321506809443
0.448612731415778 0.583816569298506
0.458009854424745 0.527000372298062
0.46776518644765 0.306919808499515
0.467634421773255 0.62001304095611
0.482640855014324 0.616416048724204
0.576873536687344 0.555078960489482
0.709551247768104 0.773143293336034
0.530449458863586 0.720364298671484
0.435225932393223 0.719064644072205
0.214995872229338 0.440191191621125
0.27052692649886 0.593571901321411
0.253488813061267 0.615575844887644
0.0350725129246712 0.697790276724845
0.317212725058198 0.626700562890619
0.273410175461322 0.692321456968784
0.161846835166216 0.724259792361408
0.352756327018142 0.847400463186204
0.373248993884772 0.832659182138741
0.450655348133296 0.755747715011239
0.364713464863598 0.874193285126239
0.47162893647328 0.931226720567793
0.610610586125404 0.857808892615139
0.732795146293938 0.775222579482943
0.819466178771108 0.9194689495489
0.80978891486302 0.553045876324177
0.833920180797577 0.635240391362458
0.806339363567531 0.50838855560869
