2048
0.652367159724236 0.112737007439137
0.723426653537899 0.183532145805657
0.727082344703376 0.195599669590592
0.717676282394677 0.192175122909248
0.703345041256398 0.193356169387698
0.692788270767778 0.194824451580644
0.712576447986066 0.178272587247193
0.697173072490841 0.172786453738809
0.696284511126578 0.172259500715882
0.670657536480576 0.184208882972598
0.643479248508811 0.148729932960123
0.62559061916545 0.104815983213484
0.598035085014999 0.0996924377977848
0.62020301213488 0.0976012446917593
0.62168583413586 0.0377284847199917
0.588678103871644 0.0375060336664319
0.570615820586681 0.0298857130110264
0.580442958045751 0.0651311683468521
0.571312058251351 0.0625628093257546
0.568583443295211 0.0582314822822809
0.515435140579939 0.0655233860015869
0.48142811935395 0.0411364394240081
0.457085319329053 0.0143870715983212
0.465765559114516 0.0591815081425011
0.572436172049493 0.0751760248094797
0.548462782986462 0.107538994401693
0.614595059305429 0.123463160824031
0.60156633425504 0.129283595830202
0.587842614389956 0.124510728754103
0.543626934289932 0.112598581239581
0.579498018603772 0.138361709192395
0.596390336751938 0.14499255688861
0.590902503114194 0.15286337165162
0.588276107329875 0.149595856200904
0.506401154212654 0.0935873291455209
0.528383662458509 0.0758142885752022
0.516775200609118 0.0813319496810436
0.497230809181929 0.0894471229985356
0.429239694960415 0.0462897270917892
0.45210354635492 0.0335959335789084
0.382804746273905 0.0290855998173356
0.376319742761552 0.0290316306054592
0.351443932857364 0.00971607537940145
0.369398795068264 0.0426047262735665
0.38923708582297 0.0394368190318346
0.424845613539219 0.0564003097824752
0.410631533712149 0.0623788409866393
0.407674695830792 0.0698163602501154
0.443741024937481 0.101388940121979
0.453050206881016 0.114524392411113
0.470309474971145 0.109910294879228
0.472066991962492 0.120612776838243
0.529625869356096 0.121133393608034
0.534433962777257 0.130676302593201
0.532359972596169 0.128167449031025
0.510875450447202 0.137569210492074
0.494022599421442 0.124828891362995
0.455087082926184 0.119911118876189
0.465274314396083 0.134004241786897
0.467535157687962 0.137464487459511
0.540545114781708 0.153050209861249
0.522776249796152 0.154250176157802
0.521129043307155 0.162760452367365
0.512574980035424 0.173865864984691
0.483357610646635 0.18557422189042
0.468038674909621 0.206621410790831
0.530882392544299 0.196567373815924
0.509691248647869 0.182496121618897
0.526361197698861 0.172467047348619
0.565557258203626 0.155377832241356
0.551833142526448 0.175283414777368
0.561325575225055 0.177426704205573
0.586005120072514 0.182169880717993
0.588623856659979 0.185887741390616
0.581699830014259 0.170828027650714
0.594004792626947 0.164846238214523
0.618503006640822 0.157487842720002
0.621911011636257 0.161232353188097
0.623759975191206 0.189568717963994
0.607941372320056 0.181441947817802
0.628424264024943 0.20413878839463
0.642306265421212 0.204094070475549
0.667090933769941 0.253160739317536
0.645697043742985 0.257992791943252
0.651690993923694 0.298820667900145
0.659978201147169 0.324264725204557
0.67959579732269 0.319457895122468
0.650796084199101 0.341557776555419
0.626854249276221 0.362501738127321
0.58384120836854 0.361268643289804
0.59258107887581 0.376415188889951
0.610797362402081 0.376748418901116
0.640598104335368 0.396518887486309
0.675028369296342 0.376881548203528
0.690537517890334 0.382491551805288
0.678694559726864 0.402218948118389
0.707042560912669 0.397203327156603
0.706907411571592 0.396690107882023
0.714087253902107 0.394689313136041
0.728285835590214 0.358420975040644
0.67904950492084 0.364437606185675
0.717954845633358 0.326172103639692
0.686340756248683 0.314258741214871
0.715782232116908 0.28988398425281
0.71592643391341 0.284582653082907
0.715929464437068 0.284121071454138
0.744126670062542 0.340697223320603
0.76003608154133 0.353428844362497
0.770687127485871 0.387654944788665
0.770722069777548 0.401179752312601
0.773041394539177 0.404176391661167
0.779929450247437 0.416282042860985
0.804326241370291 0.440031458623707
0.807113526854664 0.425328030716628
0.779745006933808 0.400587587151676
0.788181446492672 0.386990792118013
0.790040126536041 0.381398960482329
0.786666021216661 0.363231116905808
0.829642578959465 0.334449456073344
0.843308811075985 0.299149952363223
0.842249506153166 0.312385734636337
0.852363461628556 0.315110432449728
0.834264771547168 0.326827433425933
0.849334528204054 0.323985489085317
0.835489612072706 0.348970861639827
0.82849487522617 0.354751768056303
0.821926998440176 0.354954126756638
0.798963672015816 0.397207788657397
0.800510108470917 0.403470820747316
0.815754406619817 0.388317119795829
0.826271947473288 0.376534915994853
0.827284497674555 0.387200187891722
0.813133222050965 0.429613179527223
0.812225021421909 0.478587580379099
0.829549408052117 0.490629462059587
0.827983951196074 0.504083800595254
0.813819313421845 0.517569139134139
0.780466229654849 0.540734407491982
0.764447244815528 0.512819261755794
0.783646205440164 0.50889952480793
0.788543065544218 0.476047547068447
0.775052172131836 0.489139996469021
0.762399692554027 0.465380837209523
0.776927545666695 0.431600993964821
0.760897329077125 0.45558272022754
0.766213464550674 0.441011600196362
0.758793246466666 0.438057463150471
0.736195505131036 0.422367150429636
0.744214763399214 0.41995935048908
0.751264226157218 0.424202200956643
0.742393909022212 0.411994481924921
0.740818892605603 0.399101360235363
0.738526113796979 0.393251155503094
0.722495792899281 0.417111515067518
0.724444748833776 0.424008741043508
0.71629646839574 0.42372019495815
0.700561972334981 0.451537140645087
0.69583633588627 0.463333351071924
0.647091841325164 0.461115965154022
0.616840082220733 0.488277224823833
0.618021234404296 0.461067798081785
0.647726178634912 0.45353219145909
0.660904715303332 0.446851308923215
0.662073898594826 0.443892317824066
0.674320332705975 0.41902693035081
0.704420717433095 0.43162706727162
0.645874350331724 0.406458631623536
0.596297478768975 0.414862132631242
0.589096046052873 0.413319683633745
0.568584027234465 0.396846483461559
0.538918044883758 0.402821083087474
0.560935170389712 0.388339858036488
0.523243153467774 0.393581621348858
0.515670699533075 0.394661899190396
0.54313497338444 0.405817606020719
0.551878065336496 0.407656385563314
0.571147202979773 0.403233026154339
0.466530780307949 0.451937893871218
0.546945208217949 0.411223131231964
0.501280427910388 0.411010527983308
0.456386076286435 0.403558809310198
0.520271966699511 0.357671221252531
0.532573884353042 0.358286705799401
0.558465005364269 0.336156723555177
0.56776145240292 0.340266905259341
0.587559989653528 0.325490198563784
0.595167664811015 0.320266135502607
0.57833844050765 0.348895544186234
0.570644585415721 0.35944708622992
0.534566951915622 0.3660868415609
0.522665597498417 0.375638364348561
0.576740143354982 0.357612706720829
0.625122564844787 0.337845494039357
0.623350526671857 0.325723279733211
0.619352311361581 0.298379939049482
0.602368277031928 0.203896421473473
0.597230041865259 0.211886241100729
0.595114786643535 0.208581122104079
0.556579021736979 0.203129425179213
0.549894554074854 0.202231485862285
0.566368813626468 0.208229128271341
0.581957218237221 0.219326486345381
0.562158785760403 0.235434267669916
0.566608714405447 0.241325737908483
0.582886451855302 0.232696962542832
0.60007747868076 0.268841562792659
0.597156417556107 0.275089563801885
0.597536282613873 0.311494855210185
0.604408168233931 0.312223912682384
0.592299239709973 0.316499441396445
0.583885391708463 0.32088451134041
0.545737951528281 0.323864303529263
0.501886427402496 0.366667343303561
0.478598824702203 0.364486506674439
0.484289028216153 0.374295311514288
0.485843467526138 0.377887410111725
0.481726140249521 0.376324324402958
0.437756740953773 0.397045646328479
0.418967896141112 0.412444709334522
0.39268338913098 0.402079886291176
0.408203140366822 0.397206447087228
0.375039334408939 0.395647111348808
0.345364499371499 0.396130717825145
0.339726493228227 0.39496175153181
0.362747430801392 0.388802057132125
0.364830426406115 0.385953948833048
0.371785848401487 0.38222888763994
0.332524638622999 0.39624648494646
0.365540904458612 0.403731885831803
0.422348044347018 0.417957765515894
0.47146490868181 0.4150475342758
0.509725795593113 0.414699289947748
0.449654392432421 0.447738937567919
0.445593776647002 0.467251060530543
0.424161126371473 0.441210647113621
0.438648480456322 0.471354656852782
0.417620983440429 0.464092607609928
0.396931940224022 0.461178001016378
0.388858445454389 0.454792752396315
0.406938593834639 0.449278560467064
0.390964074991643 0.445544548798352
0.381181665696204 0.431397397071123
0.373876123223454 0.408808050211519
0.33502703346312 0.406156431883574
0.344028108753264 0.420604606159031
0.327805396635085 0.421093956101686
0.366796932183206 0.425952388439327
0.293158427346498 0.440168568398803
0.274058184586465 0.43943762825802
0.291093387641013 0.452779616229236
0.313770581502467 0.503707236610353
0.324800957925618 0.507035096175969
0.354455082211643 0.516116868704557
0.346289759036154 0.476675951387733
0.346823479048908 0.467602876015007
0.36078911786899 0.483430261723697
0.396832852158695 0.469574229326099
0.36848273454234 0.478422425687313
0.355429418385029 0.474377423990518
0.392255264800042 0.45982704591006
0.425927413161844 0.499295071233064
0.379334612283856 0.494359943084419
0.371295134071261 0.533299713861197
0.369072441477329 0.536477423738688
0.384397036861628 0.544547176919878
0.382073055952787 0.54809567052871
0.385346935130656 0.559271955862641
0.377054182812572 0.56346520408988
0.36215819651261 0.536814832128584
0.34296391857788 0.519786509685218
0.340898261405528 0.523120834026486
0.361267973203212 0.593348461668938
0.360417474526912 0.594175933860242
0.35960313025862 0.597108502872288
0.372880009934306 0.601020543836057
0.38811779441312 0.588073940947652
0.42088143248111 0.580717186909169
0.394234056584537 0.576668325345963
0.37972384179011 0.570113678928465
0.412058033514768 0.510186111554503
0.406995514407754 0.532145067118108
0.422351136803627 0.5296072056517
0.434798138681799 0.578765564132482
0.425272934138775 0.591555675957352
0.447005483787507 0.616119139362127
0.379585499875247 0.648267136421055
0.412185056135058 0.646721371915191
0.436257027089596 0.669484029524028
0.431457903701812 0.660838215611875
0.436769579537213 0.645055317785591
0.436080045532435 0.638555085286498
0.451999341603369 0.615058538503945
0.468003562651575 0.611718087922782
0.459894146304578 0.635208359453827
0.41304572019726 0.706560692749918
0.389188573230058 0.701995496638119
0.405262427404523 0.686480056028813
0.395108072087169 0.662453090306371
0.353730386123061 0.66809763899073
0.351902312599123 0.675031875725836
0.313706969842315 0.698085493408144
0.355819602496922 0.651973631232977
0.363012538757175 0.646275577601045
0.379511770792305 0.647671822924167
0.387914638966322 0.626479310914874
0.427601011935622 0.579740434419364
0.370730525813997 0.606063584797084
0.356883019674569 0.604928063228726
0.351824556477368 0.608097612392157
0.336523424368352 0.588728236500174
0.319421545602381 0.585784117691219
0.340843396261334 0.571526735089719
0.338365274947137 0.565971157047898
0.308640183880925 0.530860483646393
0.235104724299163 0.469605190679431
0.240614861249924 0.485118150245398
0.223042402882129 0.485254445578903
0.257963505573571 0.52583877556026
0.272995472420007 0.528807751834393
0.237815270200372 0.558971701655537
0.243489167653024 0.528672494459897
0.247868586797267 0.523790352512151
0.225387838669121 0.508148263674229
0.193632654380053 0.534367217216641
0.173841625452042 0.530963268131018
0.224669452756643 0.506410752888769
0.223945348989218 0.495902196038514
0.207291537430137 0.500476208981127
0.137157767545432 0.541889860294759
0.141766242217273 0.547510259319097
0.196658587548882 0.551149174105376
0.169659085571766 0.553767513483763
0.134534389711916 0.557059491518885
0.125769659876823 0.552105925511569
0.111752080731094 0.547954806126654
0.129877154249698 0.559061641804874
0.176624568644911 0.56910347007215
0.212318609468639 0.549396468792111
0.225301691330969 0.559593602549285
0.224278377369046 0.562485193368047
0.225636298768222 0.570437839720398
0.214951209723949 0.575736803468317
0.221097226254642 0.606430907268077
0.19881436182186 0.590616086497903
0.193874676711857 0.576193031389266
0.148938613478094 0.570338710211217
0.109195025637746 0.557498030830175
0.0911981868557632 0.55021691462025
0.144653923343867 0.579644636716694
0.156098270323128 0.581223798450083
0.128286439459771 0.597728298977017
0.138497721869498 0.603188940323889
0.135149285197258 0.604007798247039
0.0898220613598824 0.581936622038484
0.0936053898185492 0.60979056591168
0.111334211658686 0.60864958493039
0.0736795850098133 0.655717119574547
0.0520258340984583 0.646948980167508
0.0663419486954808 0.682559822686017
0.0741074960678816 0.706802413798869
0.0956255039200187 0.694736380130053
0.148607301991433 0.652361147571355
0.162649401929229 0.638836755417287
0.0971815283410251 0.644059156533331
0.112744682002813 0.630411771126091
0.18101091729477 0.611120952293277
0.211830824613571 0.652594895567745
0.176558649167418 0.617214575409889
0.169543754775077 0.636245164088905
0.165321151260287 0.678506213705987
0.172182447277009 0.681296976283193
0.177933844272047 0.684418750926852
0.205745395738631 0.680455155204982
0.209595114924014 0.683856996241957
0.196282337419689 0.66926473332569
0.212492564693093 0.671963040251285
0.240865701809525 0.645807505585253
0.276907622814178 0.616245605051517
0.27546247234568 0.611472020391375
0.272409909870476 0.607675743289292
0.259386905934662 0.610594063065946
0.240610226523131 0.634576447308064
0.245076762977988 0.58594528073445
0.255283108912408 0.582372397184372
0.261942108627409 0.581356923095882
0.279679589904845 0.592600997071713
0.26501327753067 0.580563637893647
0.30996434064582 0.580335251055658
0.299811840988696 0.596288945991546
0.303999705705792 0.613258375786245
0.33961110888049 0.606784315779805
0.348163266200572 0.613391977269202
0.339031283278018 0.618063105270267
0.32537205144763 0.623317179270089
0.319912473205477 0.637676761485636
0.288890631869435 0.646928965114057
0.247085055802017 0.67803802434355
0.220243890304118 0.690600940492004
0.233608890790492 0.706074290443212
0.218915869947523 0.734015746973455
0.20861293328926 0.74252317333594
0.216110166627914 0.738054488319904
0.198886933270842 0.779357970226556
0.19746982306242 0.79578641243279
0.233936089556664 0.760384859517217
0.226729666814208 0.763794578146189
0.248587468173355 0.732929294463247
0.273089897353202 0.685285348910838
0.253791989758611 0.683577928692102
0.296959353145212 0.648342482279986
0.305898482911289 0.657656680326909
0.290372031275183 0.659042710904032
0.296122789382935 0.664875031914562
0.31029425188899 0.664960159920156
0.333233362063766 0.643055120948702
0.313702081330121 0.670798824168742
0.282068158034235 0.730937048792839
0.242030589841306 0.766149436123669
0.240870696492493 0.767620753962547
0.148020767606795 0.832763114478439
0.16238902695477 0.836648348718882
0.182527721859515 0.83753063948825
0.231854537967592 0.788858083542436
0.262367374263704 0.765300004277378
0.283292577136308 0.760721711441875
0.292963596060872 0.754964713007212
0.301793056540191 0.749030608218163
0.294668852817267 0.749489892739803
0.320370669942349 0.73598301410675
0.365477956365794 0.696481032297015
0.348074965178967 0.701683985535055
0.352026459760964 0.697761447168887
0.364708573557436 0.682694358751178
0.372776673175395 0.684357093647122
0.389011451974511 0.693845491856337
0.312467693351209 0.747964442707598
0.30627210251987 0.753814565949142
0.293113666120917 0.758144213818014
0.20235851733014 0.829957494046539
0.141580736264586 0.862725342158228
0.114199460484087 0.88972966466099
0.0917437048628926 0.870834056288004
0.0928540518507361 0.880146187730134
0.0930913691408932 0.900431943126023
0.0913068754598498 0.924221839290112
0.0841694260016084 0.920831440482289
0.0843133986927569 0.906563736032695
0.0730505459941924 0.887550257146358
0.0935313082300127 0.850723152980208
0.122028331737965 0.824229247868061
0.139549080748111 0.815191103611141
0.148275700397789 0.81455954303965
0.150397084187716 0.809752914588898
0.11170428711921 0.810513116884977
0.168209697585553 0.779497139155865
0.170391094405204 0.791240074671805
0.196123133879155 0.764440022874624
0.185663902200758 0.768906616140157
0.154881878755987 0.771203366108239
0.144701605197042 0.764110105112195
0.176245999988168 0.763544224202633
0.184540452901274 0.751745448447764
0.172893468290567 0.724302210845053
0.187403665855527 0.707356247119606
0.188253130763769 0.703347893431783
0.189186583273113 0.691570271272212
0.142654634546489 0.691236971411854
0.135882365051657 0.715992768295109
0.10832739667967 0.74920669849962
0.102914203889668 0.704235359560698
0.0962855387479067 0.698378769680858
0.0883239693939686 0.701312866993248
0.0914267092011869 0.707127104513347
0.0984087567776442 0.719835770316422
0.0916142635978758 0.747700148727745
0.0798602248542011 0.745585503987968
0.0911834742873907 0.729325994849205
0.0497835394926369 0.734557898249477
0.0722558801062405 0.734332853928208
0.0737438136711717 0.740583197679371
0.0706973630003631 0.753417047671974
0.057425553444773 0.759328369982541
0.0549581879749894 0.759669537190348
0.042860446497798 0.780325744301081
0.0410325769335032 0.802868630737066
0.0493456250987947 0.774692464619875
0.071948557626456 0.758555378764868
0.0822807671502233 0.756685455329716
0.070278235245496 0.784082504455
0.0779103459790349 0.778328008949757
0.0824197707697749 0.790016790851951
0.0866534500382841 0.785513894632459
0.0895399013534188 0.784621532540768
0.12084865802899 0.760089745279402
0.0957483369857073 0.808142776601017
0.0987643501721323 0.793624239973724
0.067240675445646 0.805876842699945
0.0582707300782204 0.788894101046026
0.0545432353392243 0.824631127994508
0.0629440774209797 0.810013518668711
0.0643239482305944 0.819466896355152
0.0670276740565896 0.810215432662517
0.0912683932110667 0.81973981577903
0.0643630404956639 0.846801914740354
0.063746846280992 0.867767734918743
0.0550159970298409 0.876474824268371
0.0581408385187387 0.89246181724593
0.0507821599021554 0.912667044904083
0.0658599874004722 0.892004574649036
0.0541749252006412 0.916654241271317
0.0231857406906784 0.969940543640405
0.0133552197366953 0.96998029248789
0.0350703364238143 0.941160500049591
0.043646119069308 0.918206375092268
0.0340261510573328 0.917795536108315
0.0225900486111641 0.950493520591408
0.00631613982841372 0.960204574279487
0.00480708573013544 0.91188723873347
0.00384537689387798 0.876317544374615
0.0306409089826047 0.8994244732894
0.035762747284025 0.883305506315082
0.0566292894072831 0.826809904538095
0.0440711891278625 0.844794267322868
0.0450175269506872 0.82700052857399
0.0042366087436676 0.862402736209333
0.0186916133388877 0.829993339255452
0.0318360775709152 0.808042911812663
0.0242905560880899 0.808901621028781
0.0111381835304201 0.815561742521822
0.0060237399302423 0.804495232645422
0.0392198213376105 0.7357291826047
0.0603216271847486 0.705744915176183
0.0577451139688492 0.690873578190804
0.0136288125067949 0.750371104571968
0.0297219841741025 0.722777696326375
0.048282144125551 0.667917704675347
0.0280693820677698 0.671802423428744
0.00926369987428188 0.735392900183797
0.00649164104834199 0.738310975022614
0.00267509836703539 0.706263275351375
0.0155911161564291 0.646383139304817
0.00933853583410382 0.682479237671942
0.0149042094126344 0.695494114421308
0.027083529625088 0.630847418215126
0.0822471738792956 0.612295738887042
0.0841632788069546 0.606113189831376
0.0788358142599463 0.595494660083205
0.038245883770287 0.584794078953564
0.0280980281531811 0.587958883028477
0.0407656519673765 0.59665319416672
0.027970040217042 0.613995144609362
0.0116101880557835 0.609471610281616
0.0339523968286812 0.572958352975547
0.0215347264893353 0.576641760300845
0.0184009247459471 0.578533510677516
0.00472317589446902 0.624996312893927
0.00222209468483925 0.669739231932908
0.00233972351998091 0.444385579321533
0.0105198402889073 0.56321465736255
0.0165278110653162 0.553325510583818
0.0442084241658449 0.561923291534185
0.0212379032745957 0.526717205066234
0.0606587757356465 0.482241883408278
0.0776773891411722 0.486620805226266
0.0852515860460699 0.481524920091033
0.070036846678704 0.471284042112529
0.12829607212916 0.447893553413451
0.125546120572835 0.468507212586701
0.0629018764011562 0.515020038001239
0.0475539630278945 0.530077930074185
0.0437388569116592 0.528119270689785
0.0632231193594635 0.559403345454484
0.0728673413395882 0.56383965536952
0.0812710504978895 0.555879925843328
0.0818976513110101 0.545468502212316
0.111451641190797 0.53756184829399
0.113644420634955 0.538919429294765
0.154391231946647 0.513402794022113
0.179761757142842 0.510027360636741
0.165428754407912 0.475566292181611
0.164037386421114 0.47482942789793
0.15018326882273 0.496104903519154
0.130542220547795 0.500215588137507
0.123644099570811 0.493433347903192
0.134499126113951 0.491574353538454
0.164266972336918 0.45163939986378
0.177362794987857 0.43498253962025
0.16610994329676 0.457459105178714
0.214288740884513 0.463380956090987
0.208601121790707 0.448260672856122
0.210829026997089 0.446609258186072
0.205663194414228 0.406513997819275
0.223105788696557 0.40450774691999
0.196236352436244 0.402012407314032
0.252019602805376 0.39090838143602
0.248387550469488 0.381863479502499
0.265397178474814 0.391307285986841
0.257497148122638 0.396713132038713
0.231162719428539 0.412434480618685
0.2573771039024 0.438024065922946
0.244765964336693 0.412329869344831
0.303676480427384 0.414674025494605
0.294104530010372 0.401419425848871
0.310609621461481 0.38918944587931
0.293158357497305 0.387682978529483
0.284789368975908 0.373731549829245
0.213893826585263 0.29156230064109
0.194735318887979 0.288413099013269
0.206963761243969 0.332170717418194
0.208057044539601 0.355093463789672
0.221101625822484 0.358539242763072
0.214645859319717 0.371231887489557
0.205332528334111 0.383461153134704
0.202184171415865 0.387350993230939
0.143774449359626 0.465262870304286
0.139430560637265 0.467713608406484
0.125788632780313 0.435621078126132
0.121343798469752 0.437332298606634
0.0857026525773108 0.4126972774975
0.0772517342120409 0.402612112462521
0.0440984200686216 0.34885626565665
0.04855354456231 0.329713750630617
0.0253199115395546 0.348279959987849
0.0263187452219427 0.377021840307862
0.0282515487633646 0.382671755272895
0.0493504041805863 0.386670673266053
0.0478807664476335 0.393920279107988
0.0392791670747101 0.409079220145941
0.039117697160691 0.41948216361925
0.0416026972234249 0.444348102901131
0.0531351612880826 0.457511641550809
0.059095514472574 0.452577312942594
0.0521564395166934 0.431869436986744
0.0783552839420736 0.459292412735522
0.0635614432394505 0.463686950970441
0.0268201264552772 0.509254566859454
0.0279384725727141 0.485537369269878
0.0341213373467326 0.467254600487649
0.0472592865116894 0.455730671994388
0.0441898605786264 0.456591858994216
0.00862622493878007 0.438950024545193
0.00420768093317747 0.388777976389974
0.0148961911909282 0.350012343376875
0.00533781293779612 0.278327808715403
0.00481074443086982 0.26262428611517
0.00526628131046891 0.222375380340964
0.0203679045662284 0.221897715236992
0.021170805208385 0.219118407927454
0.0188608951866627 0.207575522828847
0.0170304323546588 0.194092055317014
0.0142033668234944 0.205094708595425
0.00784158986061811 0.205077890772372
0.00128014897927642 0.160590733867139
0.00182719901204109 0.151215795427561
0.0018836515955627 0.133447019383311
0.0134890764020383 0.1194016947411
0.0235254792496562 0.140339937526733
0.0444060754962265 0.139548453036696
0.082157654222101 0.16614701366052
0.0630583111196756 0.165580825414509
0.0502194981090724 0.167117739561945
0.0471827313303947 0.170685146469623
0.0396820642054081 0.171653497964144
0.0160402050241828 0.163874831516296
0.0219109966419637 0.19591445568949
0.0280662449076772 0.203623010311276
0.0211120108142495 0.202369770035148
0.0345532661303878 0.234556200914085
0.0368967284448445 0.236055508255959
0.0316866817884147 0.199125273153186
0.0822577336803079 0.207502108067274
0.0999196139164269 0.203184322454035
0.0891744466498494 0.211967031937093
0.099131332244724 0.213238512165844
0.105933442246169 0.230779877398163
0.0810972074978054 0.243851420003921
0.110369145870209 0.249382177367806
0.120197380892932 0.247090758755803
0.127224024850875 0.261210961733013
0.137801378965378 0.272089283913374
0.156562430784106 0.295180147979409
0.136574112810194 0.289647817146033
0.1360201430507 0.272082082927227
0.124367938376963 0.270331458188593
0.119538031052798 0.297453869134188
0.10389246372506 0.266294226981699
0.0941936885938048 0.265901392325759
0.0638100309297442 0.25996769266203
0.0500411004759371 0.254848446696997
0.0328109953552485 0.23456525336951
0.0485937274061143 0.270545464940369
0.046543579082936 0.280337888281792
0.0486178430728614 0.292451886460185
0.0260042585432529 0.277087033726275
0.0250321286730468 0.277396742254496
0.0359397204592824 0.301645691506565
0.0336965061724186 0.309514346532524
0.0573950493708253 0.301238963846117
0.068746502045542 0.32490846933797
0.0609233970753849 0.327975758351386
0.0973663348704576 0.351130610797554
0.132448283955455 0.327535803895444
0.148757659364492 0.327993114944547
0.123220914043486 0.316986635793
0.0857169213704765 0.300866333767772
0.0775649123825133 0.291212869808078
0.106918041594326 0.296022051014006
0.113927498925477 0.301232492551208
0.154443377628922 0.301112648565322
0.16677626548335 0.313494149129838
0.172810077667236 0.322848370298743
0.144526062067598 0.343457960058004
0.165156392380595 0.366347521543503
0.138893218711019 0.35677188122645
0.10908761434257 0.361613355576992
0.095830034930259 0.383882846683264
0.0641153119504452 0.369342472404242
0.0760122234933078 0.379759146366268
0.090925354976207 0.387377922888845
0.131094836164266 0.380125629715621
0.141193563118577 0.380100851878524
0.140936279669404 0.390524692367762
0.112066792324185 0.394563164096326
0.110838584136218 0.401741611771286
0.150333457626402 0.412252106238157
0.154040269553661 0.411706004757434
0.188222295604646 0.356457488145679
0.186929593794048 0.354738964233547
0.170651340857148 0.354655304923654
0.154047308024019 0.346542856656015
0.190063787158579 0.34889074973762
0.192424029111862 0.328901987988502
0.185574577189982 0.31201396510005
0.199034104123712 0.32729517063126
0.191160692367703 0.291708178352565
0.182920346967876 0.276749564800411
0.221151796169579 0.275196144357324
0.211904143448919 0.28554978966713
0.246191630139947 0.290265440940857
0.266502378508449 0.306635366287082
0.249093058053404 0.301021359860897
0.218110092915595 0.29312871908769
0.272085261531174 0.312016368377954
0.284255153965205 0.31231264071539
0.27615622151643 0.326922506093979
0.266254738438874 0.327425775583833
0.260910524521023 0.32816704409197
0.27094696322456 0.334707639180124
0.26911598071456 0.349968037568033
0.305779200512916 0.341041901614517
0.301010433584452 0.360829222947359
0.306702930480242 0.362964521627873
0.309542674571276 0.364872090052813
0.32025416335091 0.349939933046699
0.328747509047389 0.356101315934211
0.338142917491496 0.36120584141463
0.385591668542475 0.363833769690245
0.401764908339828 0.374255388043821
0.415252095088363 0.382343103177845
0.439846278633922 0.371644736267626
0.448638929054141 0.385588288772851
0.475728877820075 0.347788289189339
0.496669078245759 0.359345908742398
0.512311012484133 0.35506929596886
0.51165861543268 0.351482807192951
0.497820387594402 0.350402010604739
0.442388428840786 0.329912601038814
0.433911574538797 0.32236574916169
0.440080276690423 0.328685333952308
0.412718072533607 0.341948206070811
0.39849497936666 0.341417373623699
0.395100206602365 0.330627530347556
0.3840107684955 0.319972999859601
0.363426251802593 0.322467779740691
0.402280442416668 0.347222458571196
0.354897154960781 0.329736040439457
0.321572649758309 0.318128714337945
0.307571588549763 0.321282883640379
0.247400014195591 0.261512976605445
0.209951932542026 0.263405346311629
0.162367324344814 0.257705260068178
0.185349075589329 0.245114066172391
0.207378996070474 0.24457547115162
0.219922215677798 0.246781784575433
0.194733782671392 0.227202873677015
0.21407398302108 0.228798990603536
0.27341030491516 0.257458356209099
0.32786642992869 0.266272127162665
0.302729981951416 0.274234028998762
0.272599830292165 0.2745689493604
0.290098273195326 0.280428037978709
0.346682397648692 0.293776943814009
0.361320853233337 0.300926587544382
0.377870193682611 0.305849171243608
0.385092186741531 0.296269382815808
0.368881182279438 0.280592832714319
0.362638858612627 0.266530779190361
0.350670341867954 0.262337422464043
0.271515002474189 0.229187745600939
0.284357360564172 0.233045051805675
0.292117546778172 0.235649669542909
0.378944084979594 0.257343207485974
0.396069149021059 0.272907532285899
0.43958402145654 0.264286196324974
0.430936300195754 0.261047375388443
0.412642085459083 0.255171999335289
0.342024688608944 0.224730659276247
0.328157293144614 0.234840121120214
0.304448924493045 0.2336714300327
0.296155845280737 0.231752457097173
0.259106322657317 0.216224997770041
0.252732567023486 0.211182118393481
0.247060541063547 0.20711318962276
0.216214077081531 0.198786543682218
0.197205838281661 0.180710930377245
0.208190379198641 0.204710288904607
0.237841126974672 0.233590060379356
0.207963428460062 0.219553115777671
0.204782417509705 0.217383608222008
0.187908229418099 0.209502345416695
0.169887073803693 0.191549782175571
0.162213711999357 0.210613465402275
0.142315267119557 0.203158768825233
0.132453658618033 0.200449480675161
0.10823600133881 0.190679593011737
0.151582071557641 0.177009634207934
0.183480467181653 0.182469431310892
0.185210290830582 0.178040474653244
0.28482213569805 0.192679789848626
0.307074414566159 0.201261130627245
0.347025873139501 0.208472424186766
0.396604162175208 0.229540312197059
0.432699081487954 0.237134026363492
0.382540465798229 0.210802346467972
0.432491719257087 0.221559587400407
0.436876241583377 0.226689790375531
0.47030902793631 0.25058715371415
0.483925897628069 0.2502641226165
0.481711635366082 0.261917448136955
0.457083202432841 0.280703764408827
0.457408962305635 0.308726447168738
0.426626394502819 0.275539837311953
0.425722094252706 0.278712876606733
0.426747211255133 0.295720738824457
0.481399714481086 0.338102494832128
0.514427456539124 0.318560193758458
0.492996448185295 0.314495229162276
0.485794063657522 0.3196966717951
0.465058671310544 0.316603733692318
0.455031754914671 0.311747471336275
0.5086594899185 0.30338619556278
0.509844721760601 0.310764722991735
0.505796848330647 0.284365977160633
0.503711220808327 0.273597724735737
0.530815420672297 0.299808046780527
0.55887908488512 0.293279936071485
0.574071996845305 0.28360002161935
0.504867467563599 0.253960823174566
0.499675154685974 0.248162742704153
0.525845363736153 0.249052117113024
0.563247282523662 0.242477497085929
0.561178336385638 0.235934019088745
0.539037628099322 0.201414117589593
0.539414039347321 0.19944045972079
0.538148536346853 0.20129521517083
0.54253292735666 0.236928462050855
0.523170156404376 0.236888124607503
0.507212543394417 0.22898563882336
0.490314760245383 0.212980032432824
0.484562769997865 0.205682662315667
0.459968379698694 0.212699621915817
0.471437531523407 0.21353085199371
0.491351626813412 0.22494260314852
0.473784605972469 0.227340516168624
0.372666209470481 0.206875380128622
0.362797781359404 0.206084891688079
0.396979179698974 0.201613747049123
0.401361630763859 0.194548761937767
0.406525522936136 0.187010516878217
0.411903098691255 0.165683049708605
0.374423741362989 0.157182096038014
0.394172770436853 0.155667370650917
0.415372932795435 0.158435699064285
0.46268615918234 0.158925740979612
0.454714795108885 0.145872076507658
0.355506379157305 0.14065421000123
0.351264198310673 0.12313864659518
0.32431206246838 0.104315409436822
0.396225340198725 0.142563794739544
0.42245759954676 0.129936180077493
0.447092382237315 0.119344571139663
0.410684109199792 0.115027659107
0.415724118240178 0.10660919174552
0.368013747036457 0.0864176298491657
0.390915723051876 0.0984165109694004
0.39339709142223 0.123500348534435
0.370001802220941 0.126790934707969
0.348744908347726 0.112177951261401
0.326928662601858 0.100873686373234
0.2766771344468 0.105383079033345
0.240927550476044 0.109152640681714
0.26244571711868 0.116137807257473
0.277382779400796 0.121347645763308
0.327044812962413 0.130334496032447
0.366002652328461 0.148946614935994
0.385805936064571 0.15172109240666
0.35395867144689 0.151988739147782
0.337649808265269 0.138910056557506
0.316818277817219 0.149656689260155
0.28607666073367 0.134395441506058
0.268095990177244 0.131368038244545
0.263033699244261 0.146937733516097
0.233659186400473 0.121677462942898
0.229397498071194 0.126002503093332
0.207700965926051 0.110970424488187
0.173321552574635 0.111606053542346
0.194568601436913 0.156510062515736
0.211726581212133 0.154397598933429
0.225377483293414 0.156170472037047
0.250650969799608 0.166584740858525
0.259560795500875 0.152405363507569
0.289607345126569 0.147078548092395
0.30583755299449 0.159205975476652
0.342028618324548 0.175360287074
0.326874756254256 0.191744001116604
0.309913909062743 0.174693866632879
0.269144939258695 0.173675029538572
0.271862647496164 0.163037260062993
0.255988011136651 0.170155947562307
0.258945920970291 0.179532050155103
0.249638792127371 0.169099336490035
0.213330214377493 0.163842587731779
0.125123945996165 0.176497936714441
0.107390081975609 0.179492912720889
0.0689390930347145 0.141876220703125
0.0666111684404314 0.129519246518612
0.0901560136117041 0.134348048362881
0.123615976423025 0.160683286376297
0.144452041946352 0.160980639979243
0.084332718513906 0.121014333330095
0.0624877326190472 0.111693599261343
0.0372814144939184 0.128597883041948
0.0213512969203293 0.12852381169796
0.0270932763814926 0.099282484035939
0.0136939729563892 0.0986467129550874
0.0073956442065537 0.0660697096027434
0.0344486637040973 0.0675655556842685
0.0415325057692826 0.103293455205858
0.040966397151351 0.0742810633964837
0.0737692061811686 0.0822686231695116
0.0584876164793968 0.0562298954464495
0.0687722754664719 0.059632464312017
0.104468769393861 0.068732806481421
0.0968285175040364 0.0738075599074364
0.0968574211001396 0.0942077031359076
0.118518180213869 0.114537301938981
0.179001361597329 0.154713985044509
0.187873472925276 0.149538001976907
0.156495317351073 0.114096979610622
0.214688821230084 0.101431378629059
0.171495338436216 0.0982208452187479
0.147389569319785 0.0989044038578868
0.128867833409458 0.0988322477787733
0.144829195924103 0.0948623977601528
0.127487079240382 0.0881615448743105
0.124595683533698 0.0761075378395617
0.110186373349279 0.0650312802754343
0.101461092941463 0.0422026114538312
0.0751223554834723 0.0531081948429346
0.0368856661953032 0.0460797771811485
0.00492119649425149 0.0217992011457682
0.0366822867654264 0.0174967693164945
0.0720232827588916 0.0153407994657755
0.036818758584559 0.0427726935595274
0.0765509293414652 0.0343769229948521
0.0822866405360401 0.0296119987033308
0.0797890652902424 0.0139885861426592
0.0958898104727268 0.00869304500520229
0.11969093978405 0.00217542937025428
0.131510717794299 0.00293292291462421
0.190720432437956 0.00386460078880191
0.170032654888928 0.00947900302708149
0.163108837325126 0.0149594070389867
0.136740426532924 0.0183964311145246
0.153798003215343 0.0243437131866813
0.159338767640293 0.02799500990659
0.108140558470041 0.0215153712779284
0.116604899987578 0.0260271020233631
0.104331886861473 0.0437237424775958
0.13798793964088 0.0383957698941231
0.127128632739186 0.0251630120910704
0.166875522118062 0.0580999697558582
0.200344552285969 0.0223751021549106
0.19997240183875 0.0214998023584485
0.208062550518662 0.0174616728909314
0.265677180606872 0.0361158726736903
0.234084581024945 0.0276383482851088
0.254986974410713 0.0546469646506011
0.195277945138514 0.0683578015305102
0.132985014468431 0.0672606462612748
0.157018180005252 0.0828596870414913
0.203972882125527 0.0815566768869758
0.217834879644215 0.0906409262679517
0.228689791169018 0.0831368272192776
0.266704633366317 0.0932862954214215
0.297148355748504 0.0922977547161281
0.333546995185316 0.0946544809266925
0.342039482202381 0.10027056094259
0.323642043862492 0.0629123714752495
0.318687076680362 0.0591634819284081
0.279910649638623 0.0452696811407804
0.266021673567593 0.0357067063450813
0.269290030002594 0.0256068613380194
0.356008105911314 0.0584118939004838
0.34362783562392 0.066743906121701
0.352287719026208 0.0793589646928012
0.387197319418192 0.0585199566558003
0.364253527950495 0.0492366962134838
0.343205587472767 0.0448199156671762
0.349061565939337 0.0472183614037931
0.286726710386574 0.0295373629778624
0.271878546103835 0.0149089614860713
0.277515852358192 0.0168343046680093
0.308712868951261 0.0265214806422591
0.322689088527113 0.0206021112389863
0.254116471856833 0.0101930242963135
0.31590780755505 0.0165901440195739
0.354617306031287 0.0207519088871777
0.327921578660607 0.00629844237118959
0.476973664481193 0.0016160742379725
0.532328859902918 0.0432302239350975
0.544608814641833 0.0572279337793589
0.540702987927943 0.0377955441363156
0.537094186060131 0.0256902915425599
0.522627430502325 0.0288775688968599
0.499986129347235 0.00208752043545246
0.538535861764103 0.0128295966424048
0.544584901072085 0.012639625929296
0.560760026331991 0.00515349069610238
0.545603640377522 0.000925783533602953
0.605865194927901 0.00599274225533009
0.80898599838838 0.017142707016319
0.792911767959595 0.0116539527662098
0.750139872077852 0.00287623796612024
0.808573075570166 0.00790802109986544
0.818860589992255 0.0113694029860198
0.844799286685884 0.0213414872996509
0.716636137571186 0.0134891485795379
0.748805724084377 0.0180202582851052
0.798696796875447 0.0223440816625953
0.805545543320477 0.0419713999144733
0.829841704107821 0.0324394721537828
0.897095508407801 0.0336887673474848
0.878391712438315 0.0364601598121226
0.88983546057716 0.040652634575963
0.898376436904073 0.0650366153568029
0.878761511296034 0.0607503615319729
0.841452902648598 0.04357426520437
0.869160063099116 0.124956415500492
0.856900958810002 0.0946393739432096
0.843717632349581 0.0733053181320429
0.815483991988003 0.0758636048994958
0.82385537866503 0.0599045464769006
0.762837698683143 0.0858546392992139
0.761167491320521 0.0591750876046717
0.779498509131372 0.0560035174712539
0.752008768729866 0.0296279327012599
0.751663530711085 0.0325292646884918
0.737791359424591 0.0356202446855605
0.717993148602545 0.035630043130368
0.685743045993149 0.0156229045242071
0.65406432421878 0.0173399341292679
0.639088688418269 0.0191476852633059
0.636807406321168 0.0232407138682902
0.605406404472888 0.0107171419076622
0.578199149109423 0.00884503358975053
0.595856763422489 0.0201218202710152
0.599895493127406 0.0221424968913198
0.642806859221309 0.0236111734993756
0.661694931797683 0.0394207104109228
0.668908605817705 0.0316221709363163
0.671234037261456 0.0320632304064929
0.708507342729717 0.0418124394491315
0.690343322698027 0.0596277131699026
0.701884817797691 0.0698954300023615
0.70718333683908 0.0700325379148126
0.733783086761832 0.0932401432655752
0.742007499560714 0.100137224886566
0.73947400925681 0.103357689920813
0.769632088486105 0.135765505488962
0.81116625899449 0.163751215208322
0.813481646589935 0.157500847708434
0.792673307005316 0.129249732475728
0.790543481707573 0.130690856836736
0.792535704094917 0.144827246200293
0.752265353221446 0.112229537218809
0.775996520649642 0.121682927012444
0.753254090435803 0.092423680704087
0.793953200336546 0.0912999380379915
0.830112027004361 0.135574785061181
0.824251365382224 0.161358857061714
0.8627999429591 0.144912228919566
0.822614712174982 0.170695036184043
0.826214608270675 0.176016084384173
0.821369530633092 0.190881893970072
0.861788338515908 0.180866674520075
0.846452198456973 0.162005802150816
0.877458012662828 0.153457822743803
0.878336517605931 0.157043462153524
0.875497492961586 0.199597605969757
0.859185943379998 0.19904137449339
0.874463750049472 0.232269446365535
0.871849338524044 0.236422655638307
0.852716892957687 0.21646795514971
0.820290999952704 0.200244531966746
0.827903204597533 0.226145585533231
0.838499557692558 0.234758721664548
0.855544599238783 0.26260080980137
0.857019743416458 0.262924505397677
0.86561505170539 0.266149789560586
0.871911930851638 0.276536990888417
0.874308661557734 0.275648552924395
0.866419544443488 0.253805855289102
0.854461685288697 0.234079126268625
0.887790680862963 0.243849985767156
0.899328470695764 0.144732177723199
0.905291328206658 0.116000080946833
0.902789579704404 0.0810047080740333
0.915087655186653 0.0730977482162416
0.92527874186635 0.119418860878795
0.926214995328337 0.104620716534555
0.938966101035476 0.120922988280654
0.913649892900139 0.160791870206594
0.934032947290689 0.146707604639232
0.943086127750576 0.196453422773629
0.942863167729229 0.252143575344235
0.926691502332687 0.250817550346255
0.904626675881445 0.290842107497156
0.919040801003575 0.260279853828251
0.926890734583139 0.20494040986523
0.92432130780071 0.164921395946294
0.92167105525732 0.182304074056447
0.900328670162708 0.198565510567278
0.924134273082018 0.198905941098928
0.896117506548762 0.262668636627495
0.896292250137776 0.244655006099492
0.871662834659219 0.260989186819643
0.87597252195701 0.271603593602777
0.888518534135073 0.260868182871491
0.884246784262359 0.282843180466443
0.863859872799367 0.291403255425394
0.867557347752154 0.308427189942449
0.889111818745732 0.340344455558807
0.894803450908512 0.31287437537685
0.900448008906096 0.304174621123821
0.929897791240364 0.282998139970005
0.924055867828429 0.318994500208646
0.945627740118653 0.319242155179381
0.951294594909996 0.270985274109989
0.955895741470158 0.236385706346482
0.95955152111128 0.22290901793167
0.975324006285518 0.141053028870374
0.975382333621383 0.128647536970675
0.971999460831285 0.0982314613647759
0.958858638070524 0.191705520264804
0.944916173815727 0.103459115605801
0.939924722071737 0.0690988218411803
0.944677505176514 0.109001130331308
0.928795763291419 0.0304223387502134
0.927749966271222 0.0351532637141645
0.921951698604971 0.0409552869386971
0.91095671011135 0.0226258295588195
0.904796019662172 0.0198252322152257
0.93639477295801 0.0267512695863843
0.957295111846179 0.0328325983136892
0.955472860950977 0.0987003720365465
0.954430302605033 0.131259226705879
0.956443099770695 0.124709936324507
0.973827491980046 0.0686020515859127
0.95975094428286 0.035481832921505
0.975696376524866 0.0661931494250894
0.983684485312551 0.034337418153882
0.969586802180856 0.0172379100695252
0.985407901462168 0.0190632771700621
0.990305458661169 0.106424666475505
0.986123563721776 0.133880870882422
0.980596266221255 0.157257706858218
0.981573817785829 0.200615722686052
0.980407865718007 0.290694382973015
0.979948570486158 0.289934803266078
0.979302851483226 0.279005610849708
0.964608490932733 0.223155928310007
0.966381534002721 0.259140539448708
0.971579702571034 0.2798877437599
0.956295732874423 0.290207969024777
0.966056582052261 0.324582746718079
0.95098998490721 0.457448253408074
0.962677654344589 0.450365352910012
0.964600971899927 0.401174277067184
0.979039916303009 0.293390541803092
0.979919082485139 0.302850190550089
0.981113564688712 0.330136166419834
0.982062602415681 0.361279593780637
0.982945594936609 0.361072313040495
0.968949940055609 0.432158633135259
0.962577558122575 0.453872459940612
0.974239285569638 0.559178384020925
0.971894653979689 0.45476520806551
0.977386235725135 0.477083765435964
0.985018271021545 0.435698398854584
0.987544424366206 0.387771051842719
0.99249707814306 0.342269734479487
0.970263191033155 0.631188520230353
0.970134899951518 0.636816060636193
0.964388340711594 0.64265917846933
0.965840496588498 0.729954633396119
0.96708830120042 0.672152904327959
0.976327434647828 0.617606539279222
0.98948034318164 0.537208040244877
0.983689523302019 0.596520063932985
0.9775724504143 0.709803324192762
0.983962436206639 0.658960967790335
0.989816605113447 0.563439597375691
0.983333444222808 0.683041322045028
0.989587185438722 0.79445533733815
0.989258454646915 0.666979084722698
0.995281825773418 0.59296100307256
0.998287302441895 0.413743539713323
0.994235202670097 0.398750993423164
0.993407496716827 0.395846947096288
0.994215940590948 0.311852718237787
0.989341949578375 0.246091341599822
0.984182463493198 0.193922334816307
0.988341765478253 0.219372572377324
0.996260994579643 0.173168148845434
0.999625061638653 0.170072146225721
0.999745362438262 0.457991749513894
0.999013283289969 0.873990117106587
0.994839496910572 0.814142951276153
0.998764390591532 0.948193408083171
0.996867842040956 0.927368365693837
0.992726417258382 0.942221716046333
0.984034458640963 0.961835719179362
0.97738455561921 0.96985597955063
0.975573881529272 0.963986712507904
0.962540769949555 0.976318326313049
0.975602948572487 0.896427838597447
0.975496035534889 0.886137987952679
0.933998219203204 0.94058806123212
0.947786718606949 0.953788195736706
0.938697573728859 0.952744104899466
0.944390573073179 0.974181035999209
0.931605212390423 0.97877805121243
0.93165798811242 0.957639986183494
0.922370977699757 0.952083292417228
0.918143833521754 0.931673512794077
0.914217466954142 0.934975037351251
0.918829670641571 0.966073702089489
0.919799011200666 0.980626456905156
0.895653994288296 0.978555578738451
0.884936690330505 0.976206643041223
0.872097277082503 0.950204622931778
0.866417880170047 0.949980226811022
0.898832411505282 0.883222932461649
0.902053122874349 0.880322130396962
0.927986875642091 0.810607787687331
0.905544628854841 0.84610106004402
0.908289581537247 0.812143688555807
0.897796077653766 0.79525740724057
0.895652296021581 0.787481034174562
0.894539332482964 0.826805114280432
0.889222295023501 0.857920764014125
0.886665618978441 0.834334388375282
0.890016510151327 0.781098145991564
0.889063127804548 0.768237569835037
0.872837452683598 0.828431016765535
0.835367541760206 0.908656577579677
0.805333951022476 0.946880972478539
0.851575419772416 0.85065193194896
0.863198652863503 0.831660767551512
0.827268611174077 0.876510394271463
0.874408971983939 0.815379093866795
0.868076645303518 0.795650984626263
0.86716529307887 0.782306300941855
0.848197945393622 0.780007371678948
0.834042686037719 0.770030884072185
0.811517976224422 0.792904512956738
0.842435587663203 0.742341303266585
0.857977542094886 0.722880077548325
0.861193529795855 0.718662430532277
0.86230741860345 0.696227694861591
0.847538147121668 0.680397542659193
0.826450066640973 0.763089007232338
0.804315339308232 0.802338659297675
0.803002774715424 0.802804914768785
0.777959112543613 0.83695823373273
0.775011549703777 0.826923852786422
0.776394356507808 0.808641345705837
0.773555089719594 0.774332584347576
0.782792564481497 0.735073386691511
0.781344421673566 0.729965539649129
0.763928273227066 0.760095839388669
0.767345543019474 0.769921939820051
0.762261023279279 0.790165531914681
0.755639389622957 0.781515847891569
0.747140869032592 0.784341175574809
0.728175782598555 0.817892780527472
0.750276224687696 0.76350606745109
0.727043402846903 0.73678924003616
0.733990318141878 0.70847135130316
0.751380608417094 0.699731500819325
0.77234516479075 0.687227740883827
0.776558980811387 0.68184398021549
0.784393888432533 0.65935578988865
0.745428333058953 0.679046600591391
0.726781686767936 0.69197558471933
0.73010084265843 0.671023424714804
0.733506327494979 0.665309930220246
0.699444785714149 0.71926272008568
0.722739644814283 0.716966200619936
0.714494547341019 0.723305349238217
0.714223336894065 0.732993215322495
0.690505750942975 0.759873140603304
0.67359556350857 0.766884702257812
0.675508437212557 0.780640141107142
0.679065729491413 0.777473678346723
0.711171500850469 0.794367486145347
0.713219158351421 0.803651347290725
0.741227554623038 0.830906986258924
0.758370388299227 0.807727229315788
0.768133209086955 0.798407776281238
0.767369114793837 0.841622718144208
0.762233055662364 0.876561081968248
0.758164653554559 0.874275500886142
0.752662031445652 0.873100130353123
0.745872204191983 0.892706463579088
0.758110273163766 0.900137824006379
0.774264802690595 0.898516386281699
0.779992561321706 0.911331187002361
0.774035033769906 0.918866278603673
0.76236075675115 0.903529868461192
0.732204972300678 0.930480225011706
0.780875112861395 0.934183884877712
0.758798887953162 0.950067729689181
0.769339235965163 0.949965839274228
0.783888345118612 0.939340935088694
0.7881402191706 0.9046949041076
0.77027751179412 0.880114822182804
0.772258760873228 0.873782520648092
0.799704665318131 0.856408188585192
0.821170818991959 0.838259535375983
0.837588739115745 0.816799546126276
0.795970302075148 0.925550542306155
0.791848457418382 0.929618396330625
0.781592641491443 0.953567495103925
0.838985661510378 0.95754177775234
0.870643249712884 0.862026452086866
0.871160002890974 0.87332798121497
0.873030167073011 0.878514475189149
0.900616962928325 0.875695278402418
0.854617912787944 0.953049644362181
0.860634637530893 0.955277186818421
0.84699487593025 0.967348158825189
0.872503638733178 0.960324862040579
0.859643446281552 0.968912914860994
0.882288247812539 0.973061375319958
0.818152241408825 0.973266273736954
0.756645754445344 0.975132961757481
0.889108730945736 0.988803582265973
0.864981876686215 0.995708659756929
0.915990921668708 0.995208075270057
0.801685831043869 0.999233203474432
0.770728453062475 0.995607289951295
0.705503624398261 0.997797839809209
0.678603258915246 0.989235752262175
0.682715276256204 0.980428545735776
0.679819847457111 0.974245242308825
0.645039533730596 0.957616721279919
0.648907230235636 0.951565568801016
0.671151246875525 0.939336032141
0.696351263672113 0.946031252387911
0.708240394014865 0.961000010836869
0.695502071641386 0.965827859938145
0.707408064510673 0.990417557768524
0.748097021598369 0.993092226330191
0.793570009060204 0.987766811158508
0.755479177925736 0.981733312364668
0.729606385808438 0.982725928071886
0.732040101196617 0.964650789275765
0.730073832441121 0.964267324656248
0.745271090883762 0.958672145847231
0.730501112993807 0.950525099877268
0.715491270180792 0.948668641969562
0.705114072654396 0.93986294278875
0.734261206351221 0.908372916746885
0.712649584747851 0.904722255654633
0.68800253001973 0.894228830002248
0.700695538427681 0.874171600211412
0.717524413019419 0.864048783201724
0.645600125659257 0.848269033711404
0.660265131853521 0.842812246643007
0.691546653397381 0.850944037549198
0.750605459790677 0.847208205610514
0.667572741396725 0.833901300560683
0.662348680663854 0.7969631687738
0.659675606526434 0.79838837031275
0.621330569963902 0.823689552489668
0.656560670118779 0.836791787762195
0.644714320078492 0.847211228683591
0.623796641360968 0.853568891528994
0.620823397766799 0.844790290109813
0.618676871061325 0.825782953295857
0.600323552731425 0.851239321753383
0.612470886204392 0.868666192516685
0.584900823887438 0.907731053419411
0.595233629923314 0.899317408446223
0.632808419875801 0.889306179713458
0.683500316925347 0.910199405159801
0.651014768518507 0.912961093243212
0.647520965430886 0.914669221267104
0.68059556838125 0.92622483568266
0.673556570895016 0.935189590323716
0.653997489251196 0.919108527246863
0.645209887996316 0.930205449927598
0.634915833827108 0.943451216910034
0.634611124638468 0.953942097723484
0.614726642146707 0.973718357738107
0.626069277524948 0.979909975081682
0.648537814617157 0.975630671251565
0.66809527669102 0.998866645619273
0.608455345500261 0.986808279063553
0.579896093346179 0.977170964702964
0.559370061382651 0.97321756882593
0.555471509695053 0.972673525102437
0.484941612929106 0.975856100674719
0.573905126657337 0.980790566653013
0.444653087295592 0.987082892563194
0.390649895649403 0.988368259277195
0.377556986175478 0.996311019174755
0.451179924421012 0.991708755958825
0.564743674360216 0.98707449156791
0.665435453411192 0.99899984896183
0.600620512850583 0.995472358539701
0.586969599127769 0.995122985448688
0.507824562489986 0.9933443791233
0.372820524033159 0.998394475318491
0.36888693831861 0.996475857216865
0.395167446695268 0.980217405129224
0.45562750659883 0.954745831899345
0.433364481665194 0.974299718625844
0.48639357322827 0.959644349757582
0.499164733570069 0.963920306880027
0.534255234058946 0.964540186338127
0.585439477581531 0.942618700210005
0.586662438232452 0.951625540386885
0.618230912368745 0.927500052377582
0.597307330928743 0.922943596262485
0.584765067789704 0.935466973111033
0.573448922019452 0.926145224831998
0.573245575185865 0.8676588810049
0.619467015378177 0.784558444749564
0.586674781516194 0.766594082582742
0.557458252180368 0.763380053453147
0.565117699094117 0.753540761768818
0.539649510756135 0.762724528089166
0.544263755902648 0.806159425526857
0.534704732242972 0.804867415223271
0.519157026894391 0.796252119354904
0.486956809647381 0.846646048128605
0.507630911655724 0.853064603172243
0.554902200121433 0.817985407542437
0.549431946594268 0.838529493194073
0.531547735445201 0.855334741063416
0.515675637405366 0.86219328828156
0.52899406850338 0.858379396144301
0.525976898614317 0.863061831332743
0.524689777754247 0.86540968157351
0.515619520097971 0.894367666915059
0.543036970775574 0.867418030742556
0.549051121342927 0.874149753246456
0.562492373399436 0.90764755802229
0.508154922164977 0.907381274271756
0.517521619331092 0.876539926510304
0.496396092697978 0.91417817864567
0.488543968182057 0.922447432298213
0.500567145645618 0.917899962514639
0.504616827238351 0.922447108197957
0.514495321549475 0.944076581392437
0.483097317628562 0.944263071287423
0.482748452108353 0.942699558101594
0.49837394990027 0.934370656497777
0.505480530671775 0.9268140909262
0.458110639825463 0.917853783816099
0.489841983653605 0.876246891915798
0.511398772709072 0.870469057001173
0.480138308834285 0.874358567874879
0.460175620391965 0.887478095944971
0.415984015911818 0.919093469157815
0.423651894088835 0.894032766111195
0.452334688510746 0.882801018189639
0.462902709841728 0.874379713088274
0.421280029695481 0.892967999912798
0.440537825226784 0.866072022356093
0.443879080936313 0.860363776795566
0.486667554825544 0.817773667164147
0.438616894185543 0.843962531071156
0.438312832731754 0.852140304632485
0.42372165992856 0.881246595177799
0.417841853108257 0.891568470746279
0.388019510544837 0.902199095580727
0.380786675959826 0.906912951730192
0.407252839766443 0.852405874989927
0.429337029810995 0.834844105876982
0.431236559990793 0.839771446306258
0.467018575873226 0.791047438513488
0.475823571905494 0.777810439933091
0.50042118690908 0.768405629321933
0.520265806932002 0.742888557724655
0.517277454026043 0.763380418531597
0.533065585885197 0.75267101591453
0.577220517210662 0.737957197241485
0.584715754259378 0.757627106271684
0.618012531660497 0.76842646393925
0.630802685860544 0.750514734536409
0.625752599909902 0.787854513619095
0.646799991372973 0.764194744639099
0.665244665928185 0.72560579283163
0.675170739647001 0.701561726629734
0.667009882628918 0.695914200041443
0.667567791417241 0.671249929815531
0.640536578837782 0.717578929848969
0.618017143104225 0.726229396648705
0.61367469932884 0.731411286164075
0.597724677529186 0.734554845374078
0.606908112298697 0.708567873574793
0.635744003113359 0.707577505148947
0.638089747633785 0.698560160119087
0.639285477809608 0.692859412170947
0.644374527502805 0.705262860283256
0.633188350126147 0.629369601607323
0.619178349152207 0.648655454162508
0.603909410070628 0.66087422799319
0.586105214431882 0.676476287189871
0.606024498585612 0.668969543185085
0.587083927355707 0.721553349867463
0.563502400182188 0.741393037140369
0.586308670695871 0.705316859763116
0.580585431307554 0.70374666666612
0.577707455027848 0.71640813909471
0.563525455072522 0.722990616690367
0.582810535095632 0.692826193757355
0.560341288801283 0.705294558778405
0.547449008096009 0.708268214948475
0.530776176135987 0.722689301706851
0.516390907112509 0.729328734334558
0.496068334206939 0.747327266260982
0.555452978238463 0.665828050114214
0.561549694743007 0.658617754932493
0.598587429150939 0.630921272560954
0.583186645060778 0.655225101858377
0.53768738778308 0.705521930009127
0.619900119956583 0.641362896189094
0.623177148867399 0.632715549319983
0.62069975445047 0.621418802067637
0.627864901907742 0.60859347274527
0.643089956138283 0.587053614668548
0.633284051436931 0.572027374058962
0.602397380396724 0.58522202540189
0.6067985156551 0.575662798248231
0.551652940455824 0.648451483342797
0.537455201148987 0.663714043796062
0.49171925522387 0.742891060654074
0.485567866358906 0.751346840523183
0.460381214041263 0.792653896380216
0.419337892904878 0.833186256699264
0.426239419262856 0.817275244276971
0.441222887486219 0.783300829585642
0.445614354684949 0.762053265701979
0.446699901949614 0.760550598148257
0.485691398382187 0.717266850639135
0.508534159511328 0.703109212219715
0.509504934307188 0.691840368788689
0.494939704891294 0.702515366487205
0.492414960637689 0.685767479240894
0.47084253327921 0.714211044367403
0.414720286615193 0.795294743496925
0.421170940622687 0.811897282488644
0.414696077816188 0.816465131007135
0.350058062467724 0.863381910137832
0.363301122561097 0.873564832378179
0.356805008370429 0.889285070355982
0.351713015697896 0.887205098289996
0.321580301504582 0.890846966765821
0.23853238299489 0.93713549990207
0.218333197757602 0.924838974140584
0.211343220435083 0.935068036429584
0.206438423134387 0.947500579059124
0.205566157586873 0.963967594783753
0.206593777053058 0.961744052823633
0.275032279081643 0.939547300804406
0.289396571461111 0.930248124990612
0.251893338747323 0.939394788816571
0.258198239840567 0.932706213090569
0.327023760415614 0.909020328428596
0.325409021228552 0.919043298345059
0.345045470632613 0.909911933820695
0.383414900861681 0.885145448148251
0.361999243032187 0.903857314027846
0.345260761212558 0.925461597274989
0.328678964171559 0.929345238488168
0.293837517034262 0.943590370472521
0.360531593672931 0.937116250861436
0.404765593353659 0.91454030899331
0.407195976004004 0.922832700423896
0.405114468187094 0.951051189564168
0.399408900178969 0.966795601882041
0.37880468275398 0.985197031404823
0.385983640793711 0.971305590122938
0.387723002582788 0.96092074830085
0.361323635559529 0.971742879599333
0.327821461483836 0.982187101617455
0.364132853690535 0.953070546966046
0.357646712101996 0.970382335130125
0.385685861110687 0.956279395148158
0.404535446781665 0.941660893149674
0.382006332278252 0.930662221740931
0.357710731681436 0.951772833708674
0.331348081119359 0.9698181678541
0.330519515555352 0.958179734647274
0.301194943953305 0.970068174879998
0.256458257324994 0.990541777107865
0.309221403673291 0.987097178120166
0.357580025214702 0.989683312363923
0.28238125378266 0.997444692999125
0.165844135917723 0.998047818895429
0.182294779922813 0.993089750409126
0.200207709800452 0.989019783213735
0.211026205215603 0.995231565553695
0.230874622240663 0.98733013542369
0.222516615875065 0.983731674496084
0.232993154320866 0.980470850132406
0.255759981460869 0.957932922523469
0.204357142094523 0.967565626371652
0.182679832912982 0.968663357198238
0.157268363982439 0.965516890864819
0.156824136152864 0.963748523499817
0.160108762793243 0.956492315512151
0.114011771976948 0.963277904782444
0.131945077329874 0.952590581029654
0.15416305931285 0.933452329132706
0.149003573227674 0.953777675982565
0.187099095899612 0.931892398744822
0.147016015835106 0.916822569444776
0.128307065460831 0.933623163495213
0.0972440228797495 0.968694420997053
0.143683457747102 0.973088782746345
0.163942318875343 0.971866906154901
0.149447703268379 0.998726245481521
0.0408318298868835 0.984914956614375
0.0146783939562738 0.981739552691579
0.0273802960291505 0.970655919983983
0.0603406210429966 0.980715366546065
0.105689009651542 0.941371021326631
0.107453579083085 0.930791546124965
0.107436627615243 0.928126720711589
0.10662606684491 0.912783909123391
0.133768205996603 0.906875118147582
0.142028590664268 0.905573884956539
0.173007278703153 0.8976956512779
0.165202778764069 0.877193882595748
0.211840210948139 0.850722830276936
0.236778966151178 0.835619018878788
0.243925776332617 0.807108586188406
0.274696991313249 0.797531991265714
0.241590125951916 0.845536053180695
0.301497666165233 0.780028881505132
0.293850499205291 0.766131117008626
0.30017581069842 0.773323997855186
0.33065277338028 0.756251307670027
0.334350355435163 0.759944478981197
0.33733122004196 0.765355067327619
0.346869778819382 0.749046886339784
0.334258117713034 0.736509678885341
0.362748528830707 0.729741868097335
0.374513532035053 0.729711907915771
0.373460120987147 0.740577972494066
0.40058306325227 0.728077138308436
0.418567848391831 0.727108391467482
0.4038508804515 0.749625697731972
0.374957313761115 0.745213962625712
0.362058011349291 0.755612503737211
0.359752685297281 0.755010372027755
0.331061949953437 0.813735795207322
0.32583230920136 0.803801394067705
0.269051309209317 0.828996451571584
0.29911921499297 0.791641337797046
0.297678877599537 0.78849780280143
0.233802299015224 0.855776268057525
0.20537813520059 0.882810288574547
0.298403099179268 0.818232258781791
0.299120890907943 0.828417487442493
0.259974538814276 0.849793496541679
0.323540961835533 0.839951921254396
0.338537849485874 0.834621808957309
0.341491387225688 0.840646594297141
0.307045632507652 0.866071873810142
0.2839475418441 0.874271415639669
0.280072120483965 0.871661142911762
0.217150571290404 0.884103226475418
0.202811270952225 0.888018386438489
0.20319593232125 0.889123798813671
0.246651160996407 0.889445127919316
0.250218565575778 0.885237293783575
0.270499960519373 0.882235533557832
0.278568306006491 0.895818691700697
0.205054408404976 0.898291910067201
0.187134269624949 0.897549972869456
0.166066329926252 0.906966399401426
0.162850411143154 0.909714029636234
0.189482789486647 0.908021386247128
0.205993327777833 0.917025770060718
0.229494266211987 0.913378047756851
0.253135059960186 0.914586703758687
0.254510113969445 0.916441550012678
0.285240420140326 0.900549024343491
0.334174956195056 0.868509486317635
0.394280808977783 0.823130252305418
0.38130699750036 0.792802590876818
0.366988674737513 0.800528000574559
0.386630831286311 0.807150695007294
0.377465161960572 0.805364763829857
0.336828740313649 0.820462118834257
0.37140533560887 0.786606423091143
0.363657168578357 0.781350695062429
0.411153991706669 0.758446149528027
0.425276989117265 0.751434174831957
0.455020058900118 0.714297541417181
0.464919553603977 0.706271086353809
0.461168040521443 0.65421281568706
0.466110973618925 0.656346842180938
0.477849149610847 0.647980607114732
0.494075870141387 0.641373449936509
0.503608366940171 0.648605696856976
0.512278282549232 0.656890015117824
0.553962020669132 0.606670565903187
0.576372709590942 0.599520348478109
0.581356997601688 0.592564961407334
0.573722766246647 0.578211368992925
0.551888659596443 0.580798130482435
0.543063538148999 0.586466726381332
0.53254231531173 0.600699349772185
0.529852650128305 0.590893520973623
0.514861328992993 0.595083257183433
0.493133244570345 0.629939593374729
0.46518914308399 0.590696260333061
0.479993070010096 0.604853743221611
0.508208005223423 0.595714504364878
0.511869419831783 0.574937325436622
0.497048237361014 0.579646249301732
0.487395374104381 0.584993047639728
0.481921323575079 0.583821397740394
0.478702048305422 0.568527400959283
0.477985826786608 0.565343483816832
0.4475277364254 0.561639354098588
0.467716867104173 0.561256018467247
0.497452372219414 0.546501277945936
0.496524769812822 0.542183157522231
0.518845637328923 0.544080507010221
0.527968866750598 0.554881813470274
0.556889881379902 0.564683687873185
0.516308758407831 0.528673229273409
0.518933686427772 0.519093471579254
0.496879516169429 0.517406056635082
0.48720423085615 0.534558286890388
0.46061988407746 0.526111466810107
0.449476439971477 0.528456261847168
0.460699887014925 0.499701852910221
0.43703609937802 0.479417842812836
0.436736540403217 0.472671298310161
0.448559263721108 0.484832055866718
0.455803235527128 0.491806645877659
0.465082898736 0.492325257044286
0.493926811031997 0.483221081551164
0.486800667829812 0.48066753288731
0.486662297975272 0.483364844229072
0.471191936172545 0.461899156682193
0.521681313402951 0.472334682475775
0.507713045459241 0.491452150046825
0.533785082865506 0.509650520514697
0.568424520082772 0.510047751944512
0.530294150579721 0.524650062434375
0.586463497951627 0.562319383490831
0.590357567183673 0.561094915959984
0.587337813340127 0.582913307007402
0.592698091641068 0.563696758821607
0.598128414712846 0.564498509280384
0.575974063016474 0.50073084468022
0.54628559621051 0.493662831373513
0.52859220514074 0.446894517634064
0.529441555030644 0.444611096289009
0.543597435578704 0.450385436415672
0.595995176117867 0.439842716790736
0.606621200684458 0.431434922851622
0.583495359867811 0.475247072055936
0.569414176978171 0.481702089775354
0.578715218231082 0.498898973688483
0.59557206183672 0.512864673044533
0.612780956551433 0.493271020706743
0.611068392172456 0.514984376728535
0.611809841822833 0.519494661130011
0.671810601372272 0.59294079663232
0.682086389046162 0.582581979688257
0.681695566978306 0.589391134679317
0.708571794442832 0.526077507529408
0.696972030214965 0.530723090283573
0.681228261440992 0.544772076420486
0.687697222921997 0.546723308507353
0.672312383539975 0.553599421400577
0.650464917067438 0.530574908945709
0.643453313503414 0.49932600883767
0.640589966438711 0.486413962673396
0.660987879615277 0.504593562334776
0.668554131407291 0.494024520739913
0.697941672522575 0.46407546941191
0.716157878749073 0.519485960714519
0.744455054402351 0.470303837675601
0.702556331176311 0.565318903885782
0.698730159085244 0.581992471590638
0.665245502721518 0.63728371495381
0.668567582964897 0.639094879385084
0.663276634644717 0.649790602270514
0.666987678036094 0.658676076214761
0.685569693334401 0.630464884452522
0.695715068373829 0.610179828945547
0.70668759662658 0.585208327043802
0.721907827537507 0.559564979746938
0.731661251746118 0.519991161301732
0.727836612146348 0.513527204282582
0.742724240757525 0.517903309315443
0.744262173771858 0.51499893842265
0.7629588348791 0.480271060019732
0.738813589327037 0.539915735833347
0.730707199778408 0.577660781797022
0.686220206320286 0.647343561984599
0.689873104449362 0.645098649896681
0.701058977749199 0.651168696582317
0.755618439987302 0.525660979561508
0.760497074574232 0.54123020125553
0.758366787340492 0.553783420007676
0.766273536719382 0.577479609288275
0.785561403259635 0.557930366136134
0.783218370284885 0.579626784194261
0.777678535785526 0.580708446446806
0.760232548695058 0.591211566701531
0.756864921655506 0.58773196907714
0.692243487108499 0.674233085475862
0.735227686818689 0.623883172404021
0.726594716776162 0.651464306749403
0.70381506672129 0.677150233648717
0.724180906545371 0.661126305349171
0.729653237387538 0.662930874619633
0.780006851069629 0.624277759809047
0.787298146635294 0.610280942171812
0.802131513133645 0.568184754345566
0.805939326062799 0.558789593633264
0.810711452737451 0.546367292292416
0.808194215875119 0.583819072693586
0.812186446040869 0.577137265354395
0.820561033207923 0.584103608969599
0.834317142143846 0.559559450484812
0.838136767502874 0.561886325944215
0.825093493796885 0.404125447850674
0.831725250929594 0.390863708220422
0.838463348802179 0.389082773122936
0.841404487844557 0.368753408547491
0.864871207159013 0.441276479512453
0.867816433310509 0.448998550884426
0.871862383093685 0.412060951814055
0.868130525574088 0.476513534784317
0.857416249811649 0.488766886293888
0.857342962175608 0.480028935708106
0.844362501520663 0.46597273927182
0.857373328879476 0.548246232327074
0.81681455206126 0.594157772604376
0.797666209749877 0.638984206598252
0.839284763671458 0.594572195317596
0.840835655108094 0.609321704600006
0.822003927547485 0.642203629016876
0.792296858038753 0.664216187316924
0.781973775941879 0.676972439978272
0.79146311013028 0.681759207509458
0.833867552224547 0.662705736234784
0.800630293786526 0.684586884919554
0.781621085479856 0.711464388761669
0.7517414316535 0.739694911055267
0.779935244005173 0.71501513523981
0.795481186360121 0.726096390746534
0.794773495290428 0.732307240832597
0.801126302685589 0.737793289590627
0.814851859584451 0.730866965372115
0.818590498995036 0.742285120300949
0.832194259390235 0.687104416079819
0.845502156298608 0.623068721033633
0.843550737015903 0.608960138633847
0.852262878790498 0.618555681779981
0.86870775744319 0.612684128805995
0.883384270593524 0.580221060663462
0.884628225117922 0.591498831287026
0.874669981654733 0.660403569228947
0.901259986218065 0.573903125245124
0.87046801391989 0.691028084605932
0.874825494829565 0.68879318004474
0.885730116162449 0.728945849929005
0.891119320411235 0.726265294943005
0.879048791714013 0.682516264263541
0.894833373837173 0.691237636841834
0.904281950555742 0.655031091999263
0.906668996904045 0.74192278040573
0.928035879507661 0.702285579405725
0.926213317085057 0.724508719518781
0.925143162719905 0.733968724031001
0.915366762317717 0.75459964806214
0.912623023614287 0.798633598722517
0.91861681593582 0.794833972118795
0.925600719172508 0.785421451553702
0.932770599145442 0.804099806584418
0.933770312462002 0.820144201163203
0.931900942698121 0.838814871385694
0.919404388871044 0.883043575100601
0.927624819800258 0.889529605861753
0.972633410710841 0.878575717099011
0.982680266257375 0.825424856506288
0.985180817078799 0.931807494256645
0.991213398985565 0.852600905112922
0.987858372274786 0.780641388148069
0.984327615238726 0.773723082616925
0.974979423452169 0.756606973242015
0.972164081409574 0.802699470892549
0.967209858354181 0.787603251170367
0.959050048608333 0.754667243454605
0.94959864905104 0.764886856544763
0.947601435706019 0.780936899594963
0.950527857523412 0.798964811488986
0.942440142389387 0.803403465542942
0.930178143549711 0.703782484401017
0.935500322375447 0.701154912356287
0.918449319433421 0.619480703957379
0.915510931052268 0.617954864632338
0.916602701880038 0.578899211250246
0.912229067645967 0.584778230171651
0.909973246045411 0.524167748168111
0.907650649547577 0.505467835348099
0.88024542061612 0.638620873913169
0.886832084041089 0.583627016749233
0.892542953137308 0.544004349503666
0.878520191181451 0.548652068711817
0.885355428326875 0.524890601634979
0.897521165665239 0.536158865783364
0.887546033598483 0.431975614279509
0.885334658436477 0.413244150113314
0.886170195881277 0.4054677602835
0.88339063944295 0.403100382070988
0.873746093828231 0.39239370636642
0.888198161032051 0.365528251510113
0.903512766119093 0.458410195074975
0.906220464035869 0.476022959221154
0.910961838439107 0.477423208765686
0.909509369637817 0.50840035546571
0.911738461814821 0.530459980480373
0.93617753777653 0.607488503679633
0.928960747085512 0.648479357361794
0.948727917391807 0.697198417037725
0.960694809444249 0.54895538976416
0.949198377784342 0.576644746121019
0.940640335902572 0.559152788948268
0.927721363026649 0.496787485666573
0.939749573357403 0.509853065479547
0.953420140780509 0.345275681465864
0.946186935529113 0.372291293926537
0.922866977751255 0.41376279015094
0.938430583570153 0.358653830364347
0.931882527656853 0.363853911403567
0.923301188740879 0.367077904753387
0.916849337052554 0.415598883293569
0.930436457507312 0.441913113929331
0.932282892987132 0.460660942830145
0.92978293588385 0.464063014835119
0.921528490260243 0.492558580823243
0.92064535105601 0.474572952836752
0.918934688903391 0.467130733653903
0.889883290510625 0.352053412236273
0.874446016270667 0.360845262184739
0.862607685383409 0.337930288631469
0.851521903183311 0.298278445377946
0.840076360385865 0.275703271850944
0.819440937135369 0.217978894244879
0.799602070823312 0.198224917054176
0.793534354772419 0.208361233118922
0.779468677472323 0.216776215936989
0.779784832149744 0.222519272007048
0.806534010451287 0.242546707391739
0.81907826429233 0.253136583138257
0.809432610869408 0.311369587667286
0.783217322081327 0.35889860522002
0.781813087873161 0.363992989063263
0.766523330938071 0.312922862358391
0.774899093434215 0.304380614310503
0.794173456262797 0.293190682306886
0.790767102502286 0.308228704612702
0.804844409693033 0.258468401152641
0.802477867342532 0.260390174109489
0.787814283277839 0.247399605810642
0.764138181693852 0.249448306392878
0.752213744446635 0.247187428176403
0.739271613769233 0.245288979727775
0.682888314593583 0.288781224284321
0.668410101439804 0.284464353229851
0.675832680426538 0.280126173980534
0.711577044334263 0.221582309808582
0.688198490999639 0.205910762306303
0.687199258711189 0.200409933924675
0.673321624752134 0.202676528599113
0.676216511521488 0.208907288033515
0.672996881883591 0.222571289166808
0.664921754505485 0.214247283060104
0.662331068422645 0.217215740587562
0.625149252824485 0.146671027876437
0.67309223394841 0.189288377761841
0.691111800726503 0.202241903170943
0.738174839876592 0.22399956965819
0.72986508673057 0.166072510648519
0.762290720827878 0.208633822388947
0.775841379072517 0.188244973774999
0.757783458568156 0.156343508977443
0.715361278038472 0.151978407986462
0.731193621642888 0.141288483049721
0.723425608128309 0.141765536740422
0.699728432111442 0.0805326076224446
0.676730210892856 0.0407558479346335
0.674618083052337 0.0375221073627472
0.667947672773153 0.0564883965998888
0.685054452158511 0.0817850423045456
0.650181622244418 0.0887208404019475
0.671295227482915 0.104285712353885
0.680086068809032 0.109791616909206
0.677925269585103 0.111022719182074
0.677227571606636 0.120198324322701
0.668150007259101 0.119463379960507
