32
0.744811422657222 0.950090355239809
0.67293383507058 0.7975964974612
0.813303466886282 0.213202440645546
0.662924956995994 0.585897446144372
0.669196379836649 0.413641586899757
0.635818132665008 0.331169835757464
0.629990277346224 0.305014512501657
0.44329510582611 0.277764638885856
0.40642130561173 0.199448029045016
0.0372694269753993 0.245704108849168
0.0648364187218249 0.180408568121493
0.129828054923564 0.069701028522104
0.17120888736099 0.122103181201965
0.365407399367541 0.0732853831723332
0.694155758712441 0.0124311540275812
0.919699678663164 0.0688808211125433
0.790211082901806 0.499091377947479
0.831488510593772 0.658409586176276
0.756695781834424 0.963984043803066
0.609838664531708 0.982812714762986
0.37985659763217 0.963378976099193
0.1765814172104 0.998575747478753
0.461303715128452 0.559798386413604
0.340251690708101 0.653005417902023
0.0316113936714828 0.925504778046161
0.0813119751401246 0.84414272243157
0.131890465505421 0.748011718969792
0.034698530100286 0.679899921640754
0.523177362978458 0.471257724333555
0.592154441867024 0.613855437375605
0.582779151853174 0.779509953223169
0.540958752855659 0.841160312760621
