32
0.217210641130805 0.471293963491917
0.052072832826525 0.537285688333213
0.236683445516974 0.756230765022337
0.350710792932659 0.761579728219658
0.461408453062177 0.662320982664824
0.49070360744372 0.72129014832899
0.608918550424278 0.815739995799959
0.708602868020535 0.775710716843605
0.661292146891356 0.585296775214374
0.752377007622272 0.685697736218572
0.813055828679353 0.295523569453508
0.867790031712502 0.148371924180537
0.831813831347972 0.580973120871931
0.876496690325439 0.778996104840189
0.814097835216671 0.809020549990237
0.474265250843018 0.84585164533928
0.177529835607857 0.905406832229346
0.209928664378822 0.838821982499212
0.100417681969702 0.644869660027325
0.00988551042973995 0.638281260151416
0.0376168005168438 0.098652973305434
0.0962990913540125 0.0716328620910645
0.275280162226409 0.321421577129513
0.247024897485971 0.331678189802915
0.30060224281624 0.460979875642806
0.387040820438415 0.387181290891021
0.42058037687093 0.151776852551848
0.42828531190753 0.070234103128314
0.722759639378637 0.0520500354468822
0.598529354669154 0.580778868868947
0.371044456493109 0.511888809967786
0.270876120775938 0.488638515584171
