256
0.224518253933638 0.133243517018855
0.155963429715484 0.118347993120551
0.2271065316163 0.150937056634575
0.155370700638741 0.166185881942511
0.196212611161172 0.216500543057919
0.214145567268133 0.206459178589284
0.212525291834027 0.199403558857739
0.319221173413098 0.316187945660204
0.312341772951186 0.337227385956794
0.242676744237542 0.386848748661578
0.253056460060179 0.367275489494205
0.101276715751737 0.133512401022017
0.0873854425735772 0.129694018047303
0.033267121296376 0.123278244398534
0.0477545778267086 0.104094023350626
0.0206855097785592 0.0405377186834812
0.0291626839898527 0.0126905012875795
0.0738718090578914 0.00119508989155293
0.248233678285033 0.00736399600282311
0.0931487707421184 0.0094012301415205
0.113453885074705 0.0738269025459886
0.235770343337208 0.115496242884547
0.262172244023532 0.0452504334971309
0.261403043754399 0.00252281408756971
0.317078726366162 0.0664178566075861
0.402065608650446 0.14536539465189
0.422139910515398 0.162258315831423
0.498339891899377 0.1942123118788
0.477761602029204 0.0927637168206275
0.318296145647764 0.0490223472006619
0.4203333533369 0.0451644766144454
0.476847303565592 0.0726018650457263
0.510999009013176 0.0919536808505654
0.603333628270775 0.161433220375329
0.569732095114887 0.112127183936536
0.592573327943683 0.109543745871633
0.607733664102852 0.0827796193771064
0.556044773664325 0.00718896463513374
0.773577012121677 0.0135463597252965
0.665008272044361 0.0725601227022707
0.677407662384212 0.112286739517003
0.64792305091396 0.187328865751624
0.68889281898737 0.178654115647078
0.785098378080875 0.00900892773643136
0.930399716366082 0.0581515762023628
0.9685078272596 0.0525104110129178
0.889124366920441 0.111845289822668
0.807559912092984 0.151334721129388
0.810680131893605 0.213824762962759
0.818211717531085 0.260279869660735
0.819316813722253 0.348837941884995
0.883063470944762 0.306530672125518
0.91066641593352 0.161766401492059
0.918383634649217 0.13380436366424
0.977335039991885 0.136617803480476
0.99536781385541 0.380683733150363
0.986678486224264 0.636363033205271
0.970688834786415 0.713885837234557
0.909700856544077 0.629541863687336
0.94655135134235 0.710937041323632
0.896769266109914 0.623959013726562
0.940562394913286 0.58469126932323
0.946842793375254 0.478053360711783
0.893923674244434 0.576804190408438
0.85565200028941 0.530707902740687
0.848762630019337 0.60409252718091
0.887741204351187 0.66898884344846
0.79550220258534 0.659375352784991
0.79611682286486 0.68883714126423
0.718036768957973 0.762617786414921
0.805641500279307 0.707729599904269
0.823223780840635 0.715068131685257
0.954135861713439 0.78554506925866
0.939420945942402 0.889568252488971
0.935047781094909 0.869231278542429
0.894352323375642 0.786493274848908
0.970584941562265 0.963306177407503
0.737435369752347 0.995555226691067
0.909865154884756 0.901678316760808
0.86888654762879 0.851913817692548
0.862776733003557 0.865489750169218
0.74449129216373 0.974165088031441
0.739901572931558 0.974098393693566
0.745954757556319 0.972221226431429
0.824504092801362 0.797156199347228
0.79850734770298 0.807450512424111
0.688790411222726 0.821792200673372
0.691754174884409 0.829805207904428
0.746560304425657 0.894040939863771
0.747154626064003 0.911608328577131
0.72557521937415 0.914146538823843
0.696871678810567 0.912226154934615
0.727066637016833 0.894033171702176
0.614612097851932 0.94453221000731
0.581262832973152 0.960949386935681
0.53518183529377 0.986238382291049
0.575455131940544 0.922419594600797
0.617424711119384 0.919282267801464
0.696673593018204 0.855108235031366
0.610186274163425 0.888011045288295
0.506139755249023 0.909374706447124
0.490149648860097 0.892183122225106
0.354523353744298 0.840715841390193
0.317588311620057 0.895558876916766
0.338330103550106 0.98420339776203
0.295502435881644 0.98862496484071
0.166890501976013 0.995046452619135
0.129919624421746 0.980910137295723
0.0649815299548209 0.949391464237124
0.175720629747957 0.892806070391089
0.221651779487729 0.852583935018629
0.138014150317758 0.880133067723364
0.0851812972687185 0.894438506104052
0.0753356725908816 0.895683560054749
0.0538482535630465 0.827886796090752
0.0930375144816935 0.806353752501309
0.0298117031343281 0.737465092912316
0.013174036052078 0.679450701456517
0.0496445437893271 0.65855655586347
0.0918294889852405 0.696039735339582
0.0835254252888262 0.719991671387106
0.120821201242507 0.751901099923998
0.204034105408937 0.771145889535546
0.128003762103617 0.680859374348074
0.0992567483335733 0.654550317674875
0.183159646578133 0.527357190847397
0.163219422101974 0.54283357784152
0.0624955105595291 0.592036061920226
0.193822571076453 0.503575051669031
0.197112608235329 0.480807734187692
0.241929071489722 0.520201789680868
0.213629176374525 0.443143469747156
0.148940115701407 0.315665143541992
0.103466406930238 0.28232126776129
0.0604896857403219 0.474221263080835
0.0467962468974292 0.600119948852807
0.0332513810135424 0.528150231111795
0.033907201141119 0.43120478419587
0.0112892896868289 0.404171261936426
0.0222452958114445 0.352760085836053
0.00145439058542252 0.330198508687317
0.0265838387422264 0.227284250315279
0.0485722734592855 0.215538905467838
0.062520369887352 0.239344683475792
0.161741109099239 0.256438361946493
0.231478048022836 0.368995953351259
0.285348186269403 0.558029038831592
0.204212476033717 0.59759664023295
0.266585483681411 0.61544013209641
0.304296902380884 0.619861461222172
0.284449457656592 0.634408154990524
0.336298510897905 0.644202186260372
0.263627490960062 0.425535626709461
0.316465123090893 0.506382048595697
0.320736891124398 0.504101315513253
0.303497582208365 0.435382153838873
0.338150183670223 0.428185957018286
0.277138119097799 0.393547115847468
0.339504309929907 0.364762289915234
0.348272424191236 0.362133422400802
0.591406449209899 0.314588987268507
0.583649474196136 0.353798683267087
0.566970543004572 0.373718359973282
0.444801979698241 0.381714923772961
0.49614603118971 0.365344192832708
0.467268846463412 0.342443804722279
0.406445764005184 0.383104947395623
0.398307118099183 0.379151676781476
0.372649644967169 0.391800795681775
0.463870068080723 0.461292206775397
0.336153196636587 0.521682513877749
0.49603733047843 0.483405476436019
0.534262282308191 0.472840352915227
0.505138744600117 0.482089427765459
0.509561326354742 0.488376510795206
0.561746984254569 0.481561577413231
0.648416670970619 0.507215620484203
0.673018667381257 0.523401029873639
0.667888073716313 0.558394194580615
0.657692004460841 0.564584492705762
0.572167839389294 0.53571692109108
0.504094806965441 0.579626990482211
0.593575025908649 0.584870818071067
0.726350894197822 0.66158191813156
0.692300433292985 0.679593627806753
0.638411395251751 0.745602428447455
0.573701614513993 0.739933846052736
0.553765040356666 0.627854190766811
0.543834556825459 0.617970057763159
0.534887349233031 0.619824023917317
0.407184346579015 0.568358420394361
0.379691582173109 0.584173795767128
0.375730185769498 0.679180293809623
0.394193021114916 0.706856470089406
0.41195025946945 0.718856416642666
0.391865014098585 0.726485296152532
0.363237494137138 0.730246405117214
0.327976701781154 0.704868133645505
0.33060320885852 0.700975147075951
0.330514983739704 0.692506108898669
0.213193306699395 0.624897251371294
0.221575970761478 0.643453395459801
0.243700773455203 0.69356854679063
0.244035161565989 0.703466373495758
0.279654819518328 0.696922944393009
0.325244961306453 0.742959616240114
0.227676462847739 0.849188303109258
0.263713388238102 0.893547390121967
0.305781219620258 0.823815451003611
0.330517011228949 0.784960987977684
0.374895498156548 0.779165820218623
0.33115451503545 0.817404708825052
0.357270035892725 0.833559415768832
0.472116186283529 0.817480517551303
0.393143304158002 0.751943970099092
0.489092739764601 0.74135596351698
0.557879975065589 0.741944977082312
0.703639790881425 0.763581154868007
0.74465405754745 0.621869484428316
0.867001265287399 0.472574283834547
0.908657976891845 0.445623615756631
0.95019499072805 0.428649447392672
0.946997438557446 0.360231026541442
0.893200867809355 0.425124295521528
0.918788586743176 0.260144569445401
0.825849281158298 0.443227750714868
0.806535961572081 0.49981181928888
0.745989431627095 0.611218452453613
0.683158267755061 0.615446852054447
0.73141323029995 0.585856476798654
0.829382080119103 0.407791814766824
0.825224972330034 0.387974647339433
0.78806788334623 0.428748249541968
0.742815745994449 0.458431676961482
0.767878763843328 0.514049190562218
0.565452223177999 0.440603823401034
0.476088765077293 0.418397373985499
0.6427599536255 0.397039015311748
0.772340979427099 0.381227141711861
0.814850410912186 0.382829563692212
0.715350724756718 0.322955232579261
0.717187774833292 0.328383247368038
0.647562210913748 0.327252264600247
0.668670599814504 0.248358171898872
0.762801291421056 0.299482637550682
0.766677502077073 0.283648677170277
0.793179716449231 0.291238133329898
0.676900752354413 0.235543176997453
0.636874805670232 0.240304065402597
0.696978008840233 0.181701134424657
0.832472364418209 0.110636967234313
0.444102108478546 0.301531010307372
0.40494820009917 0.321164406370372
0.390628371853381 0.277905914466828
0.438392454758286 0.287737901322544
0.362821077462286 0.168344892561436
