1024
0.523791090585291 0.0509590124711394
0.508331341203302 0.0429105143994093
0.508201224729419 0.0508004538714886
0.482902913819999 0.0509245675057173
0.409673396032304 0.0312613188289106
0.381994167342782 0.0387012776918709
0.399027321022004 0.0388250858522952
0.331374483183026 0.0462954300455749
0.383338547311723 0.0485847969539464
0.269842963200063 0.0568296876735985
0.201972857117653 0.045356519985944
0.254992012865841 0.0440095942467451
0.257048623636365 0.0300146876834333
0.226941290777177 0.0200471952557564
0.248356231953949 0.028607327491045
0.205261389259249 0.0129983532242477
0.329748453106731 0.0289654359221458
0.31177884247154 0.013920824509114
0.375536758918315 0.038857005070895
0.345860517118126 0.0170521675609052
0.477983073331416 0.0339669240638614
0.492031572852284 0.0201998208649457
0.470284654758871 0.0159258069470525
0.517767942044884 0.0186775079928339
0.421973613556474 0.00637076096609235
0.364695570897311 0.0136342803016305
0.400307934265584 0.00194332096725702
0.61634404072538 0.00749023351818323
0.621827006340027 0.0217899060808122
0.552936037071049 0.0216437201015651
0.617397819180042 0.0324747688136995
0.589892104733735 0.0607217424549162
0.616965661291033 0.0619916785508394
0.629501356277615 0.0628603040240705
0.659277220256627 0.0315671865828335
0.651392685249448 0.0250278920866549
0.640970399137586 0.00228715362027287
0.730019987095147 0.00162667082622647
0.775816436391324 0.00908313225954771
0.776874161325395 0.0314365378580987
0.767696076538414 0.0344756278209388
0.691265658009797 0.0235501611605287
0.685893920250237 0.0241684569045901
0.718650305178016 0.0833057505078614
0.73605744773522 0.0942275105044246
0.718308267649263 0.0799535717815161
0.727342525031418 0.0729308505542576
0.703908615279943 0.0460439384914935
0.700647982768714 0.0332444231025875
0.730581192299724 0.0640296852216125
0.745930044446141 0.0681836428120732
0.796132196672261 0.0759216509759426
0.804846588987857 0.0707767494022846
0.818060557823628 0.0463994988240302
0.829069388099015 0.0436259764246643
0.838286057114601 0.02641227748245
0.844108611345291 0.0550859337672591
0.810259377583861 0.0797834442928433
0.838103223592043 0.0902357795275748
0.834051803685725 0.104838497005403
0.865437461063266 0.0940685220994055
0.833676387090236 0.11750146234408
0.800117586739361 0.111627875827253
0.815504590515047 0.131217402871698
0.802394340280443 0.148263639770448
0.795445441734046 0.158959954045713
0.792896840721369 0.162774862721562
0.809476067312062 0.147570481523871
0.794643769040704 0.17453265376389
0.751985534559935 0.245583832729608
0.758298336993903 0.251014854293317
0.746282513719052 0.267257739324123
0.74697923893109 0.270137600135058
0.750286543276161 0.270344518590719
0.823107800912112 0.201436177361757
0.828562168870121 0.143758906982839
0.837905721738935 0.125876039266586
0.853138336446136 0.15104323765263
0.871438645757735 0.122981538064778
0.853630966506898 0.233661774080247
0.876633655745536 0.167568141128868
0.878958175424486 0.172524296678603
0.87883597612381 0.16546197514981
0.898519858252257 0.071386260446161
0.862333921249956 0.0680114910937846
0.87883641012013 0.0366525528952479
0.852879182435572 0.0167546742595732
0.855717221740633 0.0066595715470612
0.838784995954484 0.00261199800297618
0.858672847505659 0.00352562265470624
0.895798435434699 0.0144652086310089
0.915850670542568 0.0488950228318572
0.92365110758692 0.191721799317747
0.93190646218136 0.165508507285267
0.928396584931761 0.124016862828285
0.919712453149259 0.0448251301422715
0.931267614942044 0.0436255680397153
0.938941986300051 0.0481651038862765
0.945054950658232 0.0217461651191115
0.947532521560788 0.0207208720967174
0.982092699501663 0.0240424005314708
0.990190167445689 0.0910604139789939
0.9956817724742 0.152767207939178
0.994670053943992 0.0962534076534212
0.997283729724586 0.216587237082422
0.992999244946986 0.272841479629278
0.971100705210119 0.306414882652462
0.97221702337265 0.366201008670032
0.958751282189041 0.502996409777552
0.922321427147835 0.583938988856971
0.948398298583925 0.528847314417362
0.943442056886852 0.637429242953658
0.963024423457682 0.563171843532473
0.969595549162477 0.502626287285239
0.972999005112797 0.488113074563444
0.965010618325323 0.512014884967357
0.993386902380735 0.306965010706335
0.994934841059148 0.344086525030434
0.99960010079667 0.481984295882285
0.996797743719071 0.516973115969449
0.996574400458485 0.606197094544768
0.992091849446297 0.722253883257508
0.998269835487008 0.904348279349506
0.995328254066408 0.940630198456347
0.984041171614081 0.763316379860044
0.965756664983928 0.774528058711439
0.964778902474791 0.751376145984977
0.967380001209676 0.729049996938556
0.973113071173429 0.684695964679122
0.976344961673021 0.663854970596731
0.985401891171932 0.585308219306171
0.986612861510366 0.56894814549014
0.993327890057117 0.38047428894788
0.993643388617784 0.319396378938109
0.969339578412473 0.525292921811342
0.968743675388396 0.667406357824802
0.967866566963494 0.657608566340059
0.952651321422309 0.755167921073735
0.970148301217705 0.840208492707461
0.985428030602634 0.849544977769256
0.994514615274966 0.934775741770864
0.954508806578815 0.93186712404713
0.946373905520886 0.914208195637912
0.947489253245294 0.861634191591293
0.929842343553901 0.972170712891966
0.953613512217999 0.732801789883524
0.928534122183919 0.733776073902845
0.909339616075158 0.706981108523905
0.924696940928698 0.791319978889078
0.934494937770069 0.783341116271913
0.918929422739893 0.822227051015943
0.912555610295385 0.847176459617913
0.914339088369161 0.864850530866534
0.927953084930778 0.931928056757897
0.916374348104 0.885896165855229
0.91441824613139 0.915075323544443
0.921225289348513 0.947458873037249
0.92181482585147 0.964775852393359
0.912958582863212 0.974666002206504
0.900498868431896 0.984738711733371
0.885263122618198 0.993663241621107
0.878482261672616 0.980186942964792
0.872978688683361 0.979899333324283
0.881287499330938 0.891848051454872
0.895108437165618 0.831082067452371
0.851027747616172 0.825012675020844
0.844558672513813 0.829710237216204
0.869563471525908 0.771398859098554
0.862079514190555 0.794603118672967
0.850070857908577 0.821775588206947
0.873587571550161 0.807093551382422
0.898323646746576 0.801176245324314
0.896456379909068 0.852480042725801
0.904838633723557 0.795427249278873
0.878559428732842 0.744399392511696
0.860220328904688 0.78399425605312
0.839267942588776 0.830724701285362
0.799293409101665 0.794175847899169
0.787993950769305 0.771538682747632
0.791842903476208 0.744551259092987
0.775400018785149 0.760559153743088
0.733255076687783 0.769600090570748
0.742853790987283 0.75733352964744
0.774126037489623 0.714464198797941
0.774449092335999 0.714048814959824
0.825665798969567 0.735398279502988
0.838902446907014 0.707471483387053
0.840593334287405 0.796445462387055
0.856465046759695 0.699974273331463
0.842397060710937 0.666092995088547
0.822481928858906 0.591153839603066
0.82654333114624 0.638803070411086
0.816394666675478 0.649726391769946
0.796775056514889 0.675636143423617
0.7830043528229 0.605453073512763
0.780686082784086 0.661700141150504
0.754465066827834 0.687787057831883
0.745951025281101 0.686394010670483
0.778998140711337 0.605550048872828
0.787424927577376 0.587611650116742
0.709512944798917 0.690613924525678
0.705585955642164 0.704651202540845
0.717701290734112 0.714403095655143
0.745556228794158 0.688938568346202
0.739885315299034 0.744737092405558
0.717446785420179 0.764163610525429
0.661511075682938 0.7833068263717
0.66058243997395 0.770290335640311
0.656500142067671 0.764270839747041
0.667668869718909 0.736733688507229
0.666526176966727 0.732606908772141
0.691916493698955 0.631110846064985
0.669719554949552 0.59367918362841
0.666373673826456 0.625528151169419
0.66214614873752 0.6562595278956
0.617511780932546 0.810596100520343
0.625047371722758 0.803611962124705
0.681131276767701 0.817271222826093
0.686272667720914 0.850248112808913
0.673101307824254 0.858864310197532
0.707932168152183 0.873643593396991
0.719849139451981 0.890179666690528
0.711884006392211 0.85085029527545
0.715997600462288 0.832951431162655
0.729062307160348 0.90300872316584
0.756618463434279 0.908490870147943
0.743498022202402 0.857528986409307
0.737803505733609 0.847918501589447
0.728044012095779 0.838716867845505
0.791769907344133 0.831194126512855
0.803217062260956 0.801870310213417
0.805060224607587 0.885201252996922
0.829654776491225 0.852514965925366
0.805496321991086 0.900166888255626
0.836828553583473 0.874812595080584
0.843643212690949 0.85462962789461
0.840428666211665 0.89530885219574
0.879481037147343 0.892641711980104
0.875295841600746 0.911341361235827
0.865611656103283 0.923062346875668
0.763465781696141 0.910522453486919
0.702563944272697 0.910940643399954
0.642521778587252 0.954109293874353
0.678599522914737 0.95352247171104
0.685744964051992 0.955565353389829
0.699838780798018 0.983905688859522
0.732008717954159 0.954924447927624
0.746506488416344 0.938811048399657
0.745077491272241 0.964363374281675
0.759352196007967 0.960371687076986
0.782488206867129 0.940709286835045
0.8120096642524 0.944391784258187
0.830667376052588 0.974735020194203
0.800273667555302 0.967108238022774
0.819426332600415 0.975767616182566
0.850965364836156 0.983492753002793
0.842076962813735 0.989588724914938
0.815311130136251 0.996710997074842
0.687491818796843 0.998487027361989
0.592260170262307 0.993003868963569
0.561376971658319 0.967155591584742
0.412359718233347 0.997979395557195
0.300927180796862 0.990664581768215
0.455524266697466 0.878905244171619
0.461218886077404 0.88050493132323
0.484437089413404 0.919212609995157
0.45986414141953 0.892701355740428
0.442433331627399 0.904586021788418
0.373990037478507 0.940415603108704
0.36339971004054 0.94979118462652
0.388387150596827 0.946043290197849
0.429342305287719 0.969672851730138
0.496975659858435 0.962288257665932
0.524255799595267 0.95845864340663
0.635921067558229 0.945838731247932
0.621531455311924 0.943391421809793
0.646446082741022 0.936079463921487
0.692781664896756 0.89833592902869
0.65177307324484 0.885776618961245
0.632114273030311 0.865591057576239
0.596282389946282 0.84301180485636
0.593538660556078 0.837260275147855
0.575275960378349 0.853199625387788
0.621322036255151 0.90375629812479
0.62061714194715 0.933187467977405
0.591619619168341 0.92387937894091
0.557613491546363 0.929057908710092
0.488368329126388 0.928577180020511
0.519367705099285 0.897209570743144
0.517305822111666 0.922751327045262
0.582972869277 0.890615617390722
0.55285288207233 0.880813985131681
0.604431255254894 0.808352554682642
0.622080133296549 0.740824129898101
0.60513332253322 0.8047762401402
0.588981240987778 0.798035093583167
0.551144013181329 0.831774278078228
0.552270151674747 0.83310701418668
0.525145662948489 0.845121754333377
0.537965627852827 0.866962388623506
0.471998327411711 0.851834536064416
0.411657177377492 0.882155223283917
0.379787013400346 0.89804187649861
0.334396214224398 0.915778299793601
0.355599844828248 0.89687471697107
0.41089415922761 0.882159612607211
0.379413453862071 0.877890672534704
0.40441498439759 0.834630446974188
0.45866439724341 0.801639900077134
0.430435395799577 0.808518935460597
0.450516362208873 0.797704345081002
0.525172676891088 0.741892436984926
0.513412031810731 0.777985960245132
0.493302437942475 0.816140802111477
0.570945435669273 0.741553306113929
0.587154627777636 0.750877656042576
0.603823168668896 0.744167730212212
0.635595796164125 0.656529051251709
0.644423961173743 0.638992488849908
0.620769063476473 0.707044430542737
0.636081968899816 0.676018310245126
0.643763147760183 0.671464150305837
0.648403220809996 0.657961987424642
0.65862215263769 0.629024075344205
0.621687305159867 0.611927466001362
0.619457184802741 0.610738018527627
0.640069965273142 0.640185928437859
0.590000060386956 0.650541989598423
0.586280662100762 0.655834986362606
0.599556797649711 0.679716846439987
0.558250449597836 0.656090283300728
0.542338337749243 0.627307150978595
0.494559209328145 0.643893455620855
0.446969505865127 0.658801849931479
0.426143078133464 0.673857538495213
0.448339166585356 0.680256731808186
0.396034704055637 0.761315194424242
0.423035487998277 0.743944953195751
0.448620514012873 0.704874696675688
0.487875442486256 0.676279967650771
0.525786335580051 0.677760723046958
0.545875104609877 0.680194794666022
0.580924985930324 0.680278257932514
0.564285378903151 0.693453692831099
0.533940157387406 0.703697838820517
0.481028900947422 0.707104304805398
0.473292194772512 0.724939588457346
0.443652665242553 0.763706157449633
0.454009533859789 0.740350057370961
0.361828752793372 0.837672048248351
0.342568759806454 0.867288896813989
0.323611749336123 0.914358623791486
0.273203671444207 0.984857792034745
0.255506305024028 0.992533080745488
0.228237572126091 0.989995823707432
0.209036184009165 0.972859687637538
0.220419934950769 0.966774988453835
0.303835417609662 0.925717543810606
0.223369438201189 0.961492648813874
0.217187836300582 0.959003673866391
0.198145856615156 0.944644147530198
0.126397817861289 0.997660296037793
0.0600317278876901 0.967035554815084
0.0613410738296807 0.959503765683621
0.033890173304826 0.970365108922124
0.0164864328689873 0.939155112951994
0.00500188209116459 0.899702463299036
0.017406321130693 0.871248923707753
0.0638592708855867 0.813184836879373
0.0109594641253352 0.857352508231997
0.00613887934014201 0.85676952265203
0.00919144786894321 0.742563274223357
0.0190585912205279 0.735075388569385
0.0648538512177765 0.642190028913319
0.0149554475210607 0.818344093859196
0.0189671353437006 0.819394777528942
0.0496460222639143 0.736276444047689
0.0815997365862131 0.748556490987539
0.0453099710866809 0.79440981335938
0.0554824871942401 0.798673856072128
0.0880651199258864 0.764389450196177
0.087255728431046 0.750255370512605
0.0703850612044334 0.718861680012196
0.0915360120125115 0.705569598358124
0.0936527894809842 0.717782153747976
0.10265790624544 0.731844825670123
0.16765784425661 0.671761429868639
0.195860266685486 0.644621437415481
0.219154540449381 0.630045084282756
0.22951400000602 0.618352153338492
0.266577666625381 0.615452472586185
0.262401838321239 0.639759737532586
0.236305634025484 0.688973790965974
0.174568896181881 0.712560411542654
0.146102164406329 0.711268811486661
0.174075071699917 0.694151129107922
0.174423181451857 0.691180447116494
0.205494474153966 0.670029373839498
0.214840705506504 0.651509752497077
0.224612936843187 0.628163753543049
0.16255244333297 0.684857208747417
0.114403311628848 0.727725360076874
0.126226198393852 0.741516209207475
0.12129885982722 0.752540478948504
0.086484688334167 0.802613371517509
0.0788675667718053 0.804961123969406
0.0596710462123156 0.840894158463925
0.0339208976365626 0.8721395698376
0.0586579218506813 0.863550843205303
0.0443984386511147 0.862016547005624
0.0768812852911651 0.828654582146555
0.118962129112333 0.815821261610836
0.143065059091896 0.79327309364453
0.129704430233687 0.790838649030775
0.111828605644405 0.804686326067895
0.145446292124689 0.759740224573761
0.147353161126375 0.756073897238821
0.149932112079114 0.755978133529425
0.175061382353306 0.743157108779997
0.177751280367374 0.742582034319639
0.185969731304795 0.729060724377632
0.22054981905967 0.709535711910576
0.186245649121702 0.753048236947507
0.154038131702691 0.791955082677305
0.142145587131381 0.820642095059156
0.141677364706993 0.829297162592411
0.0888671362772584 0.850701661780477
0.0582962734624743 0.881905500777066
0.0340215507894754 0.909878490492702
0.0360885476693511 0.914225981105119
0.0536708594299853 0.915628156624734
0.0973199554719031 0.928939959034324
0.101926448754966 0.92328312061727
0.0730343316681683 0.911108727566898
0.0545743256807327 0.909508741926402
0.123366748448461 0.872644771821797
0.153433588799089 0.904208589810878
0.165381250437349 0.853683668188751
0.189048618078232 0.865340729709715
0.166994161438197 0.834438131656498
0.23589572776109 0.815748799592257
0.24427980510518 0.799062499776483
0.217601699288934 0.750651136040688
0.231627970002592 0.749135121237487
0.279006841592491 0.749797130469233
0.273258709814399 0.784659962635487
0.249814273323864 0.834509928245097
0.201417392585427 0.867419212590903
0.149896782822907 0.923911961726844
0.153182880952954 0.92156140320003
0.17824926180765 0.918389551341534
0.182164005935192 0.903214438818395
0.216625803615898 0.893965287599713
0.186839757021517 0.907942266669124
0.214005758054554 0.92337040649727
0.233706487342715 0.92382127372548
0.263345383107662 0.898881928063929
0.257897311355919 0.865398443304002
0.263857575133443 0.857338943053037
0.298138112295419 0.822313415352255
0.279787415172905 0.7985745575279
0.363452871330082 0.785149914212525
0.366161918733269 0.800694752950221
0.300743208266795 0.846406117547303
0.301486427430063 0.885339211206883
0.292564009316266 0.904367899987847
0.261383283883333 0.906786489766091
0.235798199661076 0.922601271420717
0.226617605891079 0.937190966680646
0.283130986150354 0.916288789361715
0.298990902025253 0.91236479440704
0.334792661946267 0.860189923085272
0.413361316081136 0.720833810977638
0.364180596545339 0.732975086197257
0.390892046969384 0.721653086598963
0.362318365834653 0.720817891415209
0.345018721651286 0.729242613073438
0.347265662159771 0.718153110239655
0.426669446285814 0.689953814260662
0.387679812032729 0.688732199836522
0.367923669982702 0.6741400831379
0.333370346110314 0.687615960370749
0.311389103997499 0.689679272007197
0.328904883936048 0.694209072273225
0.351968430448323 0.702421070542186
0.283180506434292 0.741322075016797
0.229628152213991 0.707828409504145
0.242053363472223 0.700212370138615
0.310805444139987 0.669942618347704
0.327405546791852 0.640647581312805
0.351720480248332 0.625736488960683
0.382363472599536 0.634851466398686
0.376002299133688 0.653513507451862
0.380754786543548 0.657697794493288
0.396721478551626 0.631682067643851
0.39435195364058 0.629711457062513
0.370257594622672 0.619408898986876
0.396926464047283 0.575599503237754
0.409609531518072 0.595607912633568
0.419653160497546 0.594851131550968
0.449032148346305 0.607395284343511
0.46951763657853 0.548166295979172
0.474423344247043 0.540920241270214
0.489212436135858 0.553912097588181
0.47915146779269 0.532108703162521
0.472008327487856 0.520922703202814
0.493947175331414 0.512538823764771
0.517486817669123 0.551300700753927
0.528874694835395 0.543081545736641
0.486491533461958 0.587467853911221
0.388483831193298 0.65384500939399
0.417358650825918 0.652866330929101
0.478175466414541 0.627965885680169
0.481043090578169 0.608521361835301
0.488316942472011 0.606557896360755
0.512868189252913 0.582624329254031
0.534604176413268 0.574209263082594
0.542025278322399 0.569178635720164
0.569506026804447 0.546156022232026
0.608319501392543 0.601245819125324
0.616777783259749 0.593975243158638
0.571255882736295 0.529104600194842
0.571832715533674 0.525831104256213
0.577599658165127 0.517794523853809
0.595916394144297 0.521127106621861
0.625844879075885 0.535326765384525
0.637104689609259 0.536369071807712
0.659032769501209 0.567875307053328
0.673452508635819 0.582649480551481
0.701333767268807 0.56931712012738
0.691657545976341 0.503073403611779
0.656094160396606 0.511046560481191
0.659402424003929 0.495957247912884
0.652345922309905 0.462709427811205
0.615485382266343 0.518011181615293
0.613558651413769 0.45622082753107
0.606252410449088 0.47752789594233
0.603238832671195 0.492807488422841
0.553405778482556 0.43531964160502
0.505770127288997 0.401343004778028
0.469771398231387 0.376389630604535
0.502231190912426 0.404203681275249
0.555153850466013 0.46792621538043
0.559662481769919 0.49134360300377
0.561649230774492 0.507803030312061
0.534208413679153 0.488731085322797
0.551260002423078 0.485394287388772
0.528113296721131 0.459593027364463
0.47893686266616 0.442708033602685
0.44756615627557 0.418377670459449
0.488996691070497 0.468187577556819
0.526714776642621 0.489356008823961
0.474693872965872 0.474758707918227
0.462681127712131 0.458115140907466
0.474654030054808 0.481494209263474
0.397810509428382 0.575020413380116
0.374604498967528 0.572661649435759
0.349661512300372 0.610593018122017
0.349726060405374 0.603378203231841
0.290339664090425 0.659117488190532
0.247682890854776 0.681203593034297
0.321766362059861 0.619795893318951
0.352076128125191 0.54850116558373
0.291761906351894 0.608630024362355
0.306163802742958 0.576945991721004
0.325994371902198 0.564009519759566
0.314294626004994 0.566321701277047
0.316629167180508 0.548883482813835
0.338314539287239 0.541415263433009
0.345822151284665 0.524246833752841
0.272247613407671 0.57352358661592
0.2538578719832 0.592422741930932
0.121751357801259 0.667216412257403
0.0967966765165329 0.699616012629122
0.0998767707496881 0.655048332642764
0.0987377581186593 0.653527823742479
0.121119234710932 0.639519299846143
0.124406839720905 0.598336708266288
0.149237351492047 0.628035970032215
0.111042835749686 0.581378448288888
0.13022831780836 0.540385760366917
0.0831668837927282 0.544332666322589
0.091744052246213 0.527721466496587
0.133240962866694 0.525849783793092
0.166880426928401 0.491747326683253
0.157761653885245 0.553005879744887
0.171868440695107 0.550898240413517
0.177251514978707 0.53717270726338
0.181740448344499 0.562606973573565
0.228741766884923 0.503312684595585
0.192907727789134 0.514205813407898
0.211800457909703 0.492846823763102
0.12478672619909 0.357195988763124
0.118875306099653 0.354884954635054
0.0839630658738315 0.330949604976922
0.117808538489044 0.363554150331765
0.131784347817302 0.388059580232948
0.150000378489494 0.405424736440182
0.152689929120243 0.438261311966926
0.101636741310358 0.370647949632257
0.081727818120271 0.384449511766434
0.0686954464763403 0.43511132337153
0.098674304317683 0.45119612198323
0.123945849947631 0.486916411202401
0.0709547745063901 0.43800147715956
0.0820122938603163 0.468838949687779
0.0719337970949709 0.498511619400233
0.0703310458920896 0.525797456502914
0.0418361881747842 0.570122594479471
0.0556675209663808 0.564478553831577
0.0595459579490125 0.57836103066802
0.102493938989937 0.617721391841769
0.0750530711375177 0.594288924243301
0.085775850340724 0.609321895521134
0.0707736252807081 0.607255099341273
0.0242750407196581 0.611503530293703
0.0206439178436995 0.642808268778026
0.00902053480967879 0.740911680739373
0.00621200911700726 0.589235845953226
0.0110736624337733 0.513227269053459
0.00751339038833976 0.468997770920396
0.00931800156831741 0.417888166382909
0.0102016455493867 0.407882243394852
0.0322161056101322 0.48556607728824
0.0497326473705471 0.449923281557858
0.0655829035677016 0.409045179374516
0.0686538685113192 0.396183838602155
0.0617511114105582 0.356350398156792
0.0395531505346298 0.298225540202111
0.0496124578639865 0.309608432464302
0.0687202075496316 0.307003968395293
0.0779765187762678 0.278463393449783
0.0412295069545507 0.286678333301097
0.0205933363176882 0.314479195512831
0.0219319807365537 0.344740188680589
0.0344420159235597 0.374598052352667
0.0114110251888633 0.393223616760224
0.00816830433905125 0.172918869648129
0.030743126757443 0.262187477666885
0.0614930507726967 0.237785298842937
0.0550937871448696 0.276329929940403
0.0690948436968029 0.255033724475652
0.0745035083964467 0.239406660664827
0.0481510604731739 0.17917121713981
0.0887211668305099 0.22104877140373
0.12276755226776 0.228824711870402
0.0759196411818266 0.174671072978526
0.100945625919849 0.20839720685035
0.0649489988572896 0.169546561315656
0.0209033754654229 0.127448807936162
0.0433104136027396 0.12183887232095
0.0123069379478693 0.0568240284919739
0.0248170387931168 0.0608781310729682
0.0309210442937911 0.0682066613808274
0.0787570178508759 0.090714783873409
0.0752603746950626 0.0854438561946154
0.0968272285535932 0.0857172030955553
0.0803082855418324 0.12492269044742
0.036158649250865 0.0862109358422458
0.103459296748042 0.170937169343233
0.0741476947441697 0.122840444091707
0.100197220686823 0.143223715946078
0.106302625965327 0.149873675312847
0.122475964482874 0.152680289465934
0.144897068850696 0.145109635777771
0.151270397938788 0.115467797033489
0.143780001904815 0.127107125706971
0.101786111481488 0.127310978248715
0.138893652707338 0.101554684340954
0.134748174343258 0.0969507773406804
0.109171414282173 0.0771093075163662
0.0742633603513241 0.0575326974503696
0.0729534244164824 0.0696087321266532
0.0172986178658903 0.0557987913489342
0.0216819727793336 0.0538241467438638
0.0142442146316171 0.0323362830094993
0.0517931655049324 0.0349780688993633
0.0443292600102723 0.0114541384391487
0.0749900317750871 0.0533383651636541
0.0925132962875068 0.0536472615785897
0.0724220816046 0.0107290181331336
0.0902026291005313 0.00118280434980989
0.186738586518914 0.0259792897850275
0.195523660164326 0.03971893992275
0.182290087919682 0.042432373855263
0.11829224601388 0.0339969024062157
0.216884557157755 0.141204761341214
0.228397833649069 0.155222778674215
0.246685199905187 0.167912633158267
0.271946654655039 0.212882506195456
0.25042848335579 0.195423387922347
0.215572653803974 0.180519216228276
0.237117846962065 0.183047288097441
0.190689363982528 0.159040014259517
0.127020535059273 0.157965017482638
0.129595449194312 0.162822502665222
0.143204911146313 0.181927049998194
0.144647035282105 0.204053065273911
0.182153611443937 0.230987151619047
0.19394933572039 0.233062605839223
0.236774413846433 0.224007593933493
0.184568667784333 0.187453160993755
0.2259995280765 0.19733529817313
0.256522111129016 0.226442505605519
0.342067188117653 0.353962302673608
0.328523330856115 0.363065437879413
0.275344847235829 0.33366111619398
0.287678717169911 0.334653653204441
0.273919114843011 0.303319972474128
0.239251056686044 0.271752910222858
0.198416422121227 0.251606861129403
0.174334981944412 0.238380265887827
0.231770437210798 0.323386679403484
0.159647261258215 0.268491628114134
0.19383128779009 0.318982017692178
0.185129305813462 0.333992248866707
0.182218962814659 0.306861512828618
0.170524998102337 0.326702494639903
0.135153000243008 0.292230423539877
0.0973302247002721 0.245621685869992
0.146495482418686 0.345463030505925
0.185554963536561 0.386507683899254
0.199612063355744 0.381417287979275
0.249290239531547 0.349400087725371
0.220160267315805 0.37169398739934
0.210171181242913 0.422083593904972
0.181684080976993 0.413193536922336
0.196090268902481 0.43419810757041
0.252338266931474 0.474827951285988
0.238407578319311 0.448400365188718
0.250569741707295 0.37966196378693
0.278772908262908 0.341292158700526
0.301611768081784 0.426928131841123
0.278354215901345 0.480993863195181
0.278757391963154 0.489780535921454
0.279831883497536 0.497455127537251
0.313560028094798 0.474645521957427
0.355864127632231 0.455499805510044
0.379050883464515 0.415337604936212
0.345880805049092 0.360698300413787
0.343914784956723 0.350567096844316
0.342998841311783 0.347141962498426
0.365923867095262 0.343027783557773
0.391261555720121 0.358965274877846
0.372303706593812 0.366558196954429
0.406429780647159 0.422931793145835
0.38087492948398 0.467531762085855
0.344956040848047 0.46479507535696
0.323296215385199 0.493828340899199
0.326122705824673 0.494212200865149
0.288214803673327 0.510727270971984
0.284849596209824 0.519417268689722
0.266208249144256 0.520871467422694
0.310014631599188 0.525630153249949
0.338157949969172 0.492352670989931
0.35231101885438 0.529871720355004
0.381563631817698 0.532950303517282
0.408282905817032 0.538133168593049
0.43534710071981 0.475427436176687
0.408733960706741 0.460082505363971
0.431717941537499 0.460718687623739
0.394806256517768 0.32704044226557
0.395375940483063 0.316145817283541
0.374427220784128 0.316683117765933
0.303050799295306 0.255049627739936
0.272773037198931 0.238758585415781
0.314364115707576 0.246855191886425
0.357009560335428 0.220461149234325
0.301421175710857 0.217235176824033
0.309478810522705 0.192351520992815
0.314472122583538 0.19053821824491
0.340280891396105 0.187322661746293
0.399109000805765 0.182029340881854
0.384654595050961 0.14887306606397
0.327469598036259 0.116713900584728
0.311453575734049 0.129823054187
0.231028338894248 0.0905491430312395
0.296831604558975 0.132115772459656
0.297099741175771 0.159963235724717
0.281756677199155 0.150202097371221
0.236602980643511 0.124438248109072
0.180931272450835 0.0802614185959101
0.189013107679784 0.0463426606729627
0.21338104037568 0.0570938671007752
0.23948280652985 0.071764599531889
0.242814694531262 0.0878338469192386
0.3050447832793 0.0828932612203062
0.334425579756498 0.093711125664413
0.365390920545906 0.101753164548427
0.294367371127009 0.0626006796956062
0.360069343354553 0.0755572821944952
0.384496829938143 0.0900721582584083
0.41420626686886 0.154300220310688
0.414255355950445 0.205670703202486
0.435034453403205 0.207783548161387
0.418162222020328 0.226704619824886
0.369018368422985 0.237873058300465
0.350676077418029 0.281849111896008
0.405506408773363 0.305257652420551
0.450595567468554 0.264816803857684
0.436682689003646 0.266925339121372
0.469781878869981 0.258114922791719
0.466215120628476 0.244942718651146
0.470195992384106 0.222718509379774
0.477657422889024 0.206915222574025
0.508789215236902 0.198069152887911
0.515399016905576 0.205471965949982
0.498585905414075 0.233391220681369
0.543850904796273 0.200882855802774
0.523592540062964 0.190714770462364
0.556589408311993 0.195879647042602
0.554170640185475 0.211385828908533
0.495770666282624 0.285626117140055
0.538394685368985 0.276741825975478
0.582385459449142 0.269670856185257
0.598748824093491 0.303336469922215
0.502353913616389 0.287265700753778
0.496585933957249 0.288140230346471
0.542128094937652 0.295653894543648
0.581259383354336 0.314485976472497
0.599120249971747 0.322698948904872
0.62179461447522 0.326660438906401
0.615063150878996 0.332244599238038
0.516485428903252 0.327781182713807
0.493905505165458 0.317389128729701
0.48435648297891 0.334844604600221
0.458761973306537 0.304145872592926
0.4013717090711 0.325026801321656
0.420666054356843 0.355427518021315
0.434634344186634 0.371170385740697
0.425249306950718 0.357330376747996
0.450261414051056 0.36589892860502
0.448529008310288 0.375933484174311
0.467512435745448 0.364950598217547
0.516099392436445 0.3830935517326
0.543511565774679 0.419999065343291
0.546410629525781 0.409016773570329
0.562421990092844 0.385932605713606
0.495830459520221 0.321269954089075
0.541029091924429 0.350650717969984
0.591204105876386 0.381676047574729
0.627329925540835 0.398809731937945
0.653587562032044 0.457850654609501
0.665027491748333 0.452265967149287
0.650375045835972 0.421656481921673
0.633572317194194 0.40782775497064
0.658070939593017 0.401866242755204
0.684036202728748 0.464799270033836
0.7005221452564 0.503198623657227
0.725111411884427 0.503490000031888
0.732689440716058 0.507349309045821
0.718895309604704 0.54155451990664
0.703175205271691 0.62104136031121
0.743840460199863 0.556365271098912
0.740225316025317 0.597391942981631
0.727458520326763 0.605884549673647
0.711869849823415 0.617505986243486
0.708875169046223 0.674167440272868
0.70186878927052 0.678739545401186
0.707176390103996 0.678270014934242
0.73044060729444 0.648512170184404
0.784040465485305 0.57778296014294
0.800793351605535 0.556083126459271
0.83055531932041 0.53298999555409
0.878721998538822 0.424977674614638
0.842280903365463 0.530082257930189
0.830801852513105 0.573512540664524
0.831064998172224 0.58273289212957
0.826324844732881 0.594386950600892
0.853436212055385 0.575505691114813
0.855466176290065 0.590412355959415
0.854224600363523 0.573837366420776
0.887571346480399 0.533338925801218
0.896924956236035 0.585592095274478
0.890512491576374 0.529621929861605
0.887370988260955 0.523207905236632
0.890119052957743 0.467427631374449
0.910022562369704 0.462560660671443
0.925031153019518 0.480462073814124
0.941146502736956 0.506967008113861
0.938205492217094 0.426993432920426
0.938576370943338 0.408348273020238
0.924137697089463 0.431109387427568
0.970157998148352 0.337012423668057
0.950701548717916 0.349382549524307
0.932975227478892 0.383874200750142
0.952615959104151 0.299435663502663
0.961139481049031 0.288140225689858
0.961134819779545 0.26541070220992
0.972308429889381 0.280462112277746
0.989050712902099 0.176066484767944
0.97106271609664 0.0917468541301787
0.972906407900155 0.0663743056356907
0.940620473120362 0.150685589760542
0.957844244781882 0.131182930897921
0.969541600439698 0.0849652267061174
0.955175003036857 0.211915834806859
0.9435896105133 0.2745181764476
0.931925147771835 0.261892828159034
0.911033310927451 0.306933200452477
0.917303937952965 0.413593923673034
0.897020169533789 0.425370995420963
0.894412609282881 0.374289087019861
0.900322565343231 0.334363255649805
0.906233862042427 0.257977304514498
0.912661201320589 0.253881681710482
0.926710854284465 0.23895028186962
0.932830467354506 0.182928464375436
0.913697230163962 0.221903276629746
0.913927075453103 0.184239567257464
0.888880682177842 0.125413586385548
0.89550068648532 0.223096566274762
0.884107923135161 0.222833584528416
0.846590189263225 0.257781848311424
0.836150528397411 0.246257715392858
0.825864437967539 0.27221550187096
0.813462787307799 0.298770157154649
0.794948268216103 0.346559842582792
0.824872694443911 0.32628679368645
0.815726023633033 0.3228416624479
0.841010315343738 0.283678610343486
0.868596580810845 0.261898186989129
0.855995453428477 0.330921432934701
0.841375865973532 0.327416071202606
0.866724334191531 0.334000864066184
0.883868670556694 0.317746847867966
0.890213439706713 0.308370260056108
0.895026588346809 0.310854296199977
0.884644315578043 0.339465539902449
0.856349557638168 0.41648822883144
0.769161483738571 0.530972521286458
0.745382014662027 0.516259532421827
0.748801274690777 0.508024987298995
0.761032287031412 0.485775053501129
0.759595914278179 0.482545307837427
0.698697786778212 0.488731669262052
0.704416458960623 0.479442426003516
0.772264007013291 0.458077725023031
0.767161531373858 0.481110010761768
0.796638379339129 0.452919945120811
0.800035173073411 0.365713706705719
0.746601919643581 0.328898836392909
0.785945273935795 0.303999147377908
0.784385518636554 0.275347308721393
0.784040178637952 0.272339578252286
0.811448350083083 0.289245266001672
0.832511256914586 0.244729130063206
0.846181061584502 0.193277398589998
0.849527315702289 0.186773919966072
0.840459516271949 0.174803747329861
0.788570381235331 0.266255966387689
0.782541923224926 0.265428609214723
0.77540665352717 0.277969607152045
0.767646345775574 0.291325436439365
0.759826605208218 0.294617438688874
0.753638430032879 0.304838416632265
0.741951075848192 0.28302050055936
0.677847430109978 0.303308235481381
0.689688704442233 0.31056899484247
0.731183199211955 0.342666835058481
0.777216694317758 0.39440159779042
0.763904904946685 0.39998675044626
0.736631784588099 0.371452432591468
0.713989302050322 0.408791675232351
0.690424436237663 0.431772447191179
0.678891965653747 0.410408785566688
0.688556891866028 0.34836047841236
0.700069402810186 0.345295735169202
0.662418228574097 0.320203507784754
0.629257595632225 0.337398541625589
0.633409003727138 0.331277594901621
0.656114558689296 0.304969720542431
0.60838395729661 0.236578365322202
0.576524402946234 0.246988516300917
0.580991256982088 0.220907600130886
0.578801445662975 0.18129508709535
0.691020936239511 0.182799280621111
0.692301676142961 0.175933476537466
0.722387302666903 0.171105807647109
0.689507573843002 0.190771150868386
0.670374969020486 0.209801375865936
0.720142492093146 0.196809871587902
0.650003554765135 0.250054049305618
0.649827017448843 0.271725834812969
0.698757158126682 0.236883219331503
0.703705464024097 0.258621734101325
0.72043380048126 0.263292477466166
0.721685906406492 0.263352531008422
0.730584767181426 0.254246021620929
0.711217112373561 0.255452832207084
0.773582511581481 0.15751913189888
0.773464013822377 0.124229568056762
0.749485491309315 0.116030326113105
0.694911669008434 0.128979561850429
0.67674890300259 0.133852652274072
0.7245261981152 0.0926070534624159
0.664252506103367 0.0950072202831507
0.663987294770777 0.0940097747370601
0.65651609422639 0.100714584812522
0.656771469861269 0.122573120053858
0.638901203405112 0.100691836792976
0.618562548421323 0.0746503998525441
0.595590675249696 0.156487011816353
0.579957390204072 0.147221289109439
0.560028311330825 0.137015456333756
0.52363268751651 0.15971215814352
0.507282125763595 0.181018960196525
0.455278865527362 0.16400356637314
0.498983054421842 0.145414997357875
0.452096114866436 0.149879404809326
0.459701662417501 0.134170293342322
0.446415503509343 0.107484430074692
0.519127381965518 0.137859269510955
0.545039662625641 0.106889670714736
0.488513307645917 0.0977217215113342
0.404918421059847 0.0681567126885056
0.359559681732208 0.0571676217950881
0.425076229963452 0.0525073017925024
0.444971782155335 0.0556224812753499
0.491022136528045 0.0749663361348212
0.600280553568155 0.108706364873797
0.508975979872048 0.0773255084641278
0.583937628660351 0.0686892406083643
0.549958019051701 0.0502095939591527
