256
0.60447971848771 0.810252938885242
0.57386769214645 0.879593019373715
0.673510734923184 0.711918408051133
0.695684004575014 0.628729904070497
0.784862195141613 0.519813573453575
0.669697710312903 0.734613192267716
0.582000751048326 0.906206784769893
0.56151352962479 0.926430083345622
0.631118203978986 0.889729918912053
0.641515586525202 0.903343531303108
0.757759615313262 0.926070858258754
0.787235183641315 0.878924421034753
0.739698488730937 0.872430793941021
0.710497454274446 0.871255442034453
0.705953262746334 0.837096289265901
0.757805582601577 0.728579893708229
0.789878828916699 0.73710810393095
0.764540338888764 0.687500196509063
0.832454123534262 0.608487792313099
0.876206621993333 0.58974152058363
0.869429890066385 0.588554069399834
0.891014270484447 0.561648269649595
0.923444873187691 0.562922391109169
0.961012549232692 0.545588355977088
0.958459759131074 0.471031659282744
0.825428829528391 0.492565742693841
0.770746121183038 0.569655791856349
0.861036073882133 0.385983631946146
0.909317555837333 0.377903322223574
0.928858919069171 0.312740040011704
0.92017963482067 0.306118437089026
0.866493706591427 0.237946041394025
0.825784431304783 0.139183573424816
0.884716480970383 0.124991052784026
0.876600073650479 0.217678473796695
0.901991070248187 0.119330348446965
0.736712937708944 0.0891646165400743
0.715479345526546 0.0231923903338611
0.663436258677393 0.012182496022433
0.643515245988965 0.00149119505658746
0.78512613940984 0.0158121734857559
0.971524590160698 0.0837669475004077
0.914702674373984 0.082009554374963
0.94402795098722 0.143927513156086
0.915684691630304 0.0880956058390439
0.967001886572689 0.298653048463166
0.986538960598409 0.53608219884336
0.979348488617688 0.257306184154004
0.976124822627753 0.338751552160829
0.965724597219378 0.202608621679246
0.997293715830892 0.308878643903881
0.991866955999285 0.580533093772829
0.994107166770846 0.783985434100032
0.979071359150112 0.891510284040123
0.964003367815167 0.85198636027053
0.991438664961606 0.783345524221659
0.981730163563043 0.498233803547919
0.962276068981737 0.70500708417967
0.969556226860732 0.766704234294593
0.853309170342982 0.806879909709096
0.779629363212734 0.861569623462856
0.792880130466074 0.891561330296099
0.839064895175397 0.876319442410022
0.988052621018142 0.755958166904747
0.981026896741241 0.767198882997036
0.964095941744745 0.801656518131495
0.913986328523606 0.86819505225867
0.903444056399167 0.921851318329573
0.846190872136503 0.965074887499213
0.949506328441203 0.959024556912482
0.786054783966392 0.970641375053674
0.661490247584879 0.992409819737077
0.701819343026727 0.922778739593923
0.661073251627386 0.988229696173221
0.53763591311872 0.987452789675444
0.571230484638363 0.93975342810154
0.534153928980231 0.945104346144944
0.317606436554343 0.964769180398434
0.223494731355458 0.957589379046112
0.31599565083161 0.907621009275317
0.346032677683979 0.950918237213045
0.48280714219436 0.886157675646245
0.529058047570288 0.900152609683573
0.597741766832769 0.760957659687847
0.49632125440985 0.790816156193614
0.416046298574656 0.879476753529161
0.448291427455842 0.80305980425328
0.392292751930654 0.839430421125144
0.297733230981976 0.887540815398097
0.468927601352334 0.74085157038644
0.301685041747987 0.773774144239724
0.314844583161175 0.753974771127105
0.322528225835413 0.623524516820908
0.317349484656006 0.621022251434624
0.36159529350698 0.553325511515141
0.428298927377909 0.507865557447076
0.374906131066382 0.656890833284706
0.40783275058493 0.612577814608812
0.439921213313937 0.576656278688461
0.52787784487009 0.524083328898996
0.488098145462573 0.630865279119462
0.415006619878113 0.722267758101225
0.433849518653005 0.727140485774726
0.459501883480698 0.730756003409624
0.473843803163618 0.70032814797014
0.488948974292725 0.746122007723898
0.555055302102119 0.699141566641629
0.521889246068895 0.674159707501531
0.524570665787905 0.597955068107694
0.570275613572448 0.527326935902238
0.567093215882778 0.39175623562187
0.688162991777062 0.446822166908532
0.746924443170428 0.413439729716629
0.728336088825017 0.291053922846913
0.740203826222569 0.25852015754208
0.701332379598171 0.270478090737015
0.592312962282449 0.323841534089297
0.520574029069394 0.295651461463422
0.503818739205599 0.293425345793366
0.47534393472597 0.279242583550513
0.467703817412257 0.261400633491576
0.527246012818068 0.268546389881521
0.519025488290936 0.253850289620459
0.466340450104326 0.210556773468852
0.468418917618692 0.148918805178255
0.462113531772047 0.137481060344726
0.485210556071252 0.103312779217958
0.541799249593168 0.0320296757854521
0.324235435575247 0.0573446857742965
0.418712671846151 0.181614017114043
0.397222207859159 0.169443122576922
0.364578909240663 0.185497269500047
0.359391402453184 0.261994802393019
0.526863198727369 0.452531882096082
0.399456091225147 0.391576987225562
0.290277988649905 0.361277038697153
0.399485084693879 0.351063937414438
0.362397610675544 0.338408031500876
0.296331434044987 0.31281105382368
0.287030565552413 0.279889659024775
0.19865388981998 0.190413805656135
0.187696588691324 0.194905674550682
0.203200126066804 0.229152800515294
0.210470773745328 0.27856523822993
0.158218279946595 0.350118544884026
0.17783845262602 0.35314799984917
0.181908769533038 0.351425553206354
0.179395193234086 0.370980681851506
0.0887234094552696 0.48169316444546
0.162488035392016 0.54601849289611
0.16979674808681 0.541788684204221
0.193776893429458 0.506292554084212
0.151395232882351 0.493075382895768
0.154506285209209 0.47680046223104
0.295887288637459 0.458777795545757
0.329340200405568 0.440387413371354
0.382704675197601 0.504489219281822
0.364774113986641 0.534929628949612
0.254404622130096 0.557345576584339
0.316647025290877 0.552104997914284
0.323869118466973 0.556785740889609
0.315900520421565 0.555098920594901
0.191985998302698 0.568708522710949
0.17234976682812 0.579417283646762
0.256638350430876 0.610704833175987
0.232548520434648 0.617691750172526
0.230902306735516 0.672584305517375
0.204874405171722 0.711252072360367
0.183377042412758 0.651355901733041
0.190678043290973 0.620033230166882
0.0977259515784681 0.532554995734245
0.0993440044112504 0.606026526074857
0.192893381696194 0.694550705142319
0.143964156042784 0.754690362606198
0.255259116180241 0.782419855240732
0.255927307996899 0.775982187129557
0.249268004670739 0.761925395112485
0.20580166624859 0.728885831311345
0.272029220126569 0.741402446758002
0.185449368320405 0.953254753723741
0.0828269883058965 0.99494215939194
0.0756530081853271 0.967123980168253
0.0403923452831805 0.988326265942305
0.0553750963881612 0.931596837937832
0.0798000474460423 0.962515881285071
0.0840995293110609 0.879066891502589
0.103343513328582 0.857699770014733
0.0524214282631874 0.773041223641485
0.0226268018595874 0.86301087634638
0.0207412294112146 0.844125107396394
0.0227402318269014 0.758453724905849
0.00464216573163867 0.594712333753705
0.018194408621639 0.640768684446812
0.0422036265954375 0.709857653826475
0.0797277614474297 0.672508256975561
0.0648280675522983 0.587356386706233
0.0234818486496806 0.549195546191186
0.00699601136147976 0.47281347354874
0.0738888802006841 0.43279830692336
0.00476137222722173 0.42165137687698
0.0192315792664886 0.138522927183658
0.0743681783787906 0.260272517800331
0.0536923217587173 0.322929958347231
0.0617466680705547 0.364844561554492
0.16244636150077 0.284930713009089
0.106789153534919 0.198636601213366
0.0901425979100168 0.134946251753718
0.0748900822363794 0.098554587457329
0.0301590505987406 0.0208816500380635
0.0438969028182328 0.00278806081041694
0.205437344498932 0.058724595233798
0.228125071153045 0.0300211305730045
0.192206738516688 0.0830224761739373
0.0896430751308799 0.0315912854857743
0.169400322251022 0.117119830101728
0.168082255404443 0.116778798867017
0.184672394767404 0.159752537496388
0.223321746103466 0.174993571825325
0.24496497400105 0.203296055551618
0.319454305339605 0.21959750726819
0.342549121472985 0.221406508702785
0.271633963566273 0.162185607478023
0.232550305314362 0.00440198229625821
0.234679382294416 0.00348283024504781
0.323489975649863 0.0112529965117574
0.324690817389637 0.0519630601629615
0.543059414252639 0.0105316699482501
0.576325259637088 0.0294418004341424
0.587128596380353 0.0141788967885077
0.621609049383551 0.0105285882018507
0.623106402810663 0.0242202617228031
0.716034024953842 0.115119222085923
0.645029586274177 0.0760798719711602
0.647468450944871 0.110883827321231
0.538764622062445 0.112235961481929
0.573192267213017 0.165645177476108
0.530720161274076 0.187884060200304
0.555121354758739 0.204310471192002
0.585005943663418 0.191008280031383
0.651664571370929 0.117359049618244
0.714235519059002 0.190210740547627
0.838851075153798 0.228616493288428
0.855998625047505 0.321667471434921
0.83203844865784 0.357706411741674
0.812185841612518 0.39073847560212
0.810589448083192 0.38517705630511
0.782015445176512 0.4007772882469
0.67655637068674 0.517397423740476
0.736596636008471 0.573933965992182
0.619183321017772 0.58710977062583
0.661674685310572 0.562171125318855
0.610434432514012 0.540670418180525
0.58931503072381 0.499759035184979
0.582549111451954 0.613236773293465
0.652139109093696 0.718322042375803
0.611556701362133 0.788780251517892
