64
0.847453137394041 0.274265413172543
0.981309129390866 0.312555978540331
0.997951986733824 0.271874859929085
0.998152661602944 0.455142819322646
0.932435794267803 0.698866709601134
0.817889818921685 0.770716246217489
0.457436583470553 0.942339964210987
0.244031062349677 0.997655338607728
0.433372851926833 0.941954833921045
0.471081549301744 0.86193908797577
0.571753292344511 0.780577815603465
0.908683370333165 0.668186283670366
0.905626500025392 0.361547793261707
0.818920374382287 0.4423848669976
0.866728362627327 0.508947611320764
0.862032875418663 0.512107942719012
0.616642318665981 0.732321572024375
0.502165408805013 0.759773640427738
0.588414456695318 0.679072736296803
0.363595806527883 0.80406195204705
0.360107105690986 0.755084137897938
0.303058248478919 0.835707930848002
0.206824958324432 0.941854687873274
0.214158078655601 0.995717046782374
0.124056672677398 0.929790700785816
0.0308708846569061 0.86067338148132
0.0135435932315886 0.824671543668956
0.105731020215899 0.877065686509013
0.148263909388334 0.849791259504855
0.243394528515637 0.766059070825577
0.303502627182752 0.739881050772965
0.597236993722618 0.538533432874829
0.558436460327357 0.526225233450532
0.663944238331169 0.4116947860457
0.587423921562731 0.389643111266196
0.4091093884781 0.410311263985932
0.480388120748103 0.538924262393266
0.181027510203421 0.540401332080364
0.149416751693934 0.549446723423898
0.0759368124417961 0.493931713979691
0.116617930587381 0.29930849513039
0.149099754635245 0.284367377869785
0.266106284689158 0.338999351952225
0.345680400729179 0.389872377738357
0.641206674277782 0.335725043900311
0.793240209575742 0.344904935918748
0.629272314254194 0.264881840441376
0.706452729646116 0.192554743029177
0.591724131256342 0.0467442823573947
0.631170277483761 0.18132194923237
0.551294061820954 0.0470225890167058
0.566381276585162 0.226999207399786
0.310684409923851 0.0170318549498916
0.402079998981208 0.132082197349519
0.340570458211005 0.0987492767162621
0.188020347617567 0.217574845999479
0.198353804182261 0.108075681142509
0.281768295448273 0.089589330367744
0.180294226389378 0.0628056810237467
0.0378660620190203 0.00995535682886839
0.626732452306896 0.0117452060803771
0.816627828404307 0.0259799440391362
0.729976910632104 0.153805198147893
0.871894444804639 0.198542078956962
