512
0.798450545407832 0.789312060922384
0.709211926907301 0.914747094735503
0.788253515958786 0.871047780383378
0.733311625663191 0.942539606709033
0.751257132738829 0.961224756669253
0.820727298036218 0.928822255693376
0.87834509043023 0.921515357214957
0.88927949545905 0.933618188370019
0.935566376894712 0.873755838256329
0.939577099867165 0.92811775021255
0.972385559231043 0.869756564497948
0.970437939278781 0.7781026000157
0.975527062546462 0.692335065919906
0.971854933071882 0.735083493869752
0.95606014225632 0.815399390179664
0.94618880096823 0.850885829888284
0.908286723308265 0.858976673800498
0.796282634604722 0.904340230394155
0.834159841760993 0.856274000369012
0.799439321737736 0.845054199453443
0.854191704653203 0.823481187690049
0.901225592009723 0.800399883184582
0.947376236785203 0.831200832501054
0.915725857485086 0.744332103524357
0.970528029836714 0.729475850239396
0.952315846458077 0.725216705817729
0.892053771298379 0.742369144689292
0.832535714842379 0.765945337247103
0.808264941442758 0.804163766093552
0.820787413045764 0.760560591239482
0.852727341465652 0.694265129044652
0.897288864012808 0.658596159890294
0.900374202523381 0.656392501201481
0.897304014768451 0.617066974751651
0.875111843459308 0.622764150612056
0.867232537362725 0.630413735751063
0.867712986655533 0.622105403337628
0.875386841595173 0.611313010100275
0.889296720735729 0.605673196725547
0.909907995257527 0.540164315141737
0.90194196254015 0.510443252045661
0.854590465314686 0.621067143045366
0.849232267122716 0.649130148347467
0.840416261460632 0.688043763395399
0.848471526522189 0.610315192490816
0.831052889116108 0.523239665199071
0.829474969301373 0.471680606715381
0.815526053309441 0.447794240433723
0.800306494347751 0.444900390226394
0.765575094614178 0.435837551485747
0.77960643125698 0.433927155099809
0.857090948149562 0.426521964836866
0.842104123905301 0.47823970252648
0.849682125262916 0.457534313201904
0.867414964362979 0.425344754941761
0.913794199004769 0.411412304267287
0.914636463392526 0.460752456448972
0.926337189972401 0.408711891621351
0.933167345821857 0.472259505651891
0.950322496704757 0.564693528227508
0.945566885173321 0.639553297311068
0.967718450818211 0.563588676974177
0.961669242009521 0.470354992430657
0.896294883452356 0.308600483927876
0.892442958895117 0.321909357327968
0.892708455678076 0.341697483789176
0.892791664227843 0.405873035546392
0.789775864686817 0.426116878166795
0.807132057379931 0.32499994430691
0.782221764791757 0.405905714258552
0.777495685964823 0.417016813531518
0.754689887631685 0.410709979943931
0.76749872090295 0.245431819465011
0.75572472717613 0.161154621746391
0.750429196283221 0.124201817438006
0.755472848657519 0.172532523516566
0.694177871569991 0.133154469076544
0.643189251422882 0.0892736874520779
0.606526687275618 0.0716013456694782
0.527280647307634 0.0819132085889578
0.509825398679823 0.0879450282081962
0.52107029594481 0.0985217965207994
0.524732056539506 0.106452317442745
0.552817260846496 0.147152485791594
0.536436393857002 0.123288112226874
0.629111825022846 0.157487645745277
0.692034556064755 0.147112271282822
0.665498132817447 0.189178011380136
0.700117472093552 0.201934526674449
0.689430363941938 0.350656304974109
0.600379826966673 0.227379342541099
0.617317291442305 0.203120284248143
0.670392150990665 0.170189091470093
0.623637741431594 0.175456084311008
0.569184831809253 0.199804527219385
0.62335962196812 0.291827828623354
0.627176433801651 0.310557813383639
0.625832298770547 0.321445903740823
0.659838759340346 0.34015989350155
0.697876883670688 0.379701102152467
0.65506380982697 0.450347807258368
0.570712718181312 0.368631892837584
0.528428677935153 0.343025082256645
0.604457543697208 0.446475202217698
0.611912319436669 0.496448104269803
0.578024364542216 0.493393204640597
0.519438514020294 0.575695543084294
0.519997032824904 0.514460939448327
0.602168942335993 0.459287537261844
0.501084404531866 0.364811356179416
0.501826270017773 0.341557942796499
0.449275602120906 0.258445192594081
0.43874237826094 0.228099669329822
0.477410989347845 0.251512924674898
0.506431296467781 0.260045260190964
0.552212949376553 0.275545843876898
0.567773215472698 0.268914505839348
0.574852825142443 0.232485061977059
0.478221726138145 0.23615859169513
0.487879628315568 0.142752607353032
0.406537511385977 0.156042098999023
0.393774862866849 0.208072481676936
0.284705564379692 0.184576811734587
0.220092292875051 0.188136423937976
0.352720610331744 0.203535927459598
0.340132202487439 0.205437958240509
0.395749693736434 0.221342894248664
0.325738672632724 0.243452948052436
0.288319413550198 0.245432018768042
0.369275094475597 0.25225681765005
0.353163298685104 0.269264028873295
0.317947611678392 0.286666266620159
0.267673371359706 0.264273324050009
0.211359188891947 0.203093647025526
0.225845710374415 0.268910310231149
0.167776270769536 0.261949647217989
0.102673241402954 0.216155397705734
0.0580911044962704 0.161046407651156
0.0430047484114766 0.176144932862371
0.0303389164619148 0.24499855004251
0.0725415642373264 0.247599374037236
0.154936779756099 0.264393579214811
0.190713233314455 0.325453471858054
0.188161730766296 0.323096349369735
0.128292322624475 0.297025266569108
0.120988985523582 0.324113280046731
0.166475284844637 0.361197342630476
0.235775399487466 0.332481913268566
0.259304657578468 0.322263369336724
0.305206621065736 0.312553632538766
0.28458882542327 0.342200875747949
0.250863534398377 0.424549613147974
0.213659792672843 0.482696140184999
0.214983122888952 0.515185187570751
0.327329419087619 0.488386198878288
0.34167786128819 0.47982382774353
0.268086270894855 0.442565812263638
0.338945731520653 0.40074017830193
0.31246612360701 0.413451205007732
0.331343713216484 0.383870149962604
0.360075984615833 0.383483035955578
0.352540341671556 0.319692878518254
0.407745231408626 0.327206588815898
0.408854115754366 0.30761832324788
0.421428902074695 0.260355470236391
0.446595613844693 0.358826819807291
0.430310436524451 0.369576209224761
0.385243626777083 0.379017359111458
0.398740702774376 0.444682805798948
0.380728220567107 0.391459363512695
0.349874273873866 0.400738420430571
0.373134141322225 0.478041145019233
0.403784014750272 0.464639660902321
0.407122280448675 0.476770130451769
0.431789488531649 0.449402498546988
0.411994913592935 0.419823406729847
0.501735871192068 0.380610092543066
0.492888579145074 0.438048488460481
0.502892688382417 0.441189506091177
0.43962558824569 0.523207838181406
0.507082033902407 0.51979691023007
0.469859208911657 0.580010441597551
0.389403275214136 0.624092182144523
0.429163433145732 0.630830009933561
0.447060628794134 0.624481153674424
0.452470715623349 0.651300638448447
0.478892267215997 0.688714216928929
0.437312462367117 0.776684246957302
0.477272963616997 0.754768856801093
0.516037925612181 0.731232818681747
0.532042796723545 0.673565243370831
0.485281000379473 0.635638397652656
0.487302653491497 0.629416709765792
0.5149912009947 0.60189613699913
0.518360615242273 0.598128591664135
0.516118096187711 0.591078072786331
0.54028382524848 0.559731363784522
0.6505231494084 0.504110904876143
0.785919678397477 0.466674785595387
0.792756099253893 0.472939337603748
0.703815948683769 0.504956417251378
0.825303830672055 0.510726263280958
0.821151767857373 0.568970375228673
0.807488405611366 0.562572363298386
0.749141484498978 0.574647217523307
0.761721975635737 0.589447835460305
0.765834580175579 0.661599005106837
0.763338743709028 0.678739434573799
0.74185526650399 0.694145280402154
0.758309388533235 0.726778984069824
0.734655774664134 0.757900692988187
0.76698219589889 0.717790485359728
0.759785703849047 0.699004508554935
0.780085175763816 0.717464069835842
0.746914011891931 0.775622067041695
0.749298716429621 0.810278268530965
0.638146294746548 0.879252017475665
0.570659536868334 0.892188061960042
0.554052923806012 0.906382638961077
0.46489589009434 0.97272470779717
0.437167077325284 0.945134949870408
0.448763287160546 0.923071537632495
0.467809251509607 0.917836581356823
0.488063332624733 0.909049504902214
0.480503452941775 0.928050792776048
0.570188771001995 0.838214565068483
0.569037268869579 0.880554371979088
0.576820109970868 0.880223960615695
0.629518237896264 0.817643919028342
0.674149181228131 0.705331692006439
0.636417349334806 0.726840984541923
0.635439058300108 0.723238106351346
0.633050539065152 0.717072785831988
0.643230539746583 0.698286455124617
0.681859724223614 0.690105816349387
0.682247436605394 0.654437737073749
0.678877207450569 0.621963629033417
0.634431921876967 0.690575780812651
0.591591887641698 0.685070194303989
0.622043345123529 0.647019127849489
0.658725928515196 0.614029115065932
0.680139579344541 0.593896787147969
0.707646832801402 0.651791971176863
0.691987172234803 0.730879681184888
0.700560953002423 0.760206628590822
0.695183100644499 0.802823458332568
0.721815363969654 0.736290837172419
0.729366512503475 0.716373218689114
0.724898558109999 0.675483089871705
0.71703581046313 0.591798500623554
0.618507870938629 0.572879992891103
0.57785681867972 0.584991458337754
0.597794129978865 0.613893334753811
0.569628552533686 0.62039398169145
0.551135123241693 0.621003163512796
0.566115724854171 0.709716103039682
0.529812725260854 0.753603057470173
0.576826956588775 0.700671289581805
0.584034553728998 0.71797445602715
0.588709907140583 0.748081227298826
0.5644067293033 0.760092976037413
0.63774199411273 0.742035173811018
0.624939966481179 0.787164281588048
0.628987363073975 0.769588118419051
0.532914392650127 0.808795578312129
0.484352563042194 0.880211181007326
0.463138907216489 0.852461061440408
0.428959635086358 0.940348438918591
0.414711453486234 0.951533507555723
0.405498634558171 0.965759969782084
0.392295580357313 0.9521270301193
0.350815432611853 0.93689620308578
0.332943578250706 0.922435500659049
0.281108531169593 0.96207782626152
0.266193935647607 0.96998024918139
0.291137101594359 0.996598658151925
0.227031897753477 0.997142420616001
0.210758519824594 0.987472494598478
0.209968714974821 0.975926287006587
0.060534946154803 0.969262978527695
0.0917597678489983 0.928198531735688
0.217835290823132 0.860784032847732
0.0876639359630644 0.955327395349741
0.185094920918345 0.961178151890635
0.329213338438421 0.920682263560593
0.294707561377436 0.891984472051263
0.352979106362909 0.879437612835318
0.35123388376087 0.884397221729159
0.394755158107728 0.867622899357229
0.432298769708723 0.86040445882827
0.470583497080952 0.820673999376595
0.469328797422349 0.836704866494983
0.504303363151848 0.806866016238928
0.420968217775226 0.810909456107765
0.424227879848331 0.811512436252087
0.380092918407172 0.855048414785415
0.239757036790252 0.898632952477783
0.232316174078733 0.923472759779543
0.2139429342933 0.929223735351115
0.138222759123892 0.946707622148097
0.247715938370675 0.833482559304684
0.246991591062397 0.832418878562748
0.375725402031094 0.73348390404135
0.283566689584404 0.816911716479808
0.261616145726293 0.874009741470218
0.379139556083828 0.804557822179049
0.406768037006259 0.757505240384489
0.418915322516114 0.719567095395178
0.447661583311856 0.69672543508932
0.435590159147978 0.684172688052058
0.422073102090508 0.69496686803177
0.354660245124251 0.636667747516185
0.295434731524438 0.625855287071317
0.295275664888322 0.650073590222746
0.326587326824665 0.692480897065252
0.322189723607153 0.703504147939384
0.280427127610892 0.728914972394705
0.268676914274693 0.765094903297722
0.175578692927957 0.832640077453107
0.135722163133323 0.88909365888685
0.0803192830644548 0.92572518158704
0.038316355086863 0.983500754926354
0.0766994068399072 0.849354323465377
0.0804227464832366 0.798827560152858
0.0832883468829095 0.822840080596507
0.114241485949606 0.772585193160921
0.0617679711431265 0.747542506083846
0.0339683331549168 0.914503887295723
0.0371478935703635 0.971035899128765
0.0171805741265416 0.965568680781871
0.0254503735341132 0.912271605804563
0.00289287930354476 0.874881324358284
0.0535310548730195 0.723022651858628
0.0526048098690808 0.683312028180808
0.127876125276089 0.721614843700081
0.169369178358465 0.719156848732382
0.175557410810143 0.734680230263621
0.197676666546613 0.685143575072289
0.181965502444655 0.737945479806513
0.129829240497202 0.823134026955813
0.151552339550108 0.823137962259352
0.230135066900402 0.780778099317104
0.220172740519047 0.700059028808028
0.189946292433888 0.626915941480547
0.198082098737359 0.617607013788074
0.267555027734488 0.577140734996647
0.360870223026723 0.602703496348113
0.390565219800919 0.483537339605391
0.326033282093704 0.544744641520083
0.2446867544204 0.565333704464138
0.118085440248251 0.557664412539452
0.121610779780895 0.602912155911326
0.163873514160514 0.638247391209006
0.186935564037412 0.669407391455024
0.170372697990388 0.671454394236207
0.114401498343796 0.633674138225615
0.0936310403048992 0.620256728958338
0.118738090153784 0.62042969185859
0.077845539432019 0.59951539337635
0.0926837702281773 0.578263111412525
0.0835826275870204 0.580974402837455
0.00446081627160311 0.615847328677773
0.0549073503352702 0.548167612869292
0.0738353105261922 0.540955615229905
0.0160627788864076 0.509353987406939
0.0225762538611889 0.476633810438216
0.0588938761502504 0.486408651340753
0.0745293223299086 0.402049527969211
0.00178150972351432 0.32107117632404
0.0291415834799409 0.332293297164142
0.141182152088732 0.502198284491897
0.156974726822227 0.485988898202777
0.220519170165062 0.423718085512519
0.23110012896359 0.417082665022463
0.233551510609686 0.409291313961148
0.234218758065253 0.407457155175507
0.18270673789084 0.393941059242934
0.146260456182063 0.411254403181374
0.0998822334222496 0.379311077296734
0.11430323170498 0.390774546656758
0.155336298048496 0.444991414435208
0.137323084753007 0.492034756112844
0.0542200882919133 0.351218480151147
0.115596204530448 0.384803873486817
0.0302228098735213 0.269625873770565
0.0169957336038351 0.235915099270642
0.036069487221539 0.173774039838463
0.0364320711232722 0.11356547800824
0.0415342524647713 0.0979618863202631
0.105261399410665 0.121595669537783
0.0826552761718631 0.0777908167801797
0.00321080535650253 0.0184534532018006
0.0343211167491972 0.0272378860972822
0.0887511079199612 0.0553194247186184
0.0869490033946931 0.0503080356866121
0.135092268697917 0.0412464682012796
0.193273974582553 0.044636208564043
0.177104950416833 0.05232745828107
0.0998948500491679 0.0735992505215108
0.144719062838703 0.0954302656464279
0.15979338157922 0.10258672060445
0.188042129389942 0.0770683875307441
0.239856894128025 0.0941387396305799
0.206829689908773 0.102526650298387
0.180281266570091 0.117683686781675
0.0887475814670324 0.180046277120709
0.12651522224769 0.174281362909824
0.10738907661289 0.181431352160871
0.187904460355639 0.191231694072485
0.199864136986434 0.177867143880576
0.2539531304501 0.180923693347722
0.256511550862342 0.181196459569037
0.249240542761981 0.119891637470573
0.288731984328479 0.140160255599767
0.31835753377527 0.141416485887021
0.301593964919448 0.171617929823697
0.318340818863362 0.166326373349875
0.335958443582058 0.16443739598617
0.298548747319728 0.0295743891038001
0.194796424824744 0.0365052693523467
0.199854546226561 0.0077487425878644
0.251347012352198 0.00926150847226381
0.268111944198608 0.00889221485704184
0.344208822585642 0.0051650726236403
0.29839558666572 0.0278976480476558
0.345134563744068 0.123696551192552
0.409067820757627 0.145535091869533
0.447230144403875 0.128700360655785
0.423180101439357 0.0783305424265563
0.381841284688562 0.0833504050970078
0.43428004020825 0.0559538397938013
0.509295172058046 0.123381074517965
0.519196677021682 0.126661716960371
0.491573723964393 0.0730197690427303
0.471906493417919 0.0411272686906159
0.444784258492291 0.018293000292033
0.40505269728601 0.0177732286974788
0.415175364352763 0.00467796949669719
0.51794480253011 0.0191061105579138
0.52580171264708 0.00324375974014401
0.610408985055983 0.00839809561148286
0.683511777315289 0.0450752805918455
0.710203700233251 0.0648400275968015
0.814358180388808 0.057291186414659
0.745071984827518 0.0299278367310762
0.745981454849243 0.0219849827699363
0.835930729284883 0.00940168742090464
0.855416505597532 0.0139198116958141
0.989807561039925 0.0338580049574375
0.9626793586649 0.064157469663769
0.969459206797183 0.116820891387761
0.978284243959934 0.156483123078942
0.982014573644847 0.159867606125772
0.979770202655345 0.261632108129561
0.999799877405167 0.128769600298256
0.983265507500619 0.331580209545791
0.989566814154387 0.349006357137114
0.983388266060501 0.388789249118418
0.941180254798383 0.264737981371582
0.94881491875276 0.097469418309629
0.904051954392344 0.0833616722375154
0.884419067297131 0.0857039191760123
0.900183143559843 0.10227489983663
0.874848728533834 0.122432857751846
0.817821085918695 0.110857919789851
0.833364251535386 0.117397866211832
0.831217790953815 0.124865409918129
0.825362781062722 0.152341694571078
0.810663832817227 0.156593521591276
0.767806608229876 0.100357725750655
0.670817396137863 0.0820109872147441
0.742870302405208 0.143972543533891
0.735273962374777 0.103825764730573
0.784954818431288 0.139878622256219
0.790032560937107 0.154943216592073
0.798727587331086 0.18711940664798
0.819315216038376 0.194235826376826
0.889983059372753 0.287725945468992
0.893528035376221 0.282716976013035
0.88830464752391 0.240896362811327
0.904278951697052 0.232993997167796
0.911641681566834 0.232513417489827
0.920127773657441 0.103760719299316
0.928249682765454 0.195092175155878
0.925409649964422 0.276266054715961
0.953230950050056 0.403102698735893
0.960396526381373 0.344978052657098
0.965794546529651 0.42764091771096
0.969730789307505 0.417529151774943
0.991955318022519 0.417365179397166
0.976001866627485 0.543702098540962
0.984952722210437 0.665298010222614
0.988366877194494 0.57805775012821
0.996492150705308 0.682376637123525
0.991677229292691 0.857663261238486
0.990176369901747 0.780358418822289
0.980859529227018 0.78867885004729
0.979256511665881 0.912393456790596
0.910490096081048 0.947605737950653
0.826914591249079 0.953026910778135
0.747972140088677 0.997943911701441
0.712297454476357 0.99993794132024
0.499063968658447 0.992141620256007
0.475054424256086 0.994714849162847
0.616576449479908 0.963885698001832
0.523321041371673 0.985068083740771
0.579605659469962 0.977102843578905
0.689407923724502 0.961549751926214
0.682061181869358 0.93519145809114
0.664683391805738 0.923084610141814
0.618872079998255 0.914521133992821
0.707896723411977 0.878572179470211
