16
0.229305040556937 0.144709165208042
0.076092432718724 0.576998890843242
0.576593199279159 0.582515269052237
0.731532717123628 0.560918392147869
0.816547985188663 0.624198182485998
0.809259061701596 0.29608935629949
0.792087163776159 0.115976037457585
0.849589243996888 0.411585122346878
0.818562405183911 0.332329398486763
0.925371842924505 0.975346405990422
0.338959004264325 0.947158947121352
0.777452039998025 0.710682064294815
0.287680955603719 0.914003008976579
0.426144775468856 0.752267164643854
0.0506394123658538 0.584670713637024
0.0489077605307102 0.0988487550057471
