16
0.520475179422647 0.968293382786214
0.0674224556423724 0.967605414800346
0.0536024053581059 0.63899594778195
0.0901052667759359 0.426666247658432
0.448010069783777 0.132337428163737
0.056480678729713 0.386194623541087
0.517612629104406 0.0213438221253455
0.852811023592949 0.247221617028117
0.20274260872975 0.477009206078947
0.538153363857418 0.694062415510416
0.465411540586501 0.482016491238028
0.637382975779474 0.352879204787314
0.828767370898277 0.568632853683084
0.696184003725648 0.736978915054351
0.715088380500674 0.779741500038654
0.570023980457336 0.960990928579122
