2048
0.770640842150897 0.304487521760166
0.76298349769786 0.318362277932465
0.734182076528668 0.32643252145499
0.720968923531473 0.331125584430993
0.706660617142916 0.335360753815621
0.712111575063318 0.265922768972814
0.722340809181333 0.277460000477731
0.732261032797396 0.248935059178621
0.696544447448105 0.22416553273797
0.676607932895422 0.253093019127846
0.671469581779093 0.272341787815094
0.664384235162288 0.263021007645875
0.659356331918389 0.275154935196042
0.659193749539554 0.309036382939667
0.686012254096568 0.314446405507624
0.671056627295911 0.383383344393224
0.671969779301435 0.398440284654498
0.67512278445065 0.409859190694988
0.672255752142519 0.415934454649687
0.669847629033029 0.420231871772557
0.667260985821486 0.475506727118045
0.66908294102177 0.448780864477158
0.705376855563372 0.467612970154732
0.712282950989902 0.476307413540781
0.739964810665697 0.500242131296545
0.73063768260181 0.489188963547349
0.728095053695142 0.480400770902634
0.729083590675145 0.446102342102677
0.697971330955625 0.447207777760923
0.676155164837837 0.446029621642083
0.691809109412134 0.44164784392342
0.728925631847233 0.429963770322502
0.75474862428382 0.444534495007247
0.75136453518644 0.448590573389083
0.737729916349053 0.479478735011071
0.75273906160146 0.472745986189693
0.756050924770534 0.473739523906261
0.803083274513483 0.447564693633467
0.816835337784141 0.444490143563598
0.816798089072108 0.435633931308985
0.811827660538256 0.423475891817361
0.807523947674781 0.430296689737588
0.798516976647079 0.435337186791003
0.793732296209782 0.42616969672963
0.779801841825247 0.431630014441907
0.813950863201171 0.388865377288312
0.815297619439662 0.401676726061851
0.830773645546287 0.381692964117974
0.826337474398315 0.399922477081418
0.820657439064234 0.430825024843216
0.81906847236678 0.454781736712903
0.80811257334426 0.459503213409334
0.812981534283608 0.484004509169608
0.770824365317822 0.468873010016978
0.776252036914229 0.491089307237417
0.791180599015206 0.526250537950546
0.802896341774613 0.537195615470409
0.825919379480183 0.511780178174376
0.821907374076545 0.499206149019301
0.823870951775461 0.464382044039667
0.834481087513268 0.457519480958581
0.840299868490547 0.454501401167363
0.846401359885931 0.400601902510971
0.848186483141035 0.397932605817914
0.851655384991318 0.396388418506831
0.842272375244647 0.469457613304257
0.862896557897329 0.430475640110672
0.876478565391153 0.468426979612559
0.885717923287302 0.444155478384346
0.875681711360812 0.43770065670833
0.897315679583699 0.4113460755907
0.901344822254032 0.36748418956995
0.914019430987537 0.357266710605472
0.911453692242503 0.39722144883126
0.906995210796595 0.408968253061175
0.887635322287679 0.472237806767225
0.883699451107532 0.473916122224182
0.875788619741797 0.476410205475986
0.870802955701947 0.45915182121098
0.860988029278815 0.478128212038428
0.853009751997888 0.455834419000894
0.839395036455244 0.497883307747543
0.848780069500208 0.470018946100026
0.863592456560582 0.4852873114869
0.848760874476284 0.525446514133364
0.869642050936818 0.520642434712499
0.875384480692446 0.501055712811649
0.872691175434738 0.488145394716412
0.887988618109375 0.501419741194695
0.86914204666391 0.576499085873365
0.897918403148651 0.463959656655788
0.901673395652324 0.474401846528053
0.884722191374749 0.550160827580839
0.858917325735092 0.702003646176308
0.870066952891648 0.671647952869534
0.896227095276117 0.596885217819363
0.907084595877677 0.535748047288507
0.917177300900221 0.452344725374132
0.901263368781656 0.514128755778074
0.907109703868628 0.485078010242432
0.894737406168133 0.518540319055319
0.918583904393017 0.442169143818319
0.928418850060552 0.404386114794761
0.929800191894174 0.428763379808515
0.932082590181381 0.432734573725611
0.923503071069717 0.469482075888664
0.924144618213177 0.516459800302982
0.917620221152902 0.507892867550254
0.918494012672454 0.513688631355762
0.908381039276719 0.559473689645529
0.896915252320468 0.614798020105809
0.926071318332106 0.55815564095974
0.901084741111845 0.636904569342732
0.861796049401164 0.712346100714058
0.857856329996139 0.730043150950223
0.849086852744222 0.740910163149238
0.847431327216327 0.712534413672984
0.841436142567545 0.709516627714038
0.857753024902195 0.641902458388358
0.830756599549204 0.687544777058065
0.812593768816441 0.707757892552763
0.810139346402138 0.707236871123314
0.793181891087443 0.747331391554326
0.799475570674986 0.70224490808323
0.76924549927935 0.772029487881809
0.750525399576873 0.829957436770201
0.739328421652317 0.826581205707043
0.743788869120181 0.814727817196399
0.744005733169615 0.813834686297923
0.750426528044045 0.785475554876029
0.755592826753855 0.773131044115871
0.769256704486907 0.761686919722706
0.768172862008214 0.752679219003767
0.765217104461044 0.744023497216403
0.758890377357602 0.734245548490435
0.756431987509131 0.732987787108868
0.763010767288506 0.719995065592229
0.763641293160617 0.701099654193968
0.764523398596793 0.736306761391461
0.777260703966022 0.720125461462885
0.816696930676699 0.590341764036566
0.842091620899737 0.555805607233196
0.853124103043228 0.572353541851044
0.846057223621756 0.61287039052695
0.80897066835314 0.647910408675671
0.795332333538681 0.673499342054129
0.810175628867 0.704257301054895
0.857771124690771 0.639256216119975
0.820029362570494 0.690401050262153
0.832983543165028 0.654341262765229
0.859284634236246 0.577569379936904
0.840549609158188 0.511137370485812
0.784846232272685 0.640966474544257
0.772111396305263 0.680270491633564
0.776685199700296 0.651989543810487
0.769229473546147 0.64015321014449
0.757690269034356 0.650366941932589
0.743774026166648 0.659508356824517
0.742722928058356 0.653843333944678
0.737939715385437 0.651694604661316
0.731784459203482 0.66049032472074
0.736378411762416 0.696568474639207
0.735479882452637 0.70456778164953
0.724498564843088 0.711863030213863
0.709989041555673 0.736439321190119
0.700553963892162 0.766517284791917
0.697557945735753 0.799304265994579
0.658234202302992 0.854434518143535
0.668389311525971 0.848522572778165
0.676884672604501 0.834718643687665
0.684736630879343 0.823965765535831
0.70009731920436 0.799229740630835
0.71715378202498 0.759924373123795
0.729188210330904 0.731438245158643
0.695610397029668 0.8142692274414
0.736778150312603 0.782483947463334
0.728677875827998 0.813064767979085
0.710461617447436 0.880516848992556
0.721316285431385 0.902769047766924
0.711796461604536 0.936763124540448
0.694330212194473 0.974330648779869
0.670961033087224 0.978795859962702
0.667947345413268 0.985676960088313
0.623615597374737 0.987038416322321
0.603732988238335 0.990463962778449
0.59300158591941 0.9776816139929
0.581050391308963 0.994006178807467
0.574711131397635 0.998121695127338
0.557008408010006 0.990702575072646
0.532469916157424 0.993312122300267
0.519349743612111 0.991863270755857
0.517124871257693 0.986760768573731
0.505718954373151 0.984476286917925
0.453451341018081 0.991392354480922
0.479032893665135 0.996178448665887
0.426397552713752 0.989226421806961
0.475511868018657 0.98495370009914
0.497098028194159 0.98396298289299
0.541045357938856 0.982515756040812
0.558615651447326 0.967992405407131
0.559022734407336 0.952009701170027
0.562634140718728 0.947342502418905
0.562030786648393 0.946323333308101
0.564886720851064 0.943765109404922
0.604083922691643 0.924094240646809
0.59361730562523 0.952179459389299
0.600062923505902 0.964758971240371
0.602567890658975 0.965170160867274
0.630665361415595 0.964348941575736
0.652624238282442 0.947770779952407
0.653731879778206 0.943146768491715
0.669861542992294 0.943305821623653
0.70399261219427 0.93475827248767
0.712498826440424 0.917690257541835
0.673043037764728 0.928361154627055
0.650040626060218 0.940736898221076
0.689006498549134 0.912556452676654
0.696357963141054 0.907588938716799
0.69198330398649 0.886838695034385
0.71280127717182 0.862167874816805
0.727342386264354 0.81760342232883
0.702170114032924 0.853635097853839
0.669245592784137 0.889587276615202
0.647261354140937 0.933540867641568
0.600729256868362 0.936974417418242
0.62170946598053 0.896088189445436
0.625834277831018 0.897082649171352
0.666826253291219 0.879921108484268
0.641861777752638 0.863531300332397
0.635317898821086 0.875031476374716
0.625866920221597 0.89144223742187
0.672855281736702 0.802827158477157
0.650337416678667 0.842721361666918
0.635002047289163 0.819198177196085
0.632710275705904 0.868589778896421
0.617557358928025 0.879732838831842
0.613617040682584 0.876440168824047
0.583467770367861 0.917829690035433
0.578413096256554 0.931426959112287
0.559536504559219 0.938625142909586
0.578233285341412 0.914035695139319
0.598535622470081 0.876584131270647
0.601316832005978 0.867065007332712
0.607062944676727 0.858268988318741
0.647837375756353 0.778012595139444
0.64129297202453 0.776465728878975
0.582195759750903 0.849324014503509
0.537363949231803 0.906848058104515
0.551260906737298 0.906653413549066
0.554099097382277 0.911029648501426
0.599242154508829 0.836368390824646
0.586620109621435 0.889758309349418
0.578109773807228 0.911692563444376
0.557991298381239 0.940471986308694
0.544176617171615 0.935225261840969
0.536097792442888 0.940547114703804
0.517201310023665 0.96740814158693
0.503388969693333 0.974903762340546
0.4778897697106 0.972959218081087
0.448175036814064 0.97839836217463
0.483512657694519 0.932581486646086
0.484643423929811 0.932050470262766
0.508567350450903 0.893289336934686
0.511281815823168 0.883378625381738
0.55671760905534 0.80506667913869
0.565137211699039 0.779643966816366
0.575408234726638 0.78611056972295
0.542375894729048 0.862903797067702
0.529503272846341 0.882192317862064
0.539633005391806 0.897578794509172
0.554247396998107 0.873325010295957
0.587909125257283 0.735696522984654
0.566613379865885 0.742182489484549
0.537865086924285 0.761839626356959
0.507935653440654 0.775055426172912
0.482130344025791 0.799503428861499
0.419321387540549 0.88226337172091
0.456061963457614 0.84809388127178
0.475167347118258 0.826670186594129
0.479579084552824 0.811547582037747
0.534185022115707 0.772369505371898
0.576208346523345 0.757375884335488
0.553865253459662 0.776342170313001
0.559486540034413 0.778311205562204
0.543452067766339 0.801103237550706
0.497767234221101 0.871526779606938
0.507962270174176 0.838610971812159
0.512887005228549 0.827617495320737
0.534008042421192 0.807636884041131
0.527680054772645 0.802129602059722
0.517651233822107 0.817345906514674
0.511473432183266 0.823933016043156
0.508837896864861 0.824138756841421
0.498153028544039 0.839436452835798
0.459496737923473 0.894838572945446
0.432745421305299 0.906588468234986
0.391036312561482 0.940395168960094
0.411510054022074 0.934570685960352
0.405758135020733 0.950180919375271
0.411606838926673 0.951512815896422
0.450749697629362 0.944002601318061
0.450178037397563 0.932237800210714
0.422254326287657 0.930252900347114
0.4282360910438 0.926648611202836
0.490795104764402 0.904690283350646
0.462299561593682 0.946929431054741
0.439657440409064 0.976652323734015
0.401790485251695 0.980456355493516
0.386823661159724 0.971235595177859
0.376064371783286 0.959983228705823
0.366507933940738 0.959461814258248
0.331688886508346 0.931821194011718
0.308153796009719 0.963140956591815
0.307173115666956 0.966025022789836
0.331878636498004 0.954283533152193
0.335123642347753 0.951341766864061
0.344905553385615 0.952615825459361
0.354342807084322 0.95171889429912
0.345216177869588 0.962825785856694
0.323180896695703 0.974560755304992
0.299216997809708 0.985299937892705
0.312926052138209 0.98709652107209
0.292423538863659 0.993749224115163
0.254755444359034 0.996884770691395
0.298606124240905 0.980364718474448
0.292887767311186 0.956756516359746
0.230742634739727 0.999899629503489
0.200962439645082 0.997916380409151
0.233308447524905 0.995302647352219
0.228264163713902 0.981027310714126
0.262304718140513 0.963818402495235
0.28280569287017 0.960105779115111
0.229431866202503 0.967038596514612
0.179673899430782 0.98576186131686
0.224113616161048 0.963737274520099
0.186516494024545 0.976254967041314
0.180741713382304 0.966306972783059
0.142044870182872 0.975471938960254
0.173486007843167 0.988132518716156
0.116202811710536 0.995806141756475
0.114612944424152 0.988990311510861
0.110736466944218 0.973810610827059
0.0962954158894718 0.970507162623107
0.0767569835297763 0.99384345812723
0.0682152076624334 0.992544335313141
0.0778870219364762 0.956773976795375
0.0507204765453935 0.962909449357539
0.0682921842671931 0.949868467170745
0.068618793040514 0.936257805209607
0.0860704518854618 0.932258057408035
0.102589206304401 0.946770317386836
0.196989701129496 0.894127822946757
0.240764025598764 0.874108767602593
0.206777966581285 0.890905777458102
0.177560459356755 0.933811814524233
0.166473141405731 0.937958077061921
0.138298672623932 0.964759002439678
0.273333777207881 0.947755538392812
0.285814478993416 0.948427567724138
0.288655518554151 0.943351654335856
0.276085855904967 0.931774656288326
0.270593063440174 0.924111520405859
0.228021522052586 0.922664915211499
0.223943175282329 0.918265578802675
0.206816964782774 0.927746890112758
0.206708930898458 0.909253694582731
0.24893111968413 0.867524543311447
0.233436848502606 0.861607301980257
0.176322607789189 0.897696830332279
0.169300278183073 0.907368714921176
0.15610656933859 0.894642286468297
0.167095358949155 0.880662513896823
0.197744984645396 0.856969075743109
0.197104841470718 0.862126848660409
0.188729197718203 0.871426512952894
0.177385161165148 0.892527603544295
0.205017949454486 0.862080729100853
0.233842794783413 0.822509785648435
0.241595050785691 0.824112168513238
0.271550431847572 0.793504646513611
0.250890372786671 0.802159558050334
0.214397266507149 0.828164145816118
0.133326386101544 0.846724203322083
0.176508132833987 0.858170286286622
0.123662082944065 0.873295206110924
0.0996177126653492 0.865848701447248
0.0756512731313705 0.925743673928082
0.0873356717638671 0.921924634370953
0.0745795485563576 0.929234514012933
0.0549641912803054 0.940456449519843
0.0648037302307785 0.939782754518092
0.0429856004193425 0.948289753403515
0.0270389248616993 0.977412851527333
0.00524390209466219 0.91266350960359
0.0030217319726944 0.852882026694715
0.006669114343822 0.886378644499928
0.0331845870241523 0.908733759075403
0.0666321506723762 0.897798315621912
0.049498928245157 0.880048064980656
0.0493567860685289 0.879603770561516
0.0342351216822863 0.868939117994159
0.0150323961861432 0.842559061944485
0.00192872527986765 0.84249285236001
0.00072382390499115 0.743220063857734
0.00714803347364068 0.778918787837029
0.00825334386900067 0.799690028652549
0.011684697587043 0.8083510347642
0.0114800934679806 0.834696144796908
0.0173158226534724 0.831321261823177
0.015363406855613 0.805031905416399
0.0139968967996538 0.800539812538773
0.0221616644412279 0.765901848208159
0.00856338627636433 0.735684063751251
0.00289956806227565 0.734204885084182
0.00875781942158937 0.73348207725212
0.0131362020038068 0.735678826924413
0.0258701872080564 0.762496125884354
0.0333233531564474 0.73114833375439
0.0499000903218985 0.723199246451259
0.0965821747668087 0.72919198917225
0.0882491911761463 0.739535719621927
0.098503811750561 0.752507838886231
0.06868069851771 0.768698375672102
0.0255182916298509 0.779250952415168
0.0474132592789829 0.792436754330993
0.046511241234839 0.811418221332133
0.0536872115917504 0.798422799445689
0.0951946107670665 0.808724829461426
0.0934177041053772 0.805609062314034
0.13422564836219 0.749711451120675
0.0723843607120216 0.767030093818903
0.142048689071089 0.742024326231331
0.108989261090755 0.810384543612599
0.120515656657517 0.812995919492096
0.104602648410946 0.818240201100707
0.105898078531027 0.832576111890376
0.0979043347761035 0.818527691997588
0.0901135355234146 0.816827981732786
0.0624767672270536 0.819026892073452
0.0725764762610197 0.824355138931423
0.061283724848181 0.857438829727471
0.060619686730206 0.865916057955474
0.0659854998812079 0.872219527605921
0.0811578677967191 0.85500240791589
0.132923949509859 0.836850588675588
0.178277543280274 0.811875444836915
0.213584703858942 0.808469843119383
0.250740058254451 0.790414306800812
0.262500328477472 0.769559260457754
0.279434540309012 0.748766596894711
0.283993877936155 0.723635181318969
0.290456880349666 0.7796600619331
0.280007078312337 0.80818001832813
0.266896160785109 0.822722595185041
0.293073786888272 0.822010366246104
0.293416755273938 0.818188224453479
0.29966318141669 0.795780568849295
0.342005441430956 0.741429677698761
0.338786024134606 0.744012379553169
0.341964770108461 0.709718517959118
0.339243441354483 0.729138265363872
0.323709127027541 0.752100778277963
0.292442729696631 0.712472692597657
0.32319223601371 0.689480472821742
0.290789601393044 0.710116178262979
0.222042987123132 0.735301158390939
0.247503849677742 0.734198864083737
0.240553291048855 0.751890584360808
0.175410276278853 0.788944680709392
0.248197393491864 0.7539635989815
0.225660210475326 0.773927486501634
0.200471766293049 0.778798972256482
0.183613958768547 0.789615827612579
0.169211293570697 0.796835794113576
0.120896636974066 0.834506187122315
0.169438606593758 0.768920792732388
0.154231266118586 0.781212678179145
0.165985204279423 0.761721426155418
0.146176600828767 0.763399820309132
0.145989638287574 0.728022547438741
0.0805144067853689 0.697664012666792
0.058871659450233 0.698000574484468
0.0252203475683928 0.711337381508201
0.0240289424546063 0.71157965855673
0.0381124918349087 0.698787658009678
0.0331290140748024 0.697865233756602
0.0575712448917329 0.659198028035462
0.00173854781314731 0.714832633268088
0.00616308487951756 0.704334115609527
0.0290499809198081 0.658040354028344
0.0105370418168604 0.671331479214132
0.0267329127527773 0.631333162076771
0.0481562037020922 0.645138709340245
0.0647383010946214 0.620004282332957
0.0283792773261666 0.628914956469089
0.0377607317641377 0.62227474199608
0.0452915108762681 0.614046132192016
0.056182031519711 0.590561828110367
0.0429061842150986 0.585340647026896
0.0390452477149665 0.605188937392086
0.00613834662362933 0.599565065931529
0.00700909178704023 0.610001771710813
0.000329634174704552 0.604273692239076
0.0343832084909081 0.555738271679729
0.0372887495905161 0.574112590402365
0.0540117202326655 0.555695297196507
0.0711404299363494 0.556942274793983
0.0892065083608031 0.556855497416109
0.131937448866665 0.525033580604941
0.140589438378811 0.513330173213035
0.163277456071228 0.488350075669587
0.161355328280479 0.508435321040452
0.17552747298032 0.501285735052079
0.163717356976122 0.522518639918417
0.228496517986059 0.529682899825275
0.277352309785783 0.524724557530135
0.285436342004687 0.526497777085751
0.304992942605168 0.518123893532902
0.314281382597983 0.495364816859365
0.343433591071516 0.501349788159132
0.339425547514111 0.510762005113065
0.353403074666858 0.515535520855337
0.355443299282342 0.513129913713783
0.330393639393151 0.544619608670473
0.29209933290258 0.54316669004038
0.27288977522403 0.530554712750018
0.272533019073308 0.532644538674504
0.280683047138155 0.543068136554211
0.258199180010706 0.535448227543384
0.161364438943565 0.537032546009868
0.101864527910948 0.557189899031073
0.204117007553577 0.544567816425115
0.153824797831476 0.598918813280761
0.144648266490549 0.601008945610374
0.123199816327542 0.609972617588937
0.127909913193434 0.601546443533152
0.112648643087596 0.596272211056203
0.103660924360156 0.590060200542212
0.0581749184057117 0.582667696289718
0.0806153570301831 0.620176296681166
0.0740137449465692 0.6593411215581
0.061073056422174 0.674267371650785
0.0851315809413791 0.668391440529376
0.0704562645405531 0.675986521411687
0.0634937272407115 0.685451660305262
0.129929750226438 0.696343943942338
0.129958816338331 0.689630636479706
0.158046387135983 0.684335629921407
0.168799058068544 0.706197126768529
0.192491303663701 0.716409252490848
0.171729144640267 0.725031576585025
0.214733074884862 0.718223678413779
0.230293893255293 0.710728155914694
0.238267934415489 0.695147045422345
0.302333027590066 0.683157545514405
0.240561343729496 0.686241288203746
0.244857263285667 0.679668643977493
0.229126569349319 0.688922633416951
0.21919481549412 0.703046086709946
0.206958145368844 0.71026911213994
0.209917247761041 0.70036053750664
0.211408279370517 0.680144912563264
0.20840811682865 0.67260952340439
0.206921617034823 0.673587329220027
0.187909456901252 0.691559222526848
0.179005113430321 0.679504616186023
0.156420563813299 0.671301440801471
0.103647100739181 0.668525552377105
0.106013937853277 0.660305934026837
0.19443507026881 0.654212722554803
0.173685637768358 0.651806067675352
0.137301560025662 0.650480080861598
0.109418919309974 0.652139740530401
0.114473281428218 0.647491501178592
0.253822155762464 0.5931068174541
0.269690631888807 0.585815827362239
0.193836575839669 0.625102235004306
0.191941187251359 0.629036985803396
0.194111241027713 0.637542987708002
0.252731043379754 0.613327448256314
0.253827760927379 0.613204955123365
0.273612984921783 0.591119037475437
0.283967184368521 0.583718032576144
0.246978339273483 0.587060500867665
0.266756666824222 0.572049788665026
0.237151022069156 0.578664953820407
0.219388327561319 0.587084280326962
0.204829608090222 0.594592749606818
0.223084472585469 0.59222808573395
0.212861258536577 0.60845316387713
0.129265972878784 0.634683172684163
0.113830249756575 0.640370678156614
0.176446673460305 0.600927894469351
0.202045969199389 0.59318869560957
0.20632519479841 0.592097485903651
0.286851189564914 0.551896429620683
0.277396575547755 0.577963372226804
0.300932841841131 0.57581109367311
0.333314554765821 0.55344971222803
0.358782058116049 0.531214364804327
0.352927588392049 0.544230353552848
0.382183670066297 0.535279363393784
0.410419158171862 0.541458998341113
0.403908285778016 0.567949610296637
0.405179353430867 0.555790122132748
0.396301628090441 0.555566275957972
0.386966293212026 0.546819319948554
0.343396414071321 0.554091731552035
0.295834983699024 0.593057496938854
0.306913354899734 0.593365208245814
0.323404408525676 0.589088056236506
0.33142204862088 0.590440630912781
0.329238581005484 0.603179875761271
0.309057303704321 0.606405836064368
0.30590052716434 0.595908493269235
0.288371450733393 0.60181730799377
0.214681769255549 0.66604074370116
0.24290062719956 0.648708857130259
0.252684851177037 0.647339467424899
0.264500513672829 0.627226978074759
0.278711337130517 0.634165362454951
0.255214576609433 0.656214686576277
0.308774502016604 0.6503916378133
0.324930802453309 0.633798347786069
0.351840099319816 0.626422968227416
0.337965593673289 0.606735706329346
0.355107728857547 0.616499405354261
0.36216665012762 0.625583346001804
0.363757093437016 0.606450732797384
0.385306468699127 0.619486457668245
0.418157012201846 0.599140808451921
0.388723864220083 0.62116431677714
0.409326003864408 0.622376771643758
0.428329692222178 0.60211841436103
0.418581352569163 0.627702795434743
0.45240682316944 0.581645442638546
0.435088074300438 0.579440285917372
0.42046889429912 0.57980028912425
0.455146410036832 0.553837475832552
0.483236595522612 0.553172573447227
0.506478299852461 0.539845284540206
0.521087267901748 0.509776415303349
0.509331700857729 0.499065508134663
0.487929234746844 0.506919003557414
0.482668393757194 0.509967703837901
0.451493510510772 0.534600300714374
0.469565008301288 0.492467418313026
0.43374085938558 0.525081001222134
0.42019442236051 0.519704474601895
0.419324695132673 0.51826809020713
0.46088950894773 0.49394205911085
0.442127421498299 0.46583659062162
0.450303555466235 0.458767508156598
0.45059342449531 0.459393782075495
0.466177611611784 0.469771031290293
0.472590316552669 0.486418768763542
0.516220984514803 0.458201365079731
0.531312361825258 0.455154926050454
0.537402387242764 0.442300470080227
0.526819267310202 0.434441408608109
0.522947556339204 0.434318921528757
0.472843318711966 0.443512106314301
0.507727874908596 0.430219104047865
0.533751783892512 0.409586873371154
0.550116981379688 0.394189686980098
0.553328637965024 0.3964690011926
0.562372882384807 0.38980623241514
0.565214656759053 0.386555900797248
0.555025902111083 0.404318721964955
0.549123151227832 0.410257976036519
0.545810193289071 0.434172774665058
0.532285453751683 0.466000392101705
0.536054965574294 0.472118773497641
0.523541371803731 0.47726537566632
0.521844993345439 0.511320570018142
0.544856420718133 0.520699415355921
0.539010335225612 0.535177818965167
0.545171117875725 0.561428904999048
0.522019151598215 0.579255349934101
0.515290814917535 0.577306222636253
0.524702291935682 0.52501291083172
0.493836415931582 0.566440798807889
0.505619558040053 0.576568888965994
0.500335175078362 0.56012113718316
0.507844933308661 0.582954335957766
0.504715713206679 0.613517624791712
0.476174419745803 0.576604581903666
0.455423298291862 0.606833369005471
0.461931404192001 0.616976983845234
0.452099375426769 0.62902610655874
0.421420076861978 0.646470848936588
0.476454192306846 0.656461753416806
0.462177598383278 0.69442930445075
0.439815728925169 0.710016999393702
0.41780804656446 0.706547784619033
0.40574597613886 0.762538336683065
0.413462887983769 0.756348268594593
0.421079460531473 0.746608081273735
0.437367629725486 0.742681487929076
0.450196524616331 0.743191323243082
0.450683075468987 0.766155744437128
0.408849542494863 0.815018048975617
0.423393465578556 0.773459206335247
0.378980871289968 0.818050667643547
0.393338788766414 0.804217835422605
0.393612015992403 0.808113114908338
0.413378892000765 0.790331998374313
0.399789556860924 0.821528119035065
0.38009540271014 0.827640656381845
0.347156189382076 0.866519356146455
0.347871774341911 0.861581707838923
0.35728417057544 0.850632218644023
0.389212561305612 0.763296456541866
0.402274103835225 0.731399941723794
0.389780629426241 0.715806516353041
0.366060607135296 0.680194371845573
0.371978316921741 0.685141808353364
0.381811900064349 0.688439263030887
0.378423968330026 0.662017238792032
0.386612514033914 0.669376064557582
0.411834281869233 0.673066182993352
0.426097736693919 0.668817308265716
0.391793124843389 0.643293922767043
0.389850281178951 0.637532371096313
0.353257284034044 0.638455045409501
0.344021984841675 0.657147198915482
0.336621780414134 0.677485923748463
0.355467078275979 0.654342368710786
0.342883184086531 0.696581920608878
0.367953557521105 0.714075214229524
0.367585227359086 0.718334834557027
0.358708831015974 0.727596188429743
0.380629598163068 0.719070890918374
0.374946082476526 0.737560199107975
0.386808102484792 0.743764399085194
0.340475229546428 0.836496723815799
0.292815951630473 0.822764073498547
0.296245511155576 0.831793953664601
0.275086373556405 0.851029135752469
0.304176853969693 0.835368478670716
0.328719601500779 0.841805277392268
0.289839117787778 0.855186342727393
0.26647672848776 0.894919288810343
0.233904683496803 0.907388396561146
0.299494707025588 0.889951259363443
0.310729974415153 0.880059761460871
0.310678126756102 0.881015776656568
0.301638111006469 0.933201410342008
0.308445526752621 0.909963771235198
0.334720381069928 0.887633537407964
0.352969706524163 0.887726238928735
0.334752559196204 0.882343632169068
0.339619228150696 0.879989098757505
0.357324581593275 0.881947176065296
0.403032707981765 0.83180501498282
0.403274768497795 0.847824935801327
0.354999923612922 0.923370010219514
0.392204133793712 0.87632246920839
0.412995962426066 0.855635673273355
0.410689531359822 0.868687134701759
0.410891321487725 0.870245618280023
0.430961921811104 0.851565720979124
0.441634904127568 0.837899999693036
0.482155872508883 0.779913027770817
0.483832906465977 0.775317978579551
0.522034529596567 0.747749773785472
0.529834005050361 0.73074617004022
0.517019661143422 0.738513427786529
0.537200091872364 0.706977314781398
0.533599545713514 0.673529346939176
0.551122173666954 0.706081815995276
0.567844411358237 0.697546981740743
0.573515005875379 0.701254989951849
0.556593162473291 0.739013765472919
0.573082864284515 0.724218030460179
0.589311286341399 0.700020956341177
0.583846974186599 0.713794203009456
0.598153545986861 0.697926245164126
0.610410715453327 0.686408104840666
0.603581502102315 0.677359246648848
0.603865060023963 0.663400836288929
0.607248282060027 0.640924983192235
0.625667287968099 0.626293068286031
0.636945170350373 0.60552133852616
0.638092677108943 0.594963068142533
0.637692635878921 0.594226213637739
0.664076676592231 0.509751990903169
0.657941259909421 0.494486778043211
0.670661048498005 0.500481048598886
0.674471840728074 0.519272378180176
0.649541031569242 0.596568708773702
0.661636233329773 0.607959665358067
0.6562993763946 0.624726613983512
0.669465900398791 0.635284362360835
0.70203472673893 0.63318955944851
0.690932775847614 0.69760228227824
0.685171094723046 0.707320816349238
0.645100052002817 0.647597091738135
0.641251139342785 0.655255476478487
0.634867280721664 0.659721631556749
0.62555840658024 0.664393604267389
0.635779652744532 0.675683610606939
0.649812699761242 0.669580017682165
0.616268240381032 0.707430481910706
0.625006982125342 0.727701522875577
0.649189040530473 0.69065545219928
0.626609474886209 0.745280202943832
0.580549801699817 0.824716513510793
0.637874029111117 0.734859915450215
0.656783127691597 0.723761910572648
0.645918166730553 0.751253981608897
0.673556115012616 0.73333948245272
0.723265110980719 0.634917517658323
0.715604863595217 0.665217045228928
0.70625117700547 0.686865199357271
0.696710804477334 0.696857516653836
0.659991630353034 0.768299057148397
0.680245019961149 0.730753958690912
0.663813791237772 0.767550465650856
0.656194692011923 0.782937352079898
0.686839013826102 0.750369530636817
0.694761482533067 0.738274121657014
0.687480458989739 0.765915911179036
0.703043956775218 0.751817907672375
0.698926107957959 0.732926020864397
0.713398020714521 0.688138891942799
0.738646565936506 0.614545118995011
0.748326466884464 0.576444779522717
0.745005193632096 0.56250966899097
0.790217057801783 0.61079034442082
0.787475218530744 0.579448712058365
0.785732236225158 0.577724603004754
0.75039944332093 0.558085036464036
0.730784334242344 0.569922206457704
0.725236856844276 0.567125594243407
0.727730557788163 0.589426488615572
0.716299863066524 0.590538968332112
0.701996739488095 0.618615916930139
0.684900425840169 0.627803653012961
0.679475210607052 0.626343939453363
0.663403251208365 0.611448877491057
0.676309720613062 0.591075802687556
0.681356922723353 0.567903107497841
0.674744066782296 0.580408521462232
0.687247881665826 0.51361400121823
0.697451293002814 0.537361780181527
0.707087030634284 0.550883702468127
0.711209695320576 0.535261495038867
0.712094233371317 0.543015082832426
0.706950516905636 0.562060296069831
0.742305954452604 0.547136347275227
0.758992501534522 0.551382710691541
0.732112609315664 0.529403336346149
0.746660284698009 0.512642898596823
0.744936345610768 0.501680217217654
0.737634336575866 0.512503746431321
0.695226990617812 0.489941539242864
0.688325219787657 0.481718891765922
0.691576195880771 0.496426657773554
0.68909242330119 0.499419755768031
0.656983603723347 0.489729520864785
0.637672999408096 0.481271332595497
0.620108920615166 0.524763442575932
0.616036948282272 0.539853709284216
0.638821602798998 0.53375055314973
0.645223439671099 0.527832583524287
0.65209624543786 0.519484672695398
0.634779228828847 0.570506225340068
0.615039967000484 0.619822493288666
0.600556952413172 0.634895429946482
0.589693390298635 0.648201520554721
0.593838274944574 0.658567851874977
0.592481212224811 0.668476969935
0.594403544906527 0.663493198808283
0.59080706583336 0.682279360480607
0.563293853309005 0.677267020568252
0.558511478826404 0.676158393733203
0.561382589396089 0.666309321764857
0.548979358747602 0.663569339551032
0.534428149461746 0.669870650395751
0.481253118254244 0.73584321513772
0.474625727161765 0.748879469931126
0.533608700614423 0.688894703518599
0.435464918147773 0.818700260482728
0.405772999394685 0.857075071893632
0.426144041586667 0.819567871280015
0.440310705918819 0.794291491620243
0.442090651486069 0.785573977511376
0.47504078084603 0.744075090624392
0.476320190820843 0.712226308882236
0.493266309145838 0.709449202287942
0.49913404462859 0.701564450748265
0.503355628345162 0.687968019861728
0.513274597004056 0.674664090387523
0.498786143958569 0.662855582311749
0.497359939385206 0.694243706762791
0.454014950897545 0.721771951299161
0.457414837088436 0.71585526317358
0.518805166240782 0.60733449831605
0.526493052951992 0.628239144571126
0.526445346884429 0.632175607606769
0.545891297981143 0.621893569361418
0.553082616534084 0.60675133485347
0.558918104507029 0.576666283421218
0.581208418123424 0.608186620753258
0.582998174242675 0.595376227516681
0.584928740281612 0.618017744272947
0.535656210035086 0.645426299888641
0.590746709145606 0.627416833303869
0.605431431438774 0.60113292420283
0.584517179057002 0.592342365067452
0.580061097163707 0.577939305454493
0.599818126764148 0.569755743257701
0.596141191199422 0.53513376833871
0.583110364619642 0.53068932518363
0.579323682468385 0.514052585698664
0.609376908745617 0.488980534020811
0.599298978690058 0.513149344362319
0.623727553989738 0.505486089736223
0.636646730825305 0.460766660049558
0.66496251989156 0.419473761226982
0.664373457431793 0.406299651134759
0.629276039544493 0.411784752737731
0.615887165535241 0.43107453128323
0.636750256177038 0.42519842647016
0.610336688347161 0.471269772853702
0.612643398810178 0.475304591935128
0.619272053707391 0.486487896181643
0.618930384982377 0.486863360274583
0.613461351953447 0.490722804330289
0.610207251273096 0.484578419476748
0.597554920241237 0.477218230720609
0.584004710894078 0.467273684684187
0.568590492475778 0.464481837581843
0.549827988259494 0.463746368419379
0.584770777728409 0.427833731286228
0.583472518716007 0.425822533667088
0.58122491510585 0.426295634824783
0.561832800041884 0.430069671943784
0.565523209050298 0.399977541528642
0.572760729119182 0.384586864151061
0.542014473117888 0.386099225375801
0.486261886544526 0.427074242383242
0.471770388074219 0.436881000641733
0.495367743540555 0.410185944288969
0.512597746215761 0.400943797081709
0.583955653011799 0.332951922900975
0.562001665122807 0.337901470717043
0.548356180079281 0.334173186682165
0.524652980268002 0.359443622175604
0.52032527839765 0.350220589432865
0.533992339856923 0.343246574513614
0.540747287217528 0.295393186621368
0.593465291894972 0.282768808305264
0.595350034534931 0.301290430594236
0.563550231978297 0.307013440411538
0.623446175828576 0.318482000846416
0.618607713840902 0.323256029281765
0.60678098956123 0.326597598381341
0.601925249677151 0.335757085587829
0.606503598857671 0.358872832264751
0.618832687381655 0.359821780119091
0.607463004533201 0.375057640019804
0.645473506767303 0.367059129290283
0.673344769515097 0.351567926350981
0.629381960723549 0.346003782469779
0.626600007526577 0.329461150802672
0.625771089922637 0.313314737286419
0.592094528023154 0.265644300263375
0.628818648401648 0.284662209451199
0.63985909987241 0.286819933447987
0.64834563434124 0.264891973696649
0.630109964404255 0.260753464419395
0.618035533465445 0.246632538270205
0.638773628976196 0.252105417661369
0.662998560350388 0.244414475746453
0.670349183492362 0.238144893664867
0.693672123365104 0.211523346137255
0.723815022967756 0.189478576183319
0.731794030871242 0.189116829074919
0.721472200937569 0.170154433231801
0.687562008854002 0.177452373318374
0.702080814633518 0.166533424519002
0.695277079474181 0.162715584971011
0.704466714058071 0.156563131604344
0.689713067375124 0.139663564972579
0.679471543990076 0.15846477728337
0.630846383515745 0.138725032098591
0.635330272838473 0.155590182170272
0.646044557448477 0.162654234096408
0.6586933596991 0.164091393351555
0.679455659817904 0.171735839918256
0.670143325813115 0.181912119966
0.650946236215532 0.18212654069066
0.649544893298298 0.187843408435583
0.679430034942925 0.203615886159241
0.67398161906749 0.215443234890699
0.63772176252678 0.220608414616436
0.644718619994819 0.196576054207981
0.630837363190949 0.202979223337024
0.626048157457262 0.221353201195598
0.575347239617258 0.265094244387001
0.550516109913588 0.260649882256985
0.492786467075348 0.294256232213229
0.535317552275956 0.280964786186814
0.539379890542477 0.275521071162075
0.514549924060702 0.309842279646546
0.506428478751332 0.326028433162719
0.459266704507172 0.374231955967844
0.431991710793227 0.379625364672393
0.415885850321501 0.394863188732415
0.470490976236761 0.384895697701722
0.501599333249032 0.344706445932388
0.468643429223448 0.399695104919374
0.461175461299717 0.402607887517661
0.457334724254906 0.442352906800807
0.445708386600018 0.452456074301153
0.443590487819165 0.423391872551292
0.425444154534489 0.445298339705914
0.394401093944907 0.46631823386997
0.423371342010796 0.472109984140843
0.427043164148927 0.494917803443968
0.381271275691688 0.497527243569493
0.35926356818527 0.487298706546426
0.315134838689119 0.468719944357872
0.298433135729283 0.460842575412244
0.265131510328501 0.471739750821143
0.202202022075653 0.454653629567474
0.167524971533567 0.461334035266191
0.209701695479453 0.473237130790949
0.276359317824244 0.47577442182228
0.292766415979713 0.479886590037495
0.290175281930715 0.483585137408227
0.272390620782971 0.483381738420576
0.283605972770602 0.489453535526991
0.266969939228147 0.487916292157024
0.190990042407066 0.478760628961027
0.215776572935283 0.498026298824698
0.205623981077224 0.503741897176951
0.169898597057909 0.487029064446688
0.158302265685052 0.483177931513637
0.15743764443323 0.472418799530715
0.0829174341633916 0.51549307256937
0.093373759649694 0.540416328236461
0.0553213390521705 0.527898449450731
0.0248184110969305 0.516319880727679
0.0251278397627175 0.517584274988621
0.0364536852575839 0.532453053630888
0.0282357945106924 0.543771722353995
0.0598183642141521 0.541111444123089
0.0578979896381497 0.551243516616523
0.00507491920143366 0.545899343676865
0.00898792408406734 0.51273139892146
0.00460519548505545 0.510013265069574
0.00940954452380538 0.399049753323197
0.00704583479091525 0.385547617450356
0.0173445935361087 0.382287963759154
0.0368436514399946 0.353073833044618
0.0663380264304578 0.358403506223112
0.0712492787279189 0.35884295264259
0.0811736118048429 0.386622588150203
0.0804167645983398 0.394426988903433
0.0597306285053492 0.398888838477433
0.0530808940529823 0.415075179189444
0.0417575971223414 0.412997662555426
0.0403314395807683 0.425609327852726
0.09416618430987 0.400015558116138
0.095523580443114 0.400590201839805
0.113728079944849 0.411253048107028
0.108079979196191 0.417573687620461
0.0734396711923182 0.430089008994401
0.0314364330843091 0.444123215973377
0.0459727863781154 0.460795870050788
0.0706081748940051 0.451719912700355
0.0772271659225225 0.47363976156339
0.0225600800476968 0.501657651271671
0.0348294740542769 0.499633073806763
0.0276771206408739 0.505028682760894
0.0436897547915578 0.511378568131477
0.039090427570045 0.508499319665134
0.0491755264811218 0.509752535726875
0.0893994066864252 0.532814688049257
0.0475309230387211 0.503913542721421
0.0757996262982488 0.48223346658051
0.108167464844882 0.468600519001484
0.0954853272996843 0.454404208809137
0.0613862313330173 0.442145000211895
0.0703533543273807 0.44516206625849
0.0967135247774422 0.448745872359723
0.0989278983324766 0.452270294073969
0.135619610082358 0.440321284811944
0.131425349973142 0.462963698431849
0.150901305954903 0.456702088005841
0.165629286784679 0.442176458891481
0.164733306970447 0.439362761564553
0.200173879042268 0.440854504238814
0.236531049478799 0.43384122941643
0.28675339743495 0.434810587670654
0.30523708416149 0.444923708681017
0.30964512610808 0.436206785961986
0.368393225595355 0.434891279321164
0.33576971385628 0.443945693783462
0.297328921966255 0.457005746196955
0.292681833263487 0.457561708986759
0.299196171574295 0.459797836840153
0.334983468521386 0.462235878221691
0.340788796078414 0.459981347434223
0.383552349638194 0.479668553452939
0.388774094637483 0.478611370082945
0.378159506712109 0.462452891748399
0.367410021834075 0.446013239677995
0.390094539616257 0.42625084053725
0.395431581418961 0.421259783674031
0.403232839889824 0.420199444983155
0.438144797924906 0.398961449973285
0.381285480223596 0.422867137938738
0.320389003492892 0.431991370394826
0.320806359872222 0.430784408934414
0.301552763674408 0.43193251080811
0.329241101630032 0.419991984032094
0.38843511370942 0.410160616971552
0.399988444056362 0.401190895587206
0.368810536339879 0.411803600843996
0.355392286553979 0.406930234283209
0.257158007472754 0.433923645410687
0.231875769328326 0.423750770278275
0.257386056706309 0.422465239651501
0.354530951008201 0.401985367294401
0.367468167096376 0.386115161702037
0.308344077784568 0.358728706371039
0.298350845929235 0.381799288559705
0.299253929872066 0.366629925556481
0.287541865371168 0.366900334134698
0.26893411250785 0.37666718615219
0.266653639730066 0.380338225513697
0.254349360242486 0.381356614176184
0.289909242652357 0.388292858377099
0.316603081766516 0.376981293782592
0.302915203385055 0.398881725501269
0.302163862623274 0.395889208186418
0.265555506106466 0.40751067083329
0.227568877395242 0.390462412498891
0.224533379543573 0.376689475029707
0.293488446157426 0.35973879462108
0.269138496369123 0.343466772697866
0.219046344514936 0.342593171168119
0.19739033607766 0.343349442351609
0.147578433156013 0.308639231137931
0.19889782788232 0.325305316597223
0.213269348721951 0.332882932387292
0.198170224670321 0.318746029864997
0.222031361889094 0.334597437176853
0.220168941188604 0.312753864564002
0.218477516900748 0.308951175771654
0.233080669306219 0.307557411491871
0.268269118852913 0.327772861346602
0.320091904141009 0.341987481806427
0.315994529053569 0.329756925348192
0.357477352954447 0.334384170826524
0.335872753057629 0.365636284463108
0.375719441100955 0.366966760717332
0.384258837904781 0.362162352539599
0.371041755191982 0.319104234687984
0.345137319993228 0.323070140555501
0.370455652009696 0.305489710532129
0.378097469452769 0.31230757990852
0.402689661830664 0.325599660631269
0.404801397118717 0.327774516772479
0.391569213941693 0.368532408494502
0.414930252358317 0.358976701274514
0.428063724655658 0.358021655585617
0.429829360917211 0.32844801293686
0.431908390019089 0.329241645988077
0.433017544914037 0.332270242739469
0.446167821530253 0.352271886542439
0.413660425692797 0.370322901755571
0.411494977306575 0.374402137473226
0.419141167309135 0.382003594655544
0.428994323592633 0.373296584933996
0.466475575231016 0.333160197362304
0.471750109922141 0.323517202865332
0.419771787244827 0.321419317275286
0.413383597508073 0.312588984612375
0.408625320065767 0.310168091673404
0.412392671685666 0.299094241112471
0.370051744859666 0.288326516281813
0.373619438614696 0.288913834374398
0.439999116584659 0.289985871408135
0.431602589786053 0.296257780864835
0.437983041629195 0.299980081617832
0.495566020254046 0.303214403335005
0.455542045645416 0.283560558687896
0.449866251088679 0.283552413340658
0.381916939746588 0.27554189087823
0.349999185185879 0.253489766269922
0.352220519911498 0.261680752504617
0.332036186940968 0.257784318178892
0.315117974299937 0.253388575743884
0.336420937441289 0.24327103048563
0.426048205699772 0.269717315677553
0.457870554178953 0.26244792342186
0.421485785394907 0.23886885214597
0.455804488155991 0.250414686277509
0.466171137522906 0.257691994309425
0.483357870019972 0.268437742255628
0.474632584489882 0.260256526060402
0.436609904747456 0.237747611477971
0.430579374544322 0.233821893576533
0.396042277570814 0.234680333640426
0.36700735706836 0.239674192853272
0.339957701507956 0.238522635307163
0.325700369663537 0.213640218600631
0.317361534573138 0.219692634884268
0.298404065426439 0.195092119276524
0.277287864591926 0.180410074535757
0.288104472216219 0.174016116652638
0.292733321432024 0.175430045928806
0.310989768244326 0.178055262658745
0.353202239144593 0.181338054593652
0.317214300855994 0.196663145907223
0.326391891110688 0.212988490238786
0.351785553619266 0.224833739921451
0.35796994715929 0.231106243096292
0.424402049276978 0.222489162813872
0.506219505798072 0.246446431148797
0.50971158221364 0.268187468405813
0.535647349432111 0.253036154899746
0.540712548419833 0.247825318481773
0.549226777162403 0.250589586328715
0.545945894904435 0.232324334327132
0.527327626943588 0.25478636380285
0.528095330577344 0.251119890715927
0.489759953226894 0.210036584641784
0.457817700691521 0.202993379440159
0.49212161405012 0.200057959649712
0.432210239116102 0.184347230009735
0.422558852937073 0.176261109299958
0.432051011826843 0.174409186467528
0.451657015830278 0.182068977039307
0.495057313703001 0.198940467089415
0.471544339321554 0.173087578266859
0.47091230424121 0.150827147066593
0.429563392419368 0.15592940337956
0.412250040099025 0.155303591862321
0.412872975692153 0.151068387553096
0.377499816007912 0.13706571329385
0.372018720023334 0.12414826778695
0.270262783858925 0.124719739425927
0.288054535165429 0.132907679304481
0.356246541254222 0.140319543890655
0.35531217418611 0.154310897458345
0.364393070805818 0.154847881756723
0.377757508773357 0.152456919196993
0.411684684455395 0.168644244782627
0.432776344474405 0.190292180515826
0.433647573925555 0.199029751121998
0.434524018783122 0.202799226623029
0.438473958522081 0.210843744687736
0.40576805267483 0.221799368970096
0.408020552713424 0.207287606783211
0.399157136213034 0.203443698585033
0.379910207819194 0.185500080231577
0.385880459565669 0.170033297035843
0.368816781323403 0.162903221789747
0.351199885364622 0.164007730782032
0.332798419520259 0.164128989446908
0.266330724116415 0.176702289376408
0.262507842853665 0.176534290425479
0.209108880255371 0.188450020272285
0.245192307047546 0.209101897198707
0.296685253735632 0.229622029699385
0.292906614951789 0.254841218236834
0.261147500481457 0.244498359505087
0.236767775379121 0.214903339743614
0.226168757304549 0.212737345602363
0.223646846599877 0.210290669929236
0.181360530201346 0.209167680237442
0.216145857702941 0.232097657397389
0.222241152077913 0.227865844964981
0.240916697308421 0.231041731312871
0.220482125412673 0.239888406358659
0.196449061855674 0.242822356522083
0.184957356657833 0.244958870112896
0.186918458435684 0.245134016498923
0.217868370935321 0.244700996205211
0.247399491257966 0.240989964921027
0.350421167444438 0.288320569321513
0.352561308536679 0.300448312424123
0.271984167397022 0.271219200454652
0.23856857419014 0.266773138195276
0.189130961429328 0.256289250217378
0.286589842755347 0.288016862235963
0.307371752336621 0.304258037824184
0.313216022681445 0.297936037648469
0.330486684571952 0.303530222736299
0.341436674352735 0.30207974370569
0.288959904108196 0.320026176515967
0.282437505666167 0.308973424136639
0.241351457312703 0.305902771651745
0.284686562605202 0.295606364496052
0.266219056677073 0.297903390601277
0.227671241853386 0.304017659276724
0.187730095814914 0.294045996386558
0.159964910708368 0.289592482149601
0.157177666667849 0.29630787903443
0.132162528112531 0.305545083712786
0.225794631056488 0.373933144379407
0.171749490313232 0.353807015344501
0.202044047880918 0.419464756269008
0.181991756428033 0.432683760300279
0.169936798512936 0.433743164408952
0.167811196297407 0.418085195589811
0.178271166048944 0.383822576608509
0.151384792756289 0.364033774938434
0.139905835967511 0.325648920610547
0.128374139312655 0.316778211854398
0.128087999299169 0.333298278041184
0.120680067688227 0.330218192655593
0.082225242163986 0.333729828707874
0.0818806076422334 0.323892658110708
0.0789274452254176 0.318424027878791
0.0705553293228149 0.329020908568054
0.0779926767572761 0.3399733514525
0.0654500583186746 0.343855779152364
0.055730348918587 0.331558289472014
0.043520491104573 0.310198865365237
0.0236836662515998 0.228196118492633
0.0288877519778907 0.274384441785514
0.024624306242913 0.285261599346995
0.00741520989686251 0.311646122951061
0.00223763799294829 0.316029825247824
0.00320057105273008 0.303124780766666
0.00869272509589791 0.253649507183582
0.0129721774719656 0.227365301456302
0.00360767217352986 0.174396244809031
0.00716306734830141 0.162248827982694
0.0108029968105257 0.0630410178564489
0.0134726935066283 0.0858204173855484
0.00984021136537194 0.170312127564102
0.0296501070261002 0.196227034553885
0.0602060025557876 0.23935303511098
0.0288738929666579 0.238109459169209
0.0563913993537426 0.262166595086455
0.0345661719329655 0.247459802310914
0.0477688587270677 0.273770259227604
0.0545223620720208 0.284875166602433
0.0884729824028909 0.269333643373102
0.0670668869279325 0.259819888044149
0.107964086346328 0.26840640977025
0.11472807591781 0.267209459561855
0.150147093459964 0.288373831659555
0.170191457960755 0.285765350796282
0.23317099083215 0.291952785104513
0.209717872552574 0.268387124408036
0.202371885068715 0.270401932299137
0.148795768618584 0.24409593641758
0.158805911429226 0.251066199038178
0.155384385958314 0.275355718564242
0.131800456438214 0.256942990235984
0.0989053840748966 0.24658466828987
0.0872081532143056 0.245294651482254
0.0747427232563496 0.224312080536038
0.0962958596646786 0.211470094043761
0.0672656511887908 0.190735074225813
0.0572255593724549 0.189986564684659
0.0774722369387746 0.234663230367005
0.0595288989134133 0.195263350382447
0.0583433373831213 0.202318260446191
0.0309660919010639 0.172179981600493
0.0272835930809379 0.161942948587239
0.0401433925144374 0.170592004433274
0.0309363533742726 0.162104395218194
0.032489781267941 0.0978185455314815
0.0303497645072639 0.0473653990775347
0.0492109931074083 0.09689861536026
0.0581949725747108 0.124977102968842
0.0505111999809742 0.13281233003363
0.0591517426073551 0.134362506214529
0.0732012973167002 0.170382168143988
0.0866998117417097 0.17542268615216
0.116057846695185 0.206127364654094
0.123800886329263 0.221766365692019
0.186051761731505 0.189903224818408
0.153866395354271 0.179165318142623
0.122009845450521 0.141705543268472
0.137758264318109 0.134537602774799
0.185717991553247 0.130072654690593
0.156435790006071 0.113399358000606
0.149384312331676 0.123585974331945
0.134113473352045 0.130208550952375
0.108829918783158 0.123489263467491
0.10493565350771 0.125612859148532
0.0963914124295115 0.125014950055629
0.157735274638981 0.19666438177228
0.128575169946998 0.209044167771935
0.114253806415945 0.196547555737197
0.095716240350157 0.178047276567668
0.119204672053456 0.199676849879324
0.131922890432179 0.166708366014063
0.0869435309432447 0.124634050298482
0.0531640527769923 0.0846384316682816
0.0750509491190314 0.101272921077907
0.0991580109111965 0.120287893805653
0.142536995001137 0.114749722648412
0.047136174980551 0.0801519034430385
0.0634429417550564 0.0750590022653341
0.0677960906177759 0.0526379710063338
0.0641898866742849 0.0435323854908347
0.0465795542113483 0.0317941745743155
0.0197015800513327 0.0446389820426702
0.0155443120747805 0.0385295073501766
0.0370888006873429 0.0319237131625414
0.0395115744322538 0.00850591482594609
0.0433598766103387 0.010657902341336
0.0973917208611965 0.0612125108018517
0.0957973385229707 0.0893414132297039
0.126367258839309 0.092432607896626
0.128679777961224 0.0923669007606804
0.139084565453231 0.0924210632219911
0.181306360289454 0.114258700981736
0.199890617281199 0.155429937876761
0.16586587484926 0.142431245185435
0.166593045927584 0.15528744738549
0.188532127998769 0.173484874889255
0.179998151492327 0.160910110920668
0.232972892932594 0.167465222533792
0.243899918626994 0.163368840236217
0.20333019644022 0.158845681231469
0.237094644922763 0.124619895126671
0.20840554125607 0.120411029085517
0.204881752841175 0.116994979791343
0.206952340900898 0.125778035726398
0.200391049962491 0.119560930877924
0.194822628982365 0.105443284381181
0.192760850302875 0.104417599737644
0.156260234769434 0.088739232160151
0.145087481476367 0.0556859178468585
0.139416076242924 0.0377372661605477
0.166261496022344 0.0496614002622664
0.222332316450775 0.0752256382256746
0.226602106820792 0.0611294177360833
0.229745457414538 0.0556316203437746
0.201463997829705 0.0367281478829682
0.183773554861546 0.0292895790189505
0.195490365847945 0.0262814201414585
0.171719586942345 0.0302248718217015
0.21278391731903 0.0638825763016939
0.119160670787096 0.0228024781681597
0.124350227881223 0.0486150365322828
0.0807634866796434 0.0352262663654983
0.0852772095240653 0.0210679518058896
0.0920401955954731 0.0213034613989294
0.135346890427172 0.0168329230509698
0.111014653928578 0.0120023908093572
0.111313201952726 0.014804732054472
0.0994232939556241 0.0188358989544213
0.067034081555903 0.00926272105425596
0.0585362762212753 0.00465335324406624
0.0779711068607867 0.000333733391016722
0.0873097963631153 0.00160167552530766
0.167128714267164 0.0054781255312264
0.187463069334626 0.0130024226382375
0.2428661826998 0.0026258178986609
0.20256482437253 0.0146032203920186
0.276607497129589 0.0145608992315829
0.320568377152085 0.0196343883872032
0.338783211074769 0.0163011695258319
0.327913755550981 0.0107563915662467
0.335996950045228 0.00580251170322299
0.374347522389144 0.0158325061202049
0.404682822525501 0.0058192084543407
0.463009101804346 0.0132512138225138
0.481082831975073 0.0135159003548324
0.473367165308446 0.0251938719302416
0.255355558358133 0.0180506487376988
0.266070761717856 0.0208825073204935
0.269098109100014 0.029317804146558
0.271509947255254 0.0435336236841977
0.271459710318595 0.0309704295359552
0.298764611128718 0.0434995205141604
0.30085080768913 0.0408417629078031
0.323244411032647 0.0468257893808186
0.352550462819636 0.040598614141345
0.411637515760958 0.0449239062145352
0.419868742115796 0.0434732302092016
0.422547535970807 0.0436551389284432
0.472125665750355 0.0415243771858513
0.486369205638766 0.0481483447365463
0.503064658027142 0.0507300971075892
0.489629150833935 0.0589237096719444
0.429981074295938 0.0513526792638004
0.414538051467389 0.0487498613074422
0.482267161365598 0.0775833711959422
0.480426402762532 0.0776750002987683
0.369510792661458 0.0514119979925454
0.358714063186198 0.0611919541843235
0.380546591710299 0.0800569565035403
0.361365536227822 0.0937448856420815
0.365255697630346 0.101106452289969
0.339427018072456 0.100034890230745
0.328218803741038 0.0812863633036613
0.338456756435335 0.0721920616924763
0.325419378932565 0.0701012243516743
0.280495312530547 0.0440348796546459
0.284347007516772 0.0521778827533126
0.258205248508602 0.0875459797680378
0.23080331645906 0.0838408903218806
0.235861479770392 0.10713179083541
0.300093272700906 0.0984750320203602
0.276408937759697 0.110195342451334
0.252454107627273 0.117459837347269
0.260831895284355 0.121560579631478
0.313101883046329 0.110214844346046
0.330733638256788 0.112230225466192
0.315984396263957 0.117458074353635
0.316867568064481 0.120657352730632
0.352508496493101 0.120106672402471
0.352186934556812 0.119711450301111
0.343934749253094 0.116100762505084
0.341737615410239 0.11142189707607
0.366871928330511 0.111956865992397
0.430134105030447 0.128399510402232
0.442334187682718 0.130912985652685
0.453022404108196 0.134012655355036
0.49481705436483 0.165285096503794
0.502548729069531 0.187997962813824
0.559511866420507 0.198759804945439
0.564891798421741 0.19546621479094
0.565586966462433 0.202670306898654
0.567739558871835 0.241808038204908
0.576883325818926 0.221135369036347
0.561134967952967 0.172700819559395
0.551680244971067 0.157499819528311
0.541750077623874 0.171962252352387
0.52483932999894 0.137864980846643
0.527936697937548 0.113130741287023
0.555615957826376 0.113975563086569
0.594291475135833 0.127884190063924
0.593435551039875 0.13594555715099
0.569402294699103 0.138900610152632
0.548894657287747 0.149763610679656
0.578834447544068 0.16885134158656
0.589177896734327 0.172624869272113
0.591182516887784 0.18627155944705
0.591279057320207 0.200116310268641
0.568978504277766 0.252210500184447
0.581047913059592 0.23239864455536
0.605374366510659 0.182196012698114
0.586949822958559 0.157667232677341
0.613998334854841 0.187844829168171
0.625945487990975 0.194776500575244
0.612217808607966 0.183002717792988
0.586466486100107 0.140940605662763
0.593234519008547 0.148802460636944
0.628669631667435 0.134845994412899
0.631131862290204 0.107801236677915
0.598349822685122 0.0928496499545872
0.609180460684001 0.11134935496375
0.5710544497706 0.0998702342621982
0.547002951614559 0.104372332803905
0.474068713840097 0.117966732010245
0.473718377761543 0.121796981431544
0.523567901924253 0.167035188991576
0.538034185301512 0.186218451242894
0.517945671919733 0.179215779528022
0.482790729962289 0.142852415330708
0.466294771526009 0.123023550026119
0.460156758781523 0.121740087866783
0.472100242041051 0.117720237467438
0.425661171786487 0.120926150120795
0.42375054769218 0.114149622619152
0.405754140112549 0.104787643067539
0.412169325631112 0.101610336918384
0.415524024516344 0.0768999396823347
0.403257246594876 0.0639465786516666
0.431623665150255 0.0752719421871006
0.43677874468267 0.084221241530031
0.507798165082932 0.0953448549844325
0.564188993070275 0.0907688201405108
0.530062761157751 0.0656594783067703
0.555968979839236 0.0775808086618781
0.54761279374361 0.0594233823940158
0.621673237066716 0.0797784719616175
0.603343722876161 0.081395264249295
0.623609795235097 0.0826854077167809
0.655889996793121 0.0590243521146476
0.67857914371416 0.0483978735283017
0.686452684924006 0.0846995292231441
0.694227485917509 0.0430758339352906
0.704060174059123 0.0412496090866625
0.704198518767953 0.0271825916133821
0.659949158318341 0.0301413172855973
0.626833025831729 0.0320624872110784
0.609285451471806 0.0398782161064446
0.598498244769871 0.0324002914130688
0.572853507008404 0.0264039970934391
0.50180444214493 0.0259538241662085
0.485839597415179 0.00529273133724928
0.481857527047396 0.000130034051835537
0.537877603899688 0.0120309432968497
0.557020355481654 0.0245322361588478
0.576847207732499 0.0204974114894867
0.597460538614541 0.019260885193944
0.581593194510788 0.0137480399571359
0.607013296801597 0.0113481637090445
0.613716498017311 0.00934334797784686
0.769720480311662 0.032933363225311
0.806427628267556 0.0498674768023193
0.763924830593169 0.0377385155297816
0.780798777006567 0.0621764403767884
0.823035700712353 0.0459803636185825
0.824585629161447 0.042570489924401
0.811151371337473 0.0427372120320797
0.762810452841222 0.0244572800584137
0.815912144258618 0.0228706719353795
0.845196377485991 0.0420008995570242
0.854901361744851 0.0387755669653416
0.820589603390545 0.0173197383992374
0.896139452233911 0.00476530287414789
0.918000671546906 0.0141024016775191
0.923863891977817 0.0162589163519442
0.927580655552447 0.00705810636281967
0.903042675927281 0.00350513216108084
0.987056137993932 0.00500131957232952
0.989842164330184 0.00462878914549947
0.988457918167114 0.00643590046092868
0.988628920633346 0.00884307781234384
0.970581322908401 0.0297411405481398
0.948509472422302 0.0703999428078532
0.947454251348972 0.125831362325698
0.969187567010522 0.0791679732501507
0.972595400642604 0.121761592570692
0.972246240824461 0.129108822904527
0.987007553223521 0.114757631439716
0.988283101469278 0.0761256339028478
0.989231474231929 0.0569030810147524
0.996093384455889 0.0812944425269961
0.99192464677617 0.164745397865772
0.985361568629742 0.169903698842973
0.972580467816442 0.158636012580246
0.970826900098473 0.174623231869191
0.975727702025324 0.282418677583337
0.976786383893341 0.269427161663771
0.974584214854985 0.205461685545743
0.976957790087909 0.269752113614231
0.976603557821363 0.354234144091606
0.962521363981068 0.321691937278956
0.960371516644955 0.30487378500402
0.958145457785577 0.291812547016889
0.967290193773806 0.243994610849768
0.966474819462746 0.230266988277435
0.956627262290567 0.179816988296807
0.937556663528085 0.192451488226652
0.909645008388907 0.279238780029118
0.925674689933658 0.245924818329513
0.936539432033896 0.235506888013333
0.939757983665913 0.269688273780048
0.957163301296532 0.290955058764666
0.953851312398911 0.305556409060955
0.944085280410945 0.409231092315167
0.964914166834205 0.339099793694913
0.956695080269128 0.385654992889613
0.952463179826736 0.434220832772553
0.950249078683555 0.435146308038384
0.953358424827456 0.439059481024742
0.961563519667834 0.417488641571254
0.965327653102577 0.347979693673551
0.96678165346384 0.379552979022264
0.961396846454591 0.45437190355733
0.958354503381997 0.484341145958751
0.94907813007012 0.602706151083112
0.949372560717165 0.570152136031538
0.946210381109267 0.600047653540969
0.950570054817945 0.496895793359727
0.936612012796104 0.580622104927897
0.932808570563793 0.611068292986602
0.942055883351713 0.607814021874219
0.943000396247953 0.643212201073766
0.93815213534981 0.666223241947591
0.928119632415473 0.743246075231582
0.919124830048531 0.775017432402819
0.903166123665869 0.877695156261325
0.906140895094723 0.877375047188252
0.918867242056876 0.868048411328346
0.923714412841946 0.844518348108977
0.932597708422691 0.834754323586822
0.947476551868021 0.84804911352694
0.939027233049273 0.917462591547519
0.938347519841045 0.9227833179757
0.938255390617996 0.919547619763762
0.936658293940127 0.915082058403641
0.912006407510489 0.904614959843457
0.898054852616042 0.933401309419423
0.894153279718012 0.942717936355621
0.923016728833318 0.931940425653011
0.934397032018751 0.930392469279468
0.893744476139545 0.945568526629359
0.886951833497733 0.97090533003211
0.922982200048864 0.958651384804398
0.935374634340405 0.944577896036208
0.948141259606928 0.936118402052671
0.943724224343896 0.935288041364402
0.955967639107257 0.809329899027944
0.942226890008897 0.784711605403572
0.935212947893888 0.802870594430715
0.931144721806049 0.783230426255614
0.92663307627663 0.767723777331412
0.945745090022683 0.652583919931203
0.957475787494332 0.516854195389897
0.974702792242169 0.445322262588888
0.972328772302717 0.472087091766298
0.956221690867096 0.557148001156747
0.94723011367023 0.659284187946469
0.956522441003472 0.624956734478474
0.960827579256147 0.61902252305299
0.955262785311788 0.640682434197515
0.941645753569901 0.693948094267398
0.934566922020167 0.735509017948061
0.937413814477623 0.723725394811481
0.960583517793566 0.652746148407459
0.978980984073132 0.485855519305915
0.985433137975633 0.456941118929535
0.981928865425289 0.37130367429927
0.994940609671175 0.341528563760221
0.992691563908011 0.401074106339365
0.991424879990518 0.603548026178032
0.994756446685642 0.504279751796275
0.996680496726185 0.325597209390253
0.995774507522583 0.287428489420563
0.985867551062256 0.287180050741881
0.992933925706893 0.16472116112709
0.998565427493304 0.227220205590129
0.999258250463754 0.295806505251676
0.996004007291049 0.460185166448355
0.99686322780326 0.487760740797967
0.997254356741905 0.560263009276241
0.996589397545904 0.769377079792321
0.992253006901592 0.913345220033079
0.991180893033743 0.910321103408933
0.991654211189598 0.905229214113206
0.996681282762438 0.62059920700267
0.991123985033482 0.87816025968641
0.990445477422327 0.788688169326633
0.986380831338465 0.898351385723799
0.98741641221568 0.802005097270012
0.987588760443032 0.801419649273157
0.979295233264565 0.70498336199671
0.974538905546069 0.774712893180549
0.982091577723622 0.847698220983148
0.984931947663426 0.874435678590089
0.982467999216169 0.889768180437386
0.973922471050173 0.91569676110521
0.977820537984371 0.915688283275813
0.985659067519009 0.925448521971703
0.959757806267589 0.951525513082743
0.955433317925781 0.957886279560626
0.952374881133437 0.943296315614134
0.980618326924741 0.845574877224863
0.962569857016206 0.861786314286292
0.981083112768829 0.603672793600708
0.984161403495818 0.58179502049461
0.985007686074823 0.593446854967624
0.986811185255647 0.544359070714563
0.979236861690879 0.532593381591141
0.969351545441896 0.606887748464942
0.966780530754477 0.655868999660015
0.954936974216253 0.717714129947126
0.967786171939224 0.747661347035319
0.955821165349334 0.744921378791332
0.962210732512176 0.769267931580544
0.964067870751023 0.789690128993243
0.94627775484696 0.9693549470976
0.970965581014752 0.983247645199299
0.989559312816709 0.961839670781046
0.990994126535952 0.92035849718377
0.993180179502815 0.968012814875692
0.987467071041465 0.990474681835622
0.977155672386289 0.995294351596385
0.966156034730375 0.992305093444884
0.90755724767223 0.993074277415872
0.882851268164814 0.995918604545295
0.880302492994815 0.992986761499196
0.886665469966829 0.950263670645654
0.845910039264709 0.952065298799425
0.822191686369479 0.934778911527246
0.853168446570635 0.917347920592874
0.85612446628511 0.913141623605043
0.856679202988744 0.86889471905306
0.853455880191177 0.882051347754896
0.834802262019366 0.921453627757728
0.83324925461784 0.91162341972813
0.810782566200942 0.929404283873737
0.81457345187664 0.925701322499663
0.822168178856373 0.894640781916678
0.859793032053858 0.812850495334715
0.871079158037901 0.811748545151204
0.87192260613665 0.817754909861833
0.863359995186329 0.940600504633039
0.87656571669504 0.825483626220375
0.883414388168603 0.778719857335091
0.880736698396504 0.768863305449486
0.883875982370228 0.741655701305717
0.872388672083616 0.753046335652471
0.845022954512388 0.817091688979417
0.807812948245555 0.925959864165634
0.795484756585211 0.950375397689641
0.794601582922041 0.964144902303815
0.810352959204465 0.969223970547318
0.815206760074943 0.948824152350426
0.85061544040218 0.981380155310035
0.85626955749467 0.984396724496037
0.82503629848361 0.99609293974936
0.814988064579666 0.998909114859998
0.779202104080468 0.998858437873423
0.807236626278609 0.994580106344074
0.837759248446673 0.983534008264542
0.794549432583153 0.985750846099108
0.73392277630046 0.99757724814117
0.727752374485135 0.995981327723712
0.716081301216036 0.983936013653874
0.702359276823699 0.998701480682939
0.696188552770764 0.986305085010827
0.714471515268087 0.950355816632509
0.731715290807188 0.944822542369366
0.747358961030841 0.958581425715238
0.768392569385469 0.945687261875719
0.762684190645814 0.979727463796735
0.773621257394552 0.987172767519951
0.812135546002537 0.880076950415969
0.831038238480687 0.798691098112613
0.828288252465427 0.802170432638377
0.785670780111104 0.837944391183555
0.811329385265708 0.820833320729434
0.794019863475114 0.895716315601021
0.785794330295175 0.914960365742445
0.790515522006899 0.866887010168284
0.79288874194026 0.856507832650095
0.778126026969403 0.900523460004479
0.765574795659631 0.909659781958908
0.745712626725435 0.904385168105364
0.744297998491675 0.899398877751082
0.729148474056274 0.911845692899078
0.729428730905056 0.905747100245208
0.731627852655947 0.901993088889867
0.755435978062451 0.825050780549645
0.760608244687319 0.855225199367851
0.804200357291847 0.77422400470823
0.83213322609663 0.706580605357885
0.813639405183494 0.79633371392265
0.838044367264956 0.774916352238506
0.886316648218781 0.718479188624769
0.890187422279269 0.715641631279141
0.894264889415354 0.719594141002744
0.894183520693332 0.711493477225304
0.89849345292896 0.69905967079103
0.898573483340442 0.716151411645114
0.878932102117687 0.884001473896205
0.881718157790601 0.885975261218846
0.896012058481574 0.860672083683312
0.900453265756369 0.849375660996884
0.905171938706189 0.727093276567757
0.90918750828132 0.699670348316431
0.895723511464894 0.695574528537691
0.90379530377686 0.668842691928148
0.914615556132048 0.68300324305892
0.931702443398535 0.577124138362706
0.940886630211025 0.53871365590021
0.926725854631513 0.505914389155805
0.938690678216517 0.466702535748482
0.939879214856774 0.434828535187989
0.933608113322407 0.419100354425609
0.949453639332205 0.322423343081027
0.945526345167309 0.327303677331656
0.942484202794731 0.313750454224646
0.940267024096102 0.318572348449379
0.935079533606768 0.369499975349754
0.933766111265868 0.32369741378352
0.917617938481271 0.323510531336069
0.916299916803837 0.335486308671534
0.914422422181815 0.33540554670617
0.889305034186691 0.348844930529594
0.886471813544631 0.347579119727015
0.888131438754499 0.361809559632093
0.888303889892995 0.390250875148922
0.877379059791565 0.392268408555537
0.858481175731868 0.414803271181881
0.876565688755363 0.37147579761222
0.891926384530962 0.329457184299827
0.905851872172207 0.277003206312656
0.890195011626929 0.293303898535669
0.889643983915448 0.31482565542683
0.882487460039556 0.301895499229431
0.910234486218542 0.225414356216788
0.918754066340625 0.1939452807419
0.922845093533397 0.175167191773653
0.92755744792521 0.188877525739372
0.934576815925539 0.188140270765871
0.937910348176956 0.175487151835114
0.944737725425512 0.0365923596546054
0.959936360828578 0.0126848192885518
0.943660632707179 0.0045614093542099
0.940925444941968 0.0176883926615119
0.914430154953152 0.0319763338193297
0.906769331544638 0.0445514395833015
0.934665629640222 0.0661206394433975
0.932591790799052 0.0510218353010714
0.939858328085393 0.0753763937391341
0.938859577290714 0.0805663531646132
0.9397795451805 0.0942591428756714
0.928815369028598 0.0963457725010812
0.910851614549756 0.15416202088818
0.90509670227766 0.158427913673222
0.880697289481759 0.142343316692859
0.906477151438594 0.0981443468481302
0.9149354044348 0.101912075188011
0.923894636332989 0.0821025962941349
0.921347508206964 0.076113386079669
0.906507150735706 0.0652037793770432
0.90092382254079 0.0739826299250126
0.893343034666032 0.0812812172807753
0.863810787443072 0.0925917294807732
0.880992860067636 0.0449073198251426
0.878346675075591 0.0426532831043005
0.882321278098971 0.0377705646678805
0.84147160127759 0.0638940036296844
0.838487587403506 0.0681321234442294
0.814687354955822 0.0696833841502666
0.809230831917375 0.0681935637257993
0.781008603051305 0.0862367157824337
0.786533503327519 0.0976342358626425
0.777957213111222 0.0993549679405987
0.772278742864728 0.0905438452027738
0.78786768624559 0.0814774981699884
0.756528332363814 0.0732544199563563
0.749870026949793 0.0898326984606683
0.765712392982095 0.105149167589843
0.775663759093732 0.101332798134536
0.785675466060638 0.132112520281225
0.787444194313139 0.137846665922552
0.804493609815836 0.133105489425361
0.803156031761318 0.186528344638646
0.808235614094883 0.176223677583039
0.810361593030393 0.153090883046389
0.80443914514035 0.125845749862492
0.804363656323403 0.119360944721848
0.809382890351117 0.0728328856639564
0.855466424487531 0.0941777336411178
0.832026242744178 0.0945719904266298
0.820581096224487 0.164041558746248
0.870013333857059 0.102870066650212
0.860071055125445 0.122153468430042
0.898241333197802 0.0865907268598676
0.893116030376405 0.104248015210032
0.874064449220896 0.140855392906815
0.877823550254107 0.14376531727612
0.856382120866328 0.141461903229356
0.854171034414321 0.129102965816855
0.841277424246073 0.143977414816618
0.853517342824489 0.150787749327719
0.854200865142047 0.156848731450737
0.873558186925948 0.183331849053502
0.877576336730272 0.180523089598864
0.894429120700806 0.187856130301952
0.901710771024227 0.185619914438576
0.908423468470573 0.203016555868089
0.897304829210043 0.209882718510926
0.892930562142283 0.267562799621373
0.873188127763569 0.234054650645703
0.870046964846551 0.227159054018557
0.862671362236142 0.223860879428685
0.849208393599838 0.21534406254068
0.863811638671905 0.287335899658501
0.862984212581068 0.326471737585962
0.855424446053803 0.362796114757657
0.857688189018518 0.319688786286861
0.860241966787726 0.308788362424821
0.856363399885595 0.273388252127916
0.840885170269758 0.277202671393752
0.848418998531997 0.339518695138395
0.843360039405525 0.384461416862905
0.825546766165644 0.351663715206087
0.794084902852774 0.389304562937468
0.781283993273973 0.38552286894992
0.780890054069459 0.406205159146339
0.777999593876302 0.410675072111189
0.7605831916444 0.392263010144234
0.752347549423575 0.41904881130904
0.727808322291821 0.398332037031651
0.714719837531447 0.418415588792413
0.70301032345742 0.430608969647437
0.70194540778175 0.429001023061574
0.695333961397409 0.410963632632047
0.693912984803319 0.40413374081254
0.729242374189198 0.338570774532855
0.735450263135135 0.331180177628994
0.727886616252363 0.354063387028873
0.755904035642743 0.337847196962684
0.713305043522269 0.378738439641893
0.74017386790365 0.389020155183971
0.753417440224439 0.357925760094076
0.790689291898161 0.361490841023624
0.792047284543514 0.364410882815719
0.781346504576504 0.362093661446124
0.790416485164315 0.37284075981006
0.804986326489598 0.340554355178028
0.814442257396877 0.349064079113305
0.807978538330644 0.239501615986228
0.816347669344395 0.283077901229262
0.821629971731454 0.277472196612507
0.833167687989771 0.215928435791284
0.82708892179653 0.199640688020736
0.821665253024548 0.200497704558074
0.806437525898218 0.202193494420499
0.80025232071057 0.205567277502269
0.807732674758881 0.242875406052917
0.776869808789343 0.21598448837176
0.793302573729306 0.19129925314337
0.786393079441041 0.174089374020696
0.781974873039871 0.147423848044127
0.770466386340559 0.196691818535328
0.72070395713672 0.0583292841911316
0.742721877526492 0.0686733536422253
0.736294638831168 0.0494375885464251
0.70494876569137 0.0251320460811257
0.724025752861053 0.12033927673474
0.698019319213927 0.103587089572102
0.700817116070539 0.101835153996944
0.706286147702485 0.077051613945514
0.692435255274177 0.0914950780570507
0.681334321852773 0.121220951899886
0.668572301976383 0.125078068580478
0.698604485485703 0.121031052898616
0.745410518720746 0.17558883363381
0.733046050183475 0.169658888597041
0.720522965304554 0.160814207047224
0.744381625205278 0.209873921703547
0.755738626234233 0.204258497338742
0.757361060474068 0.23805633187294
0.765592291485518 0.270919151138514
0.754150400869548 0.281545508652925
0.740897602401674 0.292054811958224
0.74619498103857 0.296117227524519
0.770782058592886 0.301500328350812
0.787649936042726 0.278066243976355
0.769111105706543 0.219164780341089
0.81014446914196 0.31816608691588
0.801452323328704 0.331078445073217
0.790457589551806 0.295348701067269
