256
0.0543384747579694 0.19128068909049
0.0229679774492979 0.376947358716279
0.0143657685257494 0.195905121974647
0.0242277388460934 0.0930197048000991
0.0998538555577397 0.0806230609305203
0.112263387069106 0.0848884573206306
0.123605302534997 0.0922025870531797
0.169992501847446 0.0828338959254324
0.185039993841201 0.0780398338101804
0.208383932709694 0.0823279381729662
0.209720408543944 0.0362628404982388
0.226828526239842 0.0240686275064945
0.222452269401401 0.0192018025554717
0.409300307743251 0.0818825685419142
0.487495934590697 0.13038700632751
0.464859958272427 0.147833041381091
0.531751786824316 0.179920364636928
0.568689743056893 0.171543094329536
0.554690637160093 0.106726344674826
0.579010910354555 0.0829812702722847
0.632146960124373 0.120053831953555
0.644508552737534 0.127892505377531
0.624291304964572 0.201310963835567
0.67668545152992 0.198084632400423
0.752639700658619 0.180546415038407
0.701370854396373 0.168160517234355
0.716788216028363 0.128702274523675
0.586450556758791 0.0179053340107203
0.64525929838419 0.00511962873861194
0.728835732676089 0.0584332337602973
0.797333138529211 0.0138985509984195
0.911770668812096 0.120772091206163
0.92772940127179 0.0221607629209757
0.883502058684826 0.00745346117764711
0.957069188822061 0.00906942645087838
0.921982095111161 0.208864988293499
0.921504052355886 0.383293890859932
0.879908150061965 0.209541007876396
0.765783534385264 0.209566928911954
0.853500723373145 0.381948776077479
0.876935704145581 0.354904368054122
0.798973479773849 0.22558480873704
0.814621310681105 0.226698670070618
0.882282680366188 0.33420339692384
0.87877963995561 0.460108931642026
0.775853307917714 0.451425261329859
0.769861209206283 0.414177764672786
0.780957246664912 0.376587608363479
0.70733732637018 0.371314420364797
0.663225546013564 0.453751920722425
0.699560536537319 0.448988456279039
0.769062891602516 0.516398198436946
0.793436413630843 0.528530406299978
0.81386274844408 0.55790516640991
0.880365582183003 0.564619735814631
0.922100476454943 0.508156364317983
0.924389258492738 0.553321315441281
0.955361979082227 0.748189414385706
0.979835868347436 0.75410682708025
0.946964401751757 0.509362900163978
0.945819050073624 0.507829539943486
0.935560791287571 0.574826787691563
0.952026911545545 0.340657208114862
0.971267209853977 0.196569095365703
0.980381675064564 0.181808358989656
0.97552479384467 0.104469189420342
0.982711218763143 0.0760154263116419
0.976462540216744 0.0359112904407084
0.999820599332452 0.114198734518141
0.993122040759772 0.223443455062807
0.973994678352028 0.402573256753385
0.983216626569629 0.457596479449421
0.987754101864994 0.749320138245821
0.971009344328195 0.919831555336714
0.979572274722159 0.831962272990495
0.947528988588601 0.897028846200556
0.921073016710579 0.864377345889807
0.960348377935588 0.926580391358584
0.845713807269931 0.955292374826968
0.767740986309946 0.979426369536668
0.757142865099013 0.979266582988203
0.699544644448906 0.875912485644221
0.695049210451543 0.892906574998051
0.700951439794153 0.903980244882405
0.690220085904002 0.949535648338497
0.639517222996801 0.995524789672345
0.609115513041615 0.97678955970332
0.580492281354964 0.978297370951623
0.650034178979695 0.890950012020767
0.642877016682178 0.860939062666148
0.660159142687917 0.828366914298385
0.677010070066899 0.791296585462987
0.771388590801507 0.751966591458768
0.788304442539811 0.783930745907128
0.803304794710129 0.883609123528004
0.817398362327367 0.897689706180245
0.816528234165162 0.83649589587003
0.828738783020526 0.816723151598126
0.817231914959848 0.789095116313547
0.802025573793799 0.740948966704309
0.840338693466038 0.75626317737624
0.842336158268154 0.893593677319586
0.956198718398809 0.814568834379315
0.944314039312303 0.747182986233383
0.911937850993127 0.579646282829344
0.875123930163682 0.593579348176718
0.867685080505908 0.598112240899354
0.839244447648525 0.606109284330159
0.790808705147356 0.688327213283628
0.780457772314548 0.707263508345932
0.767472095321864 0.647501745261252
0.722479752264917 0.675069438759238
0.650199300609529 0.695879867300391
0.579134924337268 0.667476530186832
0.530153284780681 0.700746095739305
0.547647889237851 0.685160473454744
0.618635677732527 0.644985139369965
0.787541599012911 0.598131865728647
0.804158966522664 0.615775762591511
0.819278301205486 0.581317021977156
0.801006289198995 0.584571425337344
0.749531847424805 0.545729765668511
0.749262134544551 0.514862049836665
0.711034297011793 0.536229155957699
0.628243126440793 0.574473073706031
0.612116316799074 0.545154126361012
0.608601577579975 0.529976494144648
0.487763080280274 0.540671393275261
0.454532422591001 0.590184267610312
0.178996555507183 0.600127373822033
0.0899257310666144 0.607692790217698
0.139092809520662 0.636119797360152
0.212714944966137 0.701306550763547
0.310716042295098 0.634078569244593
0.411417042370886 0.667532351333648
0.536562330089509 0.571171890944242
0.525334265083075 0.589942570310086
0.495592962019145 0.71488194167614
0.480792550370097 0.722988384310156
0.451974337920547 0.728100458160043
0.283252292778343 0.829301464837044
0.281583662610501 0.823728202842176
0.197839598171413 0.872528082691133
0.20944731682539 0.901115659624338
0.280832696706057 0.83324397681281
0.276102537289262 0.862075943965465
0.324461600743234 0.824732596520334
0.419102392159402 0.795580291654915
0.610868129413575 0.769698380492628
0.591489783953875 0.762577891815454
0.478913811501116 0.762740844860673
0.50483986409381 0.754402327351272
0.606822748668492 0.727333187591285
0.609850597567856 0.761255969759077
0.741844474803656 0.73340887343511
0.641383464448154 0.770931937266141
0.597247283440083 0.80876340251416
0.628448847215623 0.888729543890804
0.467733362689614 0.968966224230826
0.464164555072784 0.987829627934843
0.467161460313946 0.998222417198122
0.326079537160695 0.988362596835941
0.386483951006085 0.952262144070119
0.526887979824096 0.910946027841419
0.579791591037065 0.832302866969258
0.408915712498128 0.932021418586373
0.431466545443982 0.880183292087168
0.479757242370397 0.829934239387512
0.354941013734788 0.850570286158472
0.343141814228147 0.821873572655022
0.299336347728968 0.896411647088826
0.202381770592183 0.94889274938032
0.291956154163927 0.903752624988556
0.334170951507986 0.911167458631098
0.325278718490154 0.966392680071294
0.00879032211378217 0.982659037224948
0.0772945382632315 0.802670211531222
0.117053267080337 0.840530892834067
0.127195472829044 0.816270065493882
0.20296572195366 0.791296789888293
0.249332212843001 0.759395475964993
0.318849340546876 0.767252567689866
0.392241972032934 0.693829865194857
0.375061770435423 0.687570506241173
0.315823049284518 0.696953740436584
0.232507496140897 0.752279518172145
0.18522229231894 0.749978016596287
0.155918096192181 0.727199234999716
0.0521878795698285 0.77018670970574
0.00775711284950376 0.80191252566874
0.0180349471047521 0.724709620699286
0.00744795287027955 0.635423555504531
0.00375519087538123 0.621034987736493
0.0891797430813313 0.67000874131918
0.146055458579212 0.680815254338086
0.0273994579911232 0.630610001739115
0.0624084253795445 0.59802979696542
0.0928689590655267 0.592561710160226
0.172228367067873 0.575853476300836
0.346129471436143 0.535153570119292
0.455974383279681 0.539711667224765
0.491681398823857 0.507523573935032
0.461066436488181 0.452191802207381
0.406306507531554 0.508608708623797
0.341881848406047 0.501741614658386
0.21916685346514 0.502219625748694
0.161157375667244 0.449280795641243
0.13833881681785 0.436583628412336
0.133271907456219 0.40685759531334
0.182400934863836 0.386828524526209
0.192445049993694 0.413775517605245
0.235517835710198 0.452824804000556
0.258893654216081 0.377485043834895
0.333291748072952 0.356332158204168
0.350578220561147 0.334446688182652
0.261058026924729 0.19279507547617
0.296419164165854 0.235159434378147
0.367150266189128 0.308346596546471
0.435527428984642 0.399548583664
0.491344111971557 0.375760925002396
0.536410760134459 0.41509671555832
0.544400151353329 0.429451989475638
0.572098284959793 0.468144755344838
0.65751794539392 0.388365924358368
0.644576332066208 0.348632649518549
0.612368112429976 0.294494909234345
0.628372706472874 0.36783210048452
0.592291514389217 0.275123370345682
0.629835889674723 0.229337704833597
0.588157195597887 0.22514673601836
0.491815351881087 0.177011085674167
0.566974592860788 0.264436105731875
0.55667547788471 0.2818031036295
0.512170513626188 0.260832211002707
0.580426963046193 0.293662286363542
0.477760611101985 0.323187711182982
0.381183970719576 0.234089672099799
0.436623269692063 0.187325420789421
0.468599980697036 0.183158503379673
0.405096416827291 0.154008944984525
0.381423163693398 0.144264205824584
0.355035465210676 0.155838354956359
0.281982504297048 0.111100615467876
0.204580491874367 0.0993808670900762
0.0895504718646407 0.131535467226058
0.0709409322589636 0.148155045229942
0.0442977109923959 0.157478001900017
0.257419100496918 0.146223329007626
0.298775892704725 0.19645731151104
0.206493736244738 0.163754775654525
0.225299349986017 0.221921454183757
0.210157044697553 0.354023999068886
0.127814329694957 0.23846592893824
0.150461575016379 0.334754023700953
0.0432704300619662 0.453893867321312
0.0576667352579534 0.375194089021534
