1024
0.025948716327548 0.0329069029539824
0.0503555345349014 0.0816314495168626
0.0389732248149812 0.0345850875601172
0.065536801237613 0.0360517217777669
0.0255273394286633 0.0173850595019758
0.104831334203482 0.0296839182265103
0.0692301583476365 0.0370756760239601
0.198691129684448 0.197897486388683
0.244411716703326 0.242103648837656
0.26840497367084 0.260829532053322
0.283914513885975 0.281083348672837
0.282116212882102 0.269267598167062
0.318653585854918 0.258683238178492
0.285403243731707 0.250414678826928
0.251641930546612 0.221203682478517
0.273419506382197 0.201135763898492
0.200350049417466 0.17574265319854
0.26040012948215 0.162533723283559
0.273735894821584 0.163004633970559
0.285783542785794 0.155748060904443
0.294195822440088 0.16707660863176
0.288401025347412 0.140724185854197
0.208441539667547 0.0909391199238598
0.186273696832359 0.107353782746941
0.149693987797946 0.0833210619166493
0.103317778557539 0.0668509243987501
0.106308386661112 0.0520761585794389
0.17349352594465 0.0506037818267941
0.189594191033393 0.0552444392815232
0.233844697009772 0.0749612161889672
0.241040448192507 0.0829373244196177
0.23429495561868 0.0711439121514559
0.317170733120292 0.0918837287463248
0.32858322141692 0.0866348519921303
0.292911315802485 0.0757841924205422
0.135473788715899 0.0302007640711963
0.194984360132366 0.0454718875698745
0.293919257353991 0.0738579072058201
0.257272193208337 0.0479062581434846
0.261525601614267 0.0335346278734505
0.110493517946452 0.0138532072305679
0.0169772608205676 0.00894320383667946
0.0598536808975041 0.00657765660434961
0.0692857410758734 0.0100895208306611
0.07253029756248 0.0038834735751152
0.138744345400482 0.0137717602774501
0.147946443874389 0.00291794305667281
0.223518405109644 0.0264309239573777
0.273738889023662 0.0197653160430491
0.440660184249282 0.0451238686218858
0.289768117014319 0.0151433786377311
0.392358880955726 0.0143543421290815
0.379656460136175 0.0180892031639814
0.384786484763026 0.0229920274578035
0.500989413820207 0.0434546889737248
0.521456706337631 0.0444194292649627
0.474175530485809 0.019503683783114
0.476725779939443 0.00507132289931178
0.512635251972824 0.0028423834592104
0.524422890972346 0.0303408871404827
0.545452453196049 0.0449611772783101
0.555607366841286 0.0653256755322218
0.551048381719738 0.0820982186123729
0.514717849902809 0.0599678605794907
0.453513604588807 0.0996566074900329
0.470764112658799 0.106746351812035
0.591528273653239 0.10802735388279
0.515582012478262 0.133403198327869
0.513619468081743 0.14101237943396
0.598683305084705 0.125799997709692
0.60187210701406 0.089154401794076
0.627581537235528 0.129446029197425
0.639566299039871 0.128710486926138
0.593994393013418 0.0658271834254265
0.562317298725247 0.0555063686333597
0.629009178839624 0.0653715720400214
0.648337757214904 0.071795700583607
0.622354161925614 0.0582648501731455
0.603434899821877 0.0476173725910485
0.591671109199524 0.0382248824462295
0.664247795939445 0.0425593089312315
0.708012068178505 0.0390633097849786
0.588637144770473 0.0316985677927732
0.675444953143597 0.0254641300998628
0.591501758433878 0.0297335227951407
0.600531284697354 0.0174622829072177
0.642723145894706 0.00690679857507348
0.660034696105868 0.00520987901836634
0.714756868313998 0.0126248556189239
0.71730839740485 0.00685923965647817
0.768046938814223 0.00872148387134075
0.816280900966376 0.0236915946006775
0.852491380181164 0.0374854947440326
0.847691415809095 0.0667895963415504
0.839959507808089 0.0631196028552949
0.805242273025215 0.0445910887792706
0.813926817383617 0.0883701290003955
0.80518654640764 0.0707201729528606
0.791894261725247 0.0330152027308941
0.790042069740593 0.110043583903462
0.726874471176416 0.0153776798397303
0.770747350528836 0.0861449879594147
0.766906898468733 0.0802392084151506
0.757871185429394 0.0697293919511139
0.70901062246412 0.0176418791525066
0.720764795318246 0.0373587398789823
0.658594152424484 0.0615494544617832
0.664666637778282 0.0787951899692416
0.659909951034933 0.124464295804501
0.642652911599725 0.175115993246436
0.619821713771671 0.150403440464288
0.610107787884772 0.149399990215898
0.537140878848732 0.157510560471565
0.478157707955688 0.1625139946118
0.483588907402009 0.176873134449124
0.595503370277584 0.174455402418971
0.605503873899579 0.164909926708788
0.577562773134559 0.196432816330343
0.635713906958699 0.200349843129516
0.655851592775434 0.273621212225407
0.692063196096569 0.298631130252033
0.703336011152714 0.334283843636513
0.693108435254544 0.343499892391264
0.694205856416374 0.332567585632205
0.674471539445221 0.329524132423103
0.586679045576602 0.290829944424331
0.603707123082131 0.27914799656719
0.620260833762586 0.249951255507767
0.60462600318715 0.23249175818637
0.644385504070669 0.238132775761187
0.609186009503901 0.227538670413196
0.576513660605997 0.222426465246826
0.550868207588792 0.2338867620565
0.482626199256629 0.252029520459473
0.478299152106047 0.250948906876147
0.482283930759877 0.242548896465451
0.417375802062452 0.140924843493849
0.440610614605248 0.113243994303048
0.388507798779756 0.107935323379934
0.334760303609073 0.0739350020885468
0.363866488914937 0.0733860512264073
0.484765079803765 0.0693435822613537
0.455417165067047 0.06607068143785
0.427575739100575 0.0640263096429408
0.410828862339258 0.0586565434932709
0.335736437235028 0.0423734048381448
0.314045009668916 0.0365773634985089
0.30977978091687 0.0412250091321766
0.316372792236507 0.0620744428597391
0.323579747229815 0.0703415544703603
0.33696745056659 0.089080348610878
0.337967235594988 0.0908038369379938
0.372495962306857 0.11815317440778
0.377250703517348 0.111351638566703
0.394352822098881 0.129218096844852
0.444544101599604 0.202168948017061
0.473348410334438 0.27409677579999
0.546615954022855 0.285670044831932
0.549578834325075 0.286587728187442
0.530909222085029 0.303489267360419
0.489385175984353 0.33223167899996
0.488654575310647 0.338216678239405
0.49960851855576 0.32983357552439
0.524872214067727 0.32225971436128
0.559949625749141 0.301175623200834
0.596995051950216 0.310855957679451
0.579311473295093 0.324116766918451
0.54537512594834 0.324619536288083
0.511224210262299 0.343180710449815
0.542407484725118 0.350100842304528
0.569974181242287 0.369156558997929
0.54794635809958 0.37225937191397
0.493912227917463 0.425620005931705
0.450283962767571 0.434846534393728
0.40482248691842 0.433615099173039
0.482295006513596 0.397682677023113
0.46431747963652 0.405809636693448
0.403595404699445 0.409855828154832
0.391405971255153 0.415973037481308
0.374639921821654 0.438840784598142
0.375940894708037 0.439910525921732
0.374007484875619 0.457461552228779
0.405985268764198 0.449943249579519
0.452891155146062 0.459944182541221
0.412519564386457 0.479623081162572
0.406265390571207 0.476902835536748
0.339148974511772 0.446863560471684
0.331218469422311 0.473051435314119
0.316558566410094 0.493448255583644
0.283467969857156 0.512146982830018
0.234425171278417 0.571061533875763
0.271856200881302 0.5546072605066
0.263319129589945 0.54644595598802
0.302748105488718 0.534174877218902
0.281384172383696 0.545816658530384
0.257648192346096 0.592298389412463
0.202512177173048 0.613664688076824
0.176510960794985 0.646204519551247
0.170817737467587 0.647842545993626
0.165406964253634 0.66300860978663
0.200371864251792 0.636600916273892
0.175736598670483 0.669854041654617
0.204547967296094 0.648249657824636
0.229757665190846 0.630687641911209
0.223753863945603 0.617421174887568
0.310865466482937 0.573253323789686
0.275720843113959 0.598248821217567
0.242375099565834 0.615318862255663
0.269574494566768 0.618179974146187
0.20494621200487 0.670169240795076
0.199626290705055 0.688136174343526
0.117151879239827 0.763023424893618
0.204845099709928 0.706949474755675
0.239054632838815 0.673150976188481
0.263054197188467 0.656389208976179
0.300116806291044 0.618432224262506
0.295245985966176 0.656151222530752
0.275479121599346 0.684639323037118
0.268061413429677 0.697995723225176
0.238079390954226 0.713857996743172
0.19740607496351 0.729798593558371
0.252748436760157 0.768077521584928
0.2868427997455 0.758960780221969
0.353691461496055 0.731577607803047
0.383103055879474 0.703920122701675
0.385418366640806 0.677170879207551
0.404113657772541 0.687277256976813
0.391343201976269 0.707074383273721
0.354795718565583 0.757588623091578
0.327180861961097 0.782640255521983
0.265760996378958 0.777756497263908
0.217597272712737 0.798533128574491
0.176040252204984 0.798067374620587
0.12268251972273 0.813076809979975
0.0760493646375835 0.812200591433793
0.104836570098996 0.804874007124454
0.112738186027855 0.806448670104146
0.168206243310124 0.776244688313454
0.156851027160883 0.763475608546287
0.161823557224125 0.756265923380852
0.120012589730322 0.785014728549868
0.095732219517231 0.794471872039139
0.0949477856047451 0.794318574480712
0.0535931698977947 0.81656417902559
0.0613396517001092 0.817238382995129
0.128349578939378 0.845810661558062
0.167022074572742 0.838637781795114
0.221109753940254 0.873780498281121
0.227201194036752 0.869091148488224
0.2181765451096 0.849073985591531
0.193805568385869 0.837060099001974
0.276495950762182 0.783809776417911
0.288087530061603 0.781262677162886
0.309908014256507 0.79524549189955
0.357936263550073 0.782157906331122
0.381781414616853 0.77897299034521
0.399305241648108 0.762072222307324
0.441437167581171 0.740591931622475
0.490258184727281 0.691008822526783
0.473859672900289 0.672157203778625
0.48819428216666 0.662332342471927
0.534467862453312 0.640285865403712
0.579706635791808 0.584583436138928
0.583988358266652 0.556507923640311
0.577821261249483 0.553146057762206
0.576381776947528 0.513007703237236
0.540832854807377 0.565937214996666
0.544483254197985 0.587393177673221
0.490058471914381 0.637200130615383
0.459645711816847 0.668523585423827
0.431824503000826 0.685517190955579
0.491946347989142 0.582695018965751
0.458881583996117 0.584320760332048
0.427929653786123 0.600098891183734
0.417071125470102 0.515856796875596
0.402907264884561 0.500038490165025
0.356189780402929 0.563082914799452
0.395083262119442 0.610745557583869
0.403185015078634 0.62154362956062
0.415058776736259 0.632326959166676
0.389570472761989 0.652677550446242
0.430279928725213 0.636668171733618
0.434422954451293 0.661282110959291
0.375146136153489 0.663053805939853
0.345091192983091 0.691052196081728
0.306427425239235 0.712279591709375
0.259048840496689 0.727960570249707
0.325860667973757 0.681696370709687
0.365529177710414 0.605211975984275
0.367145328782499 0.57969034044072
0.360319073311985 0.575938553083688
0.325284733902663 0.602178164292127
0.345197055488825 0.587943544611335
0.337751097045839 0.602642240934074
0.353819286450744 0.61654590908438
0.333359736949205 0.630835114046931
0.316214308608323 0.60398633312434
0.329887786414474 0.595138759817928
0.315109342802316 0.592076868284494
0.378913194872439 0.513021525926888
0.384851843118668 0.501599168870598
0.322100096847862 0.512777553405613
0.361341238021851 0.501336321700364
0.377575543709099 0.478970604017377
0.389610631857067 0.480059020686895
0.389943448826671 0.484132829122245
0.411397246643901 0.493836156092584
0.479894338641316 0.530332515016198
0.487309733871371 0.538796560838819
0.488201964646578 0.564631260931492
0.510451615788043 0.54032392334193
0.511328318621963 0.517657540272921
0.504639032762498 0.508382915519178
0.466943113133311 0.505378861445934
0.44861600920558 0.481911992654204
0.517355996649712 0.415517708752304
0.559394580777735 0.377620979212224
0.572054410818964 0.390684489626437
0.557458460330963 0.4269415945746
0.486263840459287 0.497590029146522
0.536855366080999 0.517642669845372
0.541616490576416 0.491290557663888
0.538578285835683 0.520967321936041
0.529183578211814 0.52642522379756
0.52392078563571 0.529531123582274
0.521705504041165 0.539241888560355
0.542371522635221 0.551012131851166
0.54255970614031 0.486062775366008
0.5929642515257 0.4261613371782
0.596665028948337 0.374783431179821
0.612974494230002 0.376433167606592
0.66257038153708 0.333471821155399
0.615736698266119 0.483036206103861
0.645974667742848 0.475511568598449
0.637441944796592 0.495262607466429
0.61671352526173 0.523310707882047
0.621258140075952 0.530784042086452
0.597749511245638 0.575964560732245
0.576827282086015 0.608355460222811
0.567971536424011 0.613875143229961
0.559820013586432 0.625865966081619
0.466262974310666 0.733734869863838
0.417441870085895 0.781226877123117
0.390385183505714 0.795148244127631
0.405213687568903 0.807513862848282
0.387031472753733 0.831932732835412
0.351822927594185 0.839481244795024
0.341279866173863 0.898181316442788
0.274710139259696 0.920363314915448
0.210784073919058 0.951055847108364
0.317769551184028 0.942470144014806
0.305152836255729 0.939732952509075
0.304043570533395 0.932442705146968
0.328778529074043 0.943339935038239
0.358868130482733 0.922636035364121
0.35512415273115 0.942140059545636
0.370306564494967 0.958430513739586
0.380815050564706 0.962287752889097
0.43958013644442 0.955132962670177
0.529195910785347 0.944116125348955
0.469504242297262 0.934229224920273
0.433530899230391 0.936848734039813
0.478604227304459 0.871855810750276
0.456578944809735 0.873935938347131
0.446034942753613 0.882150911726058
0.363837499171495 0.899618436116725
0.418571524787694 0.854193766135722
0.384373993147165 0.852962437085807
0.389528282918036 0.851952214259654
0.4723791773431 0.744694625493139
0.563560020644218 0.63762671360746
0.537104242946953 0.671541620977223
0.548957179300487 0.676813761238009
0.513718931470066 0.707427477929741
0.485188067890704 0.738823703955859
0.502417021431029 0.768016124609858
0.442459668964148 0.842219835147262
0.487260370515287 0.854400780517608
0.502166692167521 0.89132882328704
0.518117191269994 0.889900046400726
0.502556772436947 0.917610701639205
0.517746157944202 0.924177455715835
0.599253160413355 0.902127266861498
0.593885898124427 0.901765644550323
0.583101550582796 0.900970731861889
0.569107705261558 0.893400861881673
0.528696874622256 0.917214872781187
0.566306592430919 0.882111064624041
0.54106191219762 0.876373935025185
0.553076600655913 0.816132566891611
0.626560067757964 0.754011540208012
0.674910902511328 0.714688806328923
0.692294819746166 0.711866017431021
0.710216170642525 0.602618140168488
0.7461775271222 0.638524570968002
0.740008438937366 0.670364150777459
0.74125940958038 0.681671991944313
0.736384617164731 0.690056829247624
0.726589382160455 0.711677331943065
0.721805451437831 0.751430563628674
0.679064592346549 0.744069977197796
0.644923438783735 0.79554389603436
0.655248337890953 0.814443839713931
0.575873930007219 0.826571984216571
0.576805802993476 0.830113803967834
0.581972676794976 0.832027761265635
0.573826976120472 0.864608007948846
0.590132201090455 0.856283381115645
0.585756987333298 0.879191243555397
0.646267122589052 0.835200911387801
0.700146350078285 0.80723866308108
0.668767943512648 0.845944441389292
0.635897971689701 0.846426540054381
0.617508549243212 0.863327961880714
0.593391223810613 0.876792919356376
0.607973500154912 0.90706552984193
0.607759410515428 0.910868756007403
0.683008270803839 0.850967599544674
0.732712804339826 0.786614805459976
0.7313645305112 0.810932584572583
0.730389680713415 0.857619296293706
0.75773186609149 0.862436975352466
0.767633358482271 0.857997006736696
0.788694202434272 0.771309315692633
0.770068843849003 0.754977209959179
0.763645213097334 0.759309750515968
0.766122497152537 0.762201819103211
0.75351912714541 0.772466860711575
0.73169599333778 0.754782609641552
0.752392165362835 0.746139070484787
0.749859103001654 0.756872379686683
0.75242398167029 0.748387195635587
0.787700362037867 0.674798312596977
0.810707478318363 0.653811554890126
0.832109320443124 0.601212570443749
0.814337210729718 0.607433881610632
0.827610181644559 0.544774787034839
0.838227626401931 0.547587950248271
0.849876848980784 0.585667782463133
0.841939494945109 0.609940711408854
0.871649580541998 0.560802231077105
0.892558864317834 0.600791127420962
0.904058955609798 0.642423750832677
0.901324728038162 0.609991585835814
0.905820909421891 0.585272908676416
0.891415737103671 0.584989929571748
0.842930444981903 0.496912247035652
0.828529054298997 0.500967154279351
0.770053399726748 0.696402451489121
0.786541547626257 0.635161151178181
0.82031314400956 0.51767476927489
0.784225289244205 0.531546352431178
0.788176709320396 0.589681213721633
0.786012157332152 0.632428648415953
0.772421374451369 0.629281141329557
0.740577522199601 0.706915982998908
0.756741158198565 0.62210702849552
0.73906177515164 0.604707835242152
0.772414359729737 0.517180059105158
0.762987515423447 0.477168021723628
0.740556927863508 0.492062051780522
0.73023752309382 0.529702210333198
0.71902682678774 0.565010613296181
0.691599450074136 0.67118675308302
0.696560212876648 0.63580674584955
0.652377649676055 0.68214615015313
0.612254302948713 0.690912729594857
0.609662910923362 0.693350663408637
0.614758525509387 0.704774523619562
0.559429682325572 0.764638022053987
0.56249890755862 0.762256681453437
0.533819941338152 0.820333227980882
0.495402259286493 0.847086922731251
0.50192458787933 0.84225364215672
0.53853374812752 0.785289699677378
0.566619050689042 0.692445389926434
0.567086872179061 0.700728874653578
0.557244474068284 0.741589027922601
0.599943189416081 0.692121533211321
0.609873738139868 0.680144540965557
0.594874125439674 0.680695408023894
0.652044116985053 0.620695679914206
0.616267502773553 0.644070954993367
0.597658232785761 0.67279855767265
0.650578966364264 0.569289171136916
0.690518292598426 0.572302815038711
0.702135956846178 0.589027007576078
0.707194790244102 0.531235214788467
0.728485016152263 0.477104646619409
0.679007544647902 0.500104149803519
0.688231723383069 0.551797344814986
0.687204698100686 0.550688843242824
0.665988239459693 0.55112319951877
0.643005266785622 0.565411326475441
0.610386406537145 0.61717632599175
0.701905307359993 0.363726046402007
0.706993941683322 0.375459136907011
0.701161312870681 0.409118504729122
0.705093072261661 0.454098072834313
0.720691044814885 0.463594521395862
0.737834868486971 0.437613194342703
0.749484757427126 0.405909013468772
0.744927672669291 0.420096916146576
0.767210618127137 0.466920957434922
0.76531140320003 0.454079873394221
0.773230142891407 0.451532932464033
0.778919285628945 0.467368288896978
0.796588189899921 0.48577781394124
0.796866509132087 0.486929555889219
0.822087686508894 0.476278687361628
0.785987922456115 0.39065847126767
0.723991118371487 0.3843001909554
0.764770145062357 0.341015922836959
0.784424910321832 0.362725846935064
0.781957864295691 0.351079726591706
0.792689174413681 0.276892811059952
0.79019192000851 0.247196101117879
0.816510959994048 0.262670561205596
0.843711666297168 0.173015594016761
0.801058294251561 0.1827755975537
0.787111843004823 0.190659421961755
0.755982354748994 0.172976820729673
0.754961716942489 0.194793615024537
0.724252389278263 0.165273754391819
0.737423108424991 0.221914027351886
0.745889006648213 0.23502652766183
0.764513685833663 0.288704991340637
0.746613791678101 0.330420938786119
0.751725241076201 0.339133652858436
0.73808608436957 0.322317194659263
0.745680124498904 0.274901492986828
0.734061010647565 0.250153674278408
0.728846475481987 0.266656551510096
0.70171303069219 0.241615102626383
0.689483913592994 0.258321523666382
0.696820107288659 0.23202031571418
0.694732663687319 0.214789365418255
0.722159583121538 0.195153861772269
0.697290965355933 0.171205685008317
0.706070869229734 0.152273499406874
0.693258509971201 0.140062334947288
0.675240563694388 0.131318697705865
0.716866556555033 0.102618163451552
0.676062267273664 0.109784143976867
0.673238176852465 0.108841278124601
0.692130171693861 0.0929515310563147
0.684901927597821 0.090742367785424
0.755037521477789 0.082174024078995
0.775121955666691 0.0951216276735067
0.768190011847764 0.105069840792567
0.743942469824106 0.118965395726264
0.736612453591079 0.136522174347192
0.756092682480812 0.169747120235115
0.771201818715781 0.14632568648085
0.782319991383702 0.158794581890106
0.825381794478744 0.141719155013561
0.826143895741552 0.137558891903609
0.844102005939931 0.156657609157264
0.856325950473547 0.252744764089584
0.819534298032522 0.33757496625185
0.86206121230498 0.281168091110885
0.847389350179583 0.333935900591314
0.809799040667713 0.393478295765817
0.815387488342822 0.444382923655212
0.831775235012174 0.415816514287144
0.822981329634786 0.445172255393118
0.850696593988687 0.359322608914226
0.856241865549237 0.422572622075677
0.850693352054805 0.467749147675931
0.822537194471806 0.459820438642055
0.845735219307244 0.48088716249913
0.854333010967821 0.488221815321594
0.875664707738906 0.496370303910226
0.879829382989556 0.504411526955664
0.854283864609897 0.367776283528656
0.876237597316504 0.364899087697268
0.879198583774269 0.371679059695452
0.881597020663321 0.406088764313608
0.881185542326421 0.448039217386395
0.903406792320311 0.466454138047993
0.889518409501761 0.290003579575568
0.889940911438316 0.315440266858786
0.889876287430525 0.339646068867296
0.87080391170457 0.265500552020967
0.876713102217764 0.273481147363782
0.860565997194499 0.217633096501231
0.844733668025583 0.153659954667091
0.843354125507176 0.147198012564331
0.821124133188277 0.0949904154986143
0.83574150595814 0.0751421637833118
0.838577327784151 0.112379117868841
0.851027638185769 0.111884543672204
0.866267572622746 0.199005571659654
0.898396492935717 0.235959187150002
0.899860067758709 0.242780244909227
0.901028905529529 0.234767667483538
0.893746661487967 0.196550428401679
0.902664091438055 0.224959298036993
0.916911521460861 0.294136860407889
0.924067890737206 0.304443047847599
0.925373163074255 0.286349892616272
0.924274314660579 0.28040361078456
0.944623048882931 0.292812110390514
0.955142773222178 0.255987002048641
0.962090297602117 0.303665930405259
0.97135435976088 0.244563544169068
0.963872634805739 0.140705157071352
0.947895019315183 0.194173872470856
0.890102470759302 0.0942340437322855
0.891283766832203 0.136371878907084
0.90117466961965 0.164081370458007
0.885796155780554 0.171770254150033
0.879177167546004 0.13769856793806
0.887147723231465 0.154176932759583
0.870779374614358 0.112125611398369
0.865454414393753 0.108271185774356
0.859144252259284 0.111836139578372
0.848613051231951 0.0943323052488267
0.85805614804849 0.100010913331062
0.857456873636693 0.0450974907726049
0.870277949608862 0.027997964527458
0.923965057358146 0.124011169653386
0.949352901894599 0.175594337750226
0.959744478575885 0.0942689841613173
0.952395133674145 0.0739372591488063
0.939025659114122 0.107318491209298
0.928805420640856 0.0799356428906322
0.917928389273584 0.0550603312440217
0.914668774232268 0.0485023809596896
0.880377599038184 0.0287870676256716
0.848095467314124 0.0154478615149856
0.900551128201187 0.0186635674908757
0.913837577681988 0.0107518322765827
0.965022144839168 0.0246769366785884
0.991742702201009 0.0208910782821476
0.999502962455153 0.060982508584857
0.996006002184004 0.183544419240206
0.996284008026123 0.209561483003199
0.996598268859088 0.488568929024041
0.995338237844408 0.170883097220212
0.988973739556968 0.287020559422672
0.987111154943705 0.485430425498635
0.976283010561019 0.385078414343297
0.985316231381148 0.159925865475088
0.98104280885309 0.219041734933853
0.972831504885107 0.12795003503561
0.971191080287099 0.339314000681043
0.972914902027696 0.369062334299088
0.987803978845477 0.638699313625693
0.990891483146697 0.659195101354271
0.974881052039564 0.708271470386535
0.967150106094778 0.663804689887911
0.97260729316622 0.524806525092572
0.969777568243444 0.443424083758146
0.961214249953628 0.37915047025308
0.958703593350947 0.380098202265799
0.943406290840358 0.296679283492267
0.941911453381181 0.324368615169078
0.937554939649999 0.390100355260074
0.949235005304217 0.439177876338363
0.963496632408351 0.478331232909113
0.945675247814506 0.532523457426578
0.966954708565027 0.714552592486143
0.948350426275283 0.689338595606387
0.94909814093262 0.700207696761936
0.93771657301113 0.700349669903517
0.942537649068981 0.56581166619435
0.940753228031099 0.508883468806744
0.908374713733792 0.509317406918854
0.923499752301723 0.515354757662863
0.92867571208626 0.6537931044586
0.928974611219019 0.687060609459877
0.925223442260176 0.784109625034034
0.919036074541509 0.812252487055957
0.920028779655695 0.888044664636254
0.945000838022679 0.797690155915916
0.958908414468169 0.755158407613635
0.973159161861986 0.831953188404441
0.981548855546862 0.840486608911306
0.977649175561965 0.831405981443822
0.984185489825904 0.805383040569723
0.99418235803023 0.791203000582755
0.988805280998349 0.812623220961541
0.996248216368258 0.812545104883611
0.993806080427021 0.861927181947976
0.993260280229151 0.877078082878143
0.994641649071127 0.949767413083464
0.971857578493655 0.844353698659688
0.944313541520387 0.89618062460795
0.93299561785534 0.907581563107669
0.924253634177148 0.929776626639068
0.914586864411831 0.942464196123183
0.892666096799076 0.938886916730553
0.865998311899602 0.861396890599281
0.906895271036774 0.805670358240604
0.907606916036457 0.702912562992424
0.923027391545475 0.684155680239201
0.904467274434865 0.679948191158473
0.897358458954841 0.712631731759757
0.889592636842281 0.720036564394832
0.894143966026604 0.678671951405704
0.86689873598516 0.67361663421616
0.880108114331961 0.636443611700088
0.854659091215581 0.596974671352655
0.809954030439258 0.668802006635815
0.785503826569766 0.706118714995682
0.775829872582108 0.717647229786962
0.83908847020939 0.685786521993577
0.837477329652756 0.679066836833954
0.82930753659457 0.646393943112344
0.852611354086548 0.675786774139851
0.848470328375697 0.685892642941326
0.844024822581559 0.704636177513748
0.857213664799929 0.765370090957731
0.830220531206578 0.770514586474746
0.84687271155417 0.780459662899375
0.855122970882803 0.848697528243065
0.86031456803903 0.812979169655591
0.854303092230111 0.864342321176082
0.843911163043231 0.822958771605045
0.819342139642686 0.799815910868347
0.780219561420381 0.829314661212265
0.780593067873269 0.886258967686445
0.827880614437163 0.865186957642436
0.881675080396235 0.915115832351148
0.873292444739491 0.919378655031323
0.796284594107419 0.926113088149577
0.826105457730591 0.944840651005507
0.770688109565526 0.950951628852636
0.913516195956618 0.952902316581458
0.777141428552568 0.956340203993022
0.672565564978868 0.975211249664426
0.929328742902726 0.965250670909882
0.933405192568898 0.953791859559715
0.94679704727605 0.923626859672368
0.97596338391304 0.892930202186108
0.950257652439177 0.942940315697342
0.951524732168764 0.975633049383759
0.827687646262348 0.984133960213512
0.625732346903533 0.987103807739913
0.647942940704525 0.941584399435669
0.64008277002722 0.929312774445862
0.722858040127903 0.931522224098444
0.748213942628354 0.937395557295531
0.757613976951689 0.930313346907496
0.701764558441937 0.898495936300606
0.692978993523866 0.865056465379894
0.678492904175073 0.884354908950627
0.664455567020923 0.878211241215467
0.680288618896157 0.919747401028872
0.59481761045754 0.915491320658475
0.594972148071975 0.955066842027009
0.520635437220335 0.949718060903251
0.467867760919034 0.963923753239214
0.485221891198307 0.984061561524868
0.498439040500671 0.96937704551965
0.553753746207803 0.983330363407731
0.526793286204338 0.990360996685922
0.510978854261339 0.988285382278264
0.409724249970168 0.986873359885067
0.344354544300586 0.995042925234884
0.27254340518266 0.975879591889679
0.21995717799291 0.988704365678132
0.199056355748326 0.999580396339297
0.20422709081322 0.963713844772428
0.116549836937338 0.981143039185554
0.108513641171157 0.95939346216619
0.0543384221382439 0.96429868042469
0.0514500280842185 0.958471542224288
0.0359020465984941 0.929022608324885
0.105258545372635 0.923647979274392
0.106005727313459 0.916106724645942
0.116063008084893 0.91213961225003
0.146053324919194 0.920311073306948
0.106822575908154 0.904720743652433
0.182995197363198 0.902293379418552
0.166036996524781 0.933625649195164
0.209680838510394 0.928304544184357
0.225631918292493 0.917415075004101
0.332975271623582 0.874576893635094
0.329143051989377 0.865901018492877
0.318173035979271 0.865973231848329
0.300005297642201 0.880802536848933
0.312286359723657 0.86085478682071
0.380841027479619 0.797563332132995
0.334890476427972 0.801261836197227
0.299107116647065 0.811717583332211
0.289609046652913 0.815621231682599
0.285339638125151 0.848799858707935
0.311991536058486 0.836207724176347
0.335394452326 0.819091701880097
0.337416880298406 0.828506351914257
0.316210264805704 0.836719148792326
0.225497788283974 0.891452871263027
0.201359593309462 0.890923529397696
0.19408205896616 0.888579022139311
0.102797204628587 0.904273828025907
0.0975517039187253 0.89400874869898
0.115725405979902 0.876975867897272
0.0896008261479437 0.837771307211369
0.0808194340206683 0.839905993547291
0.0438480488955975 0.889004316180944
0.0258990973234177 0.908802193589509
0.00885168090462685 0.936713070143014
0.00752707105129957 0.847029887605458
0.00476871663704515 0.839938163291663
0.0142623255960643 0.839064947329462
0.0375093487091362 0.824517118278891
0.0454171458259225 0.815936154220253
0.0883315615355968 0.779752581380308
0.0843319366686046 0.762768947519362
0.0516787702217698 0.784461143892258
0.00132723990827799 0.832133016549051
0.00845971424132586 0.778400213457644
0.00172874191775918 0.798496898729354
0.0030063446611166 0.735595156438649
0.00901418505236506 0.759690026286989
0.0743201305158436 0.711948154028505
0.060988996643573 0.749257702380419
0.0847024638205767 0.718012540601194
0.0958247808739543 0.720502089709044
0.1195656536147 0.706737344153225
0.123694036155939 0.657951133325696
0.184000841807574 0.614907339215279
0.1971077574417 0.607978397514671
0.204262846615165 0.608612663578242
0.229088658466935 0.568536246195436
0.239573020022362 0.549494560342282
0.297283408697695 0.474234808702022
0.294416246935725 0.460223309695721
0.364831109531224 0.38018511235714
0.385889754630625 0.373865390196443
0.463142298161983 0.379703538957983
0.48740230454132 0.378373011481017
0.435805605724454 0.375202090945095
0.487276433035731 0.347190123051405
0.463174917735159 0.339272696059197
0.464481696020812 0.280640670564026
0.405015713069588 0.19017715472728
0.381692962255329 0.163738870527595
0.353400733787566 0.135091110132635
0.331083563156426 0.108659873250872
0.388339804951102 0.187627946492285
0.386012632399797 0.220176300033927
0.366872361395508 0.177318240050226
0.361406972166151 0.159125039819628
0.300758404657245 0.124905248638242
0.303291559685022 0.110789846628904
0.241937305778265 0.104407547507435
0.273115389049053 0.121643494348973
0.306578651070595 0.136097952257842
0.319171604234725 0.149670123122633
0.337255585938692 0.173843631986529
0.352829048875719 0.212387616280466
0.358898969367146 0.227667100727558
0.331102530006319 0.211375701241195
0.308047838974744 0.208050834015012
0.325253561139107 0.22795957326889
0.342658895999193 0.268575477879494
0.354618519544601 0.266416556667536
0.396305746864527 0.267238058615476
0.388839708641171 0.244311658199877
0.430800591595471 0.264795685186982
0.443597343284637 0.249635118525475
0.447839916218072 0.268524358049035
0.38444292312488 0.313493340741843
0.443543180357665 0.280003322754055
0.460029682610184 0.278213006444275
0.37328527122736 0.322756739798933
0.414850044995546 0.333200262859464
0.438493591267616 0.349752892740071
0.411909563932568 0.347427612636238
0.412492780480534 0.35674189357087
0.353053150232881 0.377261443529278
0.322398602031171 0.369407905265689
0.342192601878196 0.354735709261149
0.340697632636875 0.351130154915154
0.328577674925327 0.330437927041203
0.324197909329087 0.336384374648333
0.287045234348625 0.32527268724516
0.291823672596365 0.338647135533392
0.277028826065361 0.361586784478277
0.268214447889477 0.381268319208175
0.317952647339553 0.369582885410637
0.280793678015471 0.384831797797233
0.242787329945713 0.375846115872264
0.261959099210799 0.362940540071577
0.204053128138185 0.339818319305778
0.211422922555357 0.32919543562457
0.217731030657887 0.300894129090011
0.188310023397207 0.314402545802295
0.164166241884232 0.326327460352331
0.196782905608416 0.356134408619255
0.227023765910417 0.374570673331618
0.233775942586362 0.408360004425049
0.246040894649923 0.414577917661518
0.293473919853568 0.41433637496084
0.276475956663489 0.451961325481534
0.267783829011023 0.503070668783039
0.26742683397606 0.503459476400167
0.261379594914615 0.511509121395648
0.15310993604362 0.560678728856146
0.161585222464055 0.587824631016701
0.150830495171249 0.566498652100563
0.080867410171777 0.552567110862583
0.125684479251504 0.556887856218964
0.179261566605419 0.50654607033357
0.195806870236993 0.491512720938772
0.247054773848504 0.485359581187367
0.213691553566605 0.457896971143782
0.198700847569853 0.486936578527093
0.194503512699157 0.486444762442261
0.191271504852921 0.483226245734841
0.114223032724112 0.467426929622889
0.169320311397314 0.45460310112685
0.190083372406662 0.448595811147243
0.142973394598812 0.446680148597807
0.198722566477954 0.430164864752442
0.213803553488106 0.452516101300716
0.220321733038872 0.414976838510484
0.207656822167337 0.38839726569131
0.188494419213384 0.387112415861338
0.160021330695599 0.403061951044947
0.108645704109222 0.378865160513669
0.097200645133853 0.329682607203722
0.14511969871819 0.332598052918911
0.0512286890298128 0.286701691802591
0.101556641981006 0.422204844187945
0.0952293686568737 0.426791179459542
0.0895149810239673 0.423412456177175
0.0926458244211972 0.431987330783159
0.105902938637882 0.452683330513537
0.0833483207970858 0.468611824326217
0.0765951843932271 0.528598068282008
0.0768291698768735 0.528214660007507
0.0963626368902624 0.508477678522468
0.125694466754794 0.484040485695004
0.052844769321382 0.556546048726887
0.0297860177233815 0.580721840262413
0.0947317448444664 0.572045374661684
0.104269257746637 0.581127716694027
0.115211465395987 0.595663340762258
0.120953155681491 0.591404556762427
0.141886569559574 0.600705322809517
0.119514597114176 0.657452443148941
0.0708985067903996 0.673867848236114
0.0545362122356892 0.677917247638106
0.120777570642531 0.619689677841961
0.0968151087872684 0.594597813673317
0.0398118542507291 0.633134135510772
0.0137245878577232 0.642006240319461
0.0383753632195294 0.596815292723477
0.00308452500030398 0.633503515738994
0.00378480600193143 0.698789089918137
0.00458001438528299 0.705445619300008
0.0280444803647697 0.670304507017136
0.0299623813480139 0.698085944633931
0.00145669328048825 0.71370053710416
0.00173618644475937 0.633016585372388
0.00804581772536039 0.596515227574855
0.00920156622305512 0.576667051296681
0.00143329752609134 0.562025322578847
0.00174148799851537 0.471960369963199
0.00350286671891809 0.464488528203219
0.00382687756791711 0.447777852416039
0.00824040500447154 0.471101280767471
0.0254644267261028 0.510883557610214
0.0382107007317245 0.447809129487723
0.0541395978070796 0.428737504407763
0.0561714363284409 0.409615033771843
0.0485673239454627 0.336773665156215
0.0493670064024627 0.317448063287884
0.0322658042423427 0.339243811089545
0.0490712616592646 0.358184207696468
0.0392663292586803 0.402180430013686
0.0150636746548116 0.442419144324958
0.00413506664335728 0.253313884139061
0.0098271481692791 0.25364463403821
0.00772257708013058 0.156858209054917
0.0419502733275294 0.302708636503667
0.0414918861351907 0.288501928094774
0.0352409551851451 0.253721922636032
0.0767985368147492 0.262646557763219
0.107997510582209 0.270433178637177
0.161815921775997 0.291305484715849
0.204277627635747 0.292425674851984
0.169689983129501 0.255878204479814
0.192099314648658 0.28699903935194
0.0480851568281651 0.226489443797618
0.0291386772878468 0.225862078368664
0.0224585118703544 0.147340460214764
0.0323430928401649 0.16767169162631
0.0401667938567698 0.170294528827071
0.0417799814604223 0.174380714539438
0.0464687151834369 0.220545788761228
0.111283960752189 0.211821038741618
0.130020997021347 0.229614962823689
0.188233921770006 0.253387538716197
0.226744511164725 0.309056782629341
0.268573495093733 0.303589452989399
0.294158830307424 0.315413441509008
0.355552476830781 0.310732665471733
0.382959323469549 0.284731050021946
0.31525791529566 0.293534637894481
0.299652176443487 0.301968338899314
0.281690254341811 0.295245946850628
0.248947703279555 0.294810112100095
0.214631232433021 0.243809500709176
0.200388071592897 0.227945062797517
0.138358747120947 0.207645838614553
0.174674627371132 0.184462767094374
0.145059788133949 0.170675238594413
0.11763565056026 0.200687768403441
0.085449087433517 0.189682176802307
0.0518454317934811 0.171702141407877
0.120044671930373 0.13358394568786
0.109914423897862 0.13319859886542
0.10113087343052 0.123465773183852
0.0592542137019336 0.0953132314607501
0.0938460812903941 0.144770314916968
0.0332450470887125 0.140260707121342
0.00101010454818606 0.0531823867931962
0.0055730864405632 0.0549038080498576
0.0397913591004908 0.122312278021127
