2048
0.144936471246183 0.316180082503706
0.166880409233272 0.324123038910329
0.16034364560619 0.291324510704726
0.145238152705133 0.305888717994094
0.133609231561422 0.301794592291117
0.146590346004814 0.284668409731239
0.0867368583567441 0.314187189098448
0.0872581852599978 0.276926818769425
0.117795949801803 0.276918963994831
0.12542428355664 0.254516304004937
0.159895304124802 0.217370558530092
0.121499454136938 0.227692015934736
0.119506542570889 0.229699444957078
0.135543684009463 0.237941675353795
0.115358044393361 0.237150283530354
0.0912707759998739 0.227480761706829
0.0851248167455196 0.228520555887371
0.0818609036505222 0.228531666565686
0.0951843704096973 0.221019862685353
0.0854578670114279 0.201897591352463
0.0701237092725933 0.207503912504762
0.0480911061167717 0.193650828674436
0.0521325678564608 0.205854126252234
0.0421971594914794 0.213049184996635
0.041433478705585 0.219497023615986
0.0627425131388009 0.260404897388071
0.0376686113886535 0.269323365297168
0.0625054650008678 0.282148938626051
0.0634989836253226 0.290324811358005
0.0444886391051114 0.288560456130654
0.0162697308696806 0.352793070487678
0.0465675098821521 0.328664393629879
0.0633981423452497 0.325983406510204
0.0758857587352395 0.324854049365968
0.106747026089579 0.330684041138738
0.129397295881063 0.312742008827627
0.132523968350142 0.324190473649651
0.154156568460166 0.349327403586358
0.098590137436986 0.338975371327251
0.123872939031571 0.357049134559929
0.142885539680719 0.379748901352286
0.108841843437403 0.375985900405794
0.091080526355654 0.380954524036497
0.0796664678491652 0.399661976844072
0.067414571531117 0.386284289881587
0.035888385027647 0.353408823721111
0.0367650701664388 0.377807432319969
0.0249856607988477 0.392606454435736
0.0816013570874929 0.403702283743769
0.0958632468245924 0.411793862469494
0.0994655634276569 0.438724316190928
0.0966706634499133 0.441374836023897
0.114592613186687 0.456948952749372
0.128511204384267 0.467419248539954
0.100160799920559 0.479761056602001
0.0546055333688855 0.509599325247109
0.0503638042137027 0.516841295640916
0.0584066091105342 0.516179606784135
0.0797194084152579 0.501867937855422
0.107179771177471 0.486287422012538
0.122953430749476 0.492143934592605
0.152585414703935 0.486693209968507
0.145997820887715 0.480004604905844
0.173666616901755 0.477530085016042
0.176787402480841 0.475329913664609
0.202961498405784 0.492264682427049
0.208116308320314 0.473622211720794
0.206642729695886 0.473115571774542
0.218098151031882 0.472325747366995
0.192910347599536 0.470212144311517
0.145445036701858 0.46135954093188
0.175928707700223 0.455869823228568
0.247402348555624 0.435736517421901
0.225704847835004 0.440783204976469
0.154189357999712 0.451774773653597
0.189501347020268 0.435992879793048
0.180214133579284 0.433084633667022
0.221150054596364 0.423883723560721
0.229306004475802 0.415773045271635
0.257263113744557 0.394506307318807
0.243492295499891 0.39629284478724
0.188112114556134 0.425267337355763
0.1657954743132 0.431833692826331
0.149555188138038 0.431479142047465
0.151154855731875 0.409319226164371
0.177524068858474 0.383199166506529
0.178640405647457 0.380855985917151
0.197605192661285 0.372484264429659
0.196806776802987 0.379608989693224
0.173362608067691 0.403565912041813
0.214656850788742 0.384273658972234
0.296205800492316 0.399738199543208
0.304254055488855 0.382910180836916
0.341119417920709 0.35417501302436
0.34150717407465 0.373362025246024
0.325564803555608 0.405862594954669
0.356808816548437 0.400971700903028
0.364575664512813 0.393076200503856
0.396214182954282 0.395980178378522
0.410267040133476 0.391567763872445
0.311707252170891 0.428449392318726
0.337318458128721 0.428683097939938
0.357104671187699 0.425621553789824
0.368283446878195 0.418473733589053
0.338640994857997 0.453183243516833
0.353443341795355 0.462096662726253
0.342227093875408 0.466751438099891
0.366763358004391 0.467109116725624
0.408642634283751 0.406916305888444
0.40056958142668 0.404407590162009
0.403979336377233 0.398749133571982
0.413386941421777 0.408229834400117
0.418861102312803 0.42219971306622
0.381650740746409 0.453871086239815
0.360585675109178 0.47939581843093
0.349936217069626 0.479251144919544
0.343877467792481 0.505856795236468
0.288294260390103 0.537976707797498
0.288181615062058 0.532785391435027
0.275170485023409 0.501652371138334
0.315202436409891 0.488272658549249
0.32581842225045 0.491580111440271
0.334418550133705 0.488655464258045
0.329454824794084 0.483714628964663
0.330154142808169 0.470288402400911
0.310823086649179 0.467692658770829
0.3015604368411 0.467490827199072
0.288977910298854 0.47190027916804
0.251734296791255 0.479100594297051
0.278939377516508 0.458811118267477
0.270584652666003 0.452857747673988
0.26189194759354 0.450453228317201
0.282171316910535 0.438770886044949
0.282745259348303 0.451293663587421
0.287938647437841 0.439651446416974
0.287807319778949 0.427021676208824
0.280357293784618 0.426397198811173
0.287528875749558 0.41573284752667
0.27300753351301 0.410989101044834
0.257715130690485 0.412353317718953
0.244902666658163 0.433215275406837
0.253572250250727 0.433421873021871
0.22584116877988 0.478582207579166
0.243935748469085 0.493043767753989
0.238717803265899 0.517315291799605
0.215287880040705 0.519963432103395
0.21245580771938 0.523157268762589
0.187530239112675 0.552088495343924
0.198737040162086 0.562409314792603
0.240722045302391 0.554098866414279
0.231548089999706 0.542588176671416
0.236724554095417 0.522413584869355
0.252630552276969 0.524578841868788
0.272562436759472 0.545821855310351
0.289881971199065 0.551920160651207
0.248225104995072 0.585826088208705
0.248420254327357 0.588354618288577
0.300887634977698 0.592021119315177
0.317442316561937 0.590892481151968
0.323598265647888 0.590431329328567
0.343903398606926 0.596892706584185
0.320722604170442 0.624963615555316
0.306745274923742 0.620348538272083
0.277342269662768 0.598525015171617
0.249805704224855 0.610179739072919
0.253206577152014 0.613734347745776
0.258811731357127 0.621870714239776
0.294279612135142 0.651151542551816
0.279319526161999 0.692223041318357
0.255594137124717 0.699993753340095
0.220943999476731 0.719130688346922
0.265215076971799 0.705519306939095
0.278638705145568 0.704858830198646
0.258007753174752 0.722643082495779
0.232220773119479 0.763841715175658
0.251565430313349 0.782520086504519
0.261206544470042 0.775972185656428
0.262706615030766 0.777406487148255
0.257885719183832 0.787687111645937
0.250456154346466 0.80484934290871
0.278155081439763 0.7648715833202
0.278934775386006 0.775695157237351
0.212056964170188 0.904861241579056
0.208945103920996 0.912510433699936
0.19505019299686 0.929209317080677
0.202736635226756 0.928152183070779
0.294214847031981 0.856086405459791
0.2892015282996 0.855792362242937
0.231534260325134 0.876473705749959
0.261464301031083 0.839284092187881
0.262851416599005 0.843110015615821
0.275506568141282 0.838371398393065
0.278983339201659 0.830017849802971
0.273799226153642 0.816951121203601
0.266729018185288 0.813528977800161
0.293441628105938 0.796257053967565
0.304099432192743 0.791376593522727
0.290405235253274 0.812300462275743
0.323379183188081 0.808398284949362
0.334626683499664 0.806153466925025
0.341813857667148 0.786129962652922
0.338530478999019 0.757614052854478
0.327746736351401 0.782966203987598
0.320939374156296 0.784340147860348
0.30160845303908 0.782088454347104
0.295206208247691 0.766922969836742
0.297300223261118 0.744226401671767
0.303484024479985 0.737423976417631
0.308314280584455 0.726635688450187
0.389793453272432 0.763163662515581
0.413037000689656 0.743961582425982
0.402592719532549 0.715709123294801
0.392766525503248 0.714723596349359
0.399136469233781 0.728501513134688
0.352755221072584 0.703649921808392
0.401931813452393 0.711510807275772
0.410142178181559 0.694640455767512
0.413320540450513 0.680009534582496
0.42311062105 0.675910703837872
0.451813116669655 0.677474112715572
0.439867853652686 0.70894972840324
0.440730128437281 0.711152921430767
0.47831437503919 0.657829886768013
0.483186086174101 0.6465854938142
0.48925939342007 0.636343467049301
0.496040085796267 0.604309936054051
0.4468247378245 0.60239710053429
0.437320285476744 0.616934128571302
0.421045219525695 0.620434125885367
0.429070058744401 0.624322082847357
0.44924707012251 0.626191524323076
0.460619065910578 0.621865886729211
0.462345961946994 0.626662869006395
0.45282807154581 0.643336366862059
0.471909600775689 0.641819766256958
0.470648625865579 0.662222928833216
0.459723812527955 0.682206409052014
0.440470336005092 0.670107048936188
0.444773705210537 0.647547768894583
0.415135403629392 0.672999964095652
0.34819599147886 0.691044069826603
0.322041028179228 0.689506029244512
0.326950282789767 0.700225797016174
0.317396714352071 0.713449786882848
0.302187137305737 0.704868049826473
0.352388316299766 0.654687200672925
0.354728130623698 0.652373475022614
0.356919883284718 0.651062686927617
0.379115199670196 0.651039615739137
0.399786267895252 0.627751376479864
0.403962066862732 0.620850857812911
0.43182135373354 0.594570127315819
0.396961291320622 0.592889883089811
0.337587303016335 0.652982208412141
0.297129990532994 0.694397377315909
0.321145064197481 0.64904571371153
0.35272281197831 0.613257884047925
0.341722814831883 0.637778470292687
0.377490416169167 0.599593879655004
0.394195095170289 0.586468341760337
0.384763538371772 0.574265867937356
0.3288723398 0.585125505458564
0.361683435272425 0.565472329966724
0.362398952245712 0.563110661227256
0.351635814178735 0.557441084645689
0.395380122121423 0.530668148305267
0.344580491539091 0.556120908353478
0.344249449204654 0.558931794017553
0.322542459238321 0.564581323880702
0.297821712680161 0.573277470190078
0.278770546894521 0.5741499774158
0.300474414136261 0.551563332322985
0.336793206632137 0.522600362077355
0.339320396073163 0.514617764856666
0.416745026595891 0.486777416896075
0.39868636475876 0.476694881450385
0.425209782551974 0.476805239450186
0.479306010063738 0.425333610270172
0.476112069096416 0.433878814335912
0.467277883086354 0.439756045583636
0.454208094626665 0.462910279631615
0.438259779941291 0.469568758271635
0.435051233507693 0.476823555771261
0.40475794300437 0.50245379190892
0.388991537969559 0.515666277613491
0.342829572036862 0.519901735708117
0.374786497093737 0.525174171663821
0.392091948539019 0.529670604504645
0.410488514695317 0.513034758158028
0.419535021297634 0.515199980698526
0.466232877224684 0.501560653559864
0.451613799668849 0.475631524343044
0.487891631666571 0.443386375438422
0.509943138342351 0.425813693087548
0.50924166617915 0.449320373591036
0.481419059447944 0.49975043348968
0.497050843201578 0.490654361434281
0.521220698487014 0.472629747819155
0.507356635760516 0.397325520403683
0.503991038538516 0.369127575308084
0.475637006573379 0.391183120664209
0.453637569677085 0.375272498000413
0.472133802250028 0.379608099348843
0.492255961988121 0.360444530844688
0.494935476221144 0.345355773810297
0.499973028432578 0.302927144337445
0.494359558448195 0.291279164608568
0.470641120802611 0.244285207241774
0.474638130981475 0.269988752435893
0.462856515310705 0.267557376530021
0.486138949170709 0.332378762308508
0.453897738363594 0.352200140245259
0.455678013153374 0.35870765382424
0.428139474708587 0.374712251592427
0.439070419874042 0.379861576482654
0.44859468517825 0.445488718338311
0.436630045529455 0.453743712045252
0.413400351069868 0.462845775298774
0.401067194063216 0.468749271240085
0.381738721393049 0.473171247169375
0.370454084128141 0.48023344995454
0.361956513952464 0.483115182258189
0.433936722576618 0.425735039170831
0.429448409937322 0.38157200999558
0.40650831349194 0.386880162172019
0.393971361685544 0.38410583185032
0.400267140939832 0.378123355098069
0.381498909089714 0.370533619541675
0.3957435102202 0.367517765145749
0.409028650727123 0.380358373280615
0.409486752934754 0.382866823580116
0.437915321439505 0.359156501013786
0.42574615823105 0.369075831957161
0.405557715799659 0.365967507939786
0.428047980181873 0.360929047688842
0.428047454915941 0.35110181896016
0.374960648361593 0.296330669894814
0.385067562106997 0.302889218088239
0.379255060572177 0.280629497487098
0.409448374062777 0.322477368637919
0.420004915446043 0.332799362484366
0.434580751694739 0.341816362924874
0.403718996793032 0.280178024433553
0.441910299938172 0.265803538728505
0.428860225714743 0.287624962627888
0.465127476025373 0.331514184828848
0.444108695723116 0.323307206854224
0.44293599203229 0.353432792704552
0.4742590803653 0.332599950488657
0.443214524071664 0.262718151323497
0.430408879183233 0.252095972187817
0.432645265944302 0.262565419077873
0.420254898257554 0.250906186178327
0.396280020941049 0.1687693875283
0.37812573928386 0.12686434481293
0.387582321185619 0.111039156559855
0.39361484721303 0.117600227240473
0.433577129151672 0.121453676372766
0.433635408058763 0.110852536745369
0.415707105305046 0.110147535800934
0.39762110542506 0.0863635749556124
0.428882905747741 0.0951575450599194
0.485784670338035 0.128397085238248
0.501129362732172 0.135156533215195
0.5104960356839 0.148124476894736
0.465428997762501 0.132054892368615
0.401612158399075 0.12738924426958
0.420992018654943 0.147509977221489
0.476933331694454 0.175689812749624
0.473327703773975 0.171494201291353
0.475643596146256 0.171111487783492
0.490165436174721 0.164795640390366
0.472053377889097 0.155034617055207
0.512124465312809 0.152067506220192
0.550676601473242 0.149410156067461
0.553023865446448 0.166391024366021
0.543866357766092 0.159471306949854
0.531911167316139 0.164176825899631
0.500539132859558 0.169318735133857
0.502263855654746 0.183881152886897
0.499483338557184 0.203019802458584
0.459234602283686 0.183249730616808
0.425409975927323 0.185536146629602
0.446027449797839 0.220326601993293
0.46163199050352 0.201940981205553
0.498264218680561 0.276561108417809
0.502641690894961 0.307615490164608
0.520252021960914 0.375569641590118
0.523092242889106 0.373444134835154
0.531132218427956 0.332038801629096
0.534386824350804 0.31634333729744
0.523645859211683 0.314950178842992
0.521086568944156 0.284633242990822
0.49265805631876 0.232742195483297
0.48613970912993 0.220715236384422
0.513509498909116 0.229531231801957
0.532239684369415 0.234472405165434
0.531749539542943 0.236883403733373
0.527522813994437 0.240132745355368
0.570680332835764 0.271874103695154
0.577719046268612 0.284784230403602
0.521864028647542 0.240925376769155
0.496880026068538 0.235828171018511
0.560288325417787 0.325116603635252
0.556408409029245 0.34922118159011
0.586210795212537 0.339411196764559
0.597400130704045 0.32362585933879
0.600697861984372 0.312700805719942
0.571715420112014 0.259578448254615
0.554412511643022 0.231238697655499
0.509660323150456 0.205527202226222
0.521758824121207 0.203601653687656
0.533592315390706 0.206055040936917
0.565903843846172 0.220990965608507
0.583098507951945 0.21768301166594
0.566181147005409 0.2371521955356
0.615099877584726 0.268100121989846
0.610574454069138 0.279113702941686
0.611543100327253 0.278890147339553
0.649786531925201 0.266855804715306
0.660660492721945 0.281631760764867
0.664372256491333 0.293250629678369
0.636048269458115 0.305211985949427
0.678773014806211 0.301231611520052
0.668094485998154 0.404584029689431
0.681687382981181 0.359836985822767
0.708327542990446 0.382719342131168
0.719151712022722 0.40431890450418
0.689136758446693 0.409655592404306
0.666424444876611 0.406444697175175
0.66821038397029 0.414460425730795
0.647682840004563 0.438782856799662
0.625309870112687 0.415670884307474
0.649648816790432 0.445004356559366
0.655929411295801 0.452187557239085
0.66263005649671 0.463799607940018
0.67493077320978 0.459983600769192
0.680708113126457 0.475166054442525
0.721581134945154 0.459056777413934
0.710878883954138 0.45822687074542
0.672700341790915 0.436732713598758
0.691344456281513 0.430546150077134
0.733987340703607 0.45144633250311
0.718903118744493 0.464592147618532
0.685807178262621 0.487652103882283
0.71256011724472 0.483762814197689
0.703790319152176 0.509800824802369
0.714802208356559 0.545464038848877
0.717532190028578 0.589862333610654
0.747042291797698 0.55192673811689
0.752471195533872 0.546791386324912
0.753064095508307 0.542268364690244
0.736197061371058 0.522880038246512
0.758441861718893 0.537756400182843
0.769478145055473 0.468836930114776
0.786285614129156 0.466748040635139
0.800592573359609 0.499226303305477
0.849399564787745 0.452986241783947
0.825054842047393 0.436606488190591
0.79593695467338 0.467432192992419
0.777385220397264 0.427970909979194
0.785039897076786 0.417535975109786
0.804599321447313 0.382545615546405
0.817944559268653 0.370575344655663
0.81886086659506 0.391849569510669
0.806694297119975 0.409202510956675
0.79702705796808 0.416369640268385
0.800917512271553 0.443477910012007
0.817825046833605 0.441618892364204
0.839211242739111 0.400092768017203
0.846035331953317 0.435587663203478
0.846858313307166 0.41107316268608
0.850323875434697 0.404674753081053
0.851695813238621 0.441350144799799
0.85512470593676 0.399568291846663
0.857468775939196 0.384248645044863
0.865116415079683 0.380755895283073
0.882882565259933 0.353491284418851
0.83885668637231 0.384473930578679
0.857400927692652 0.35311623942107
0.878857159055769 0.337669503409415
0.883986146189272 0.343550591729581
0.876985747367144 0.417903057299554
0.86423498718068 0.437369637191296
0.861369191668928 0.462153439410031
0.863454872742295 0.4826326277107
0.868862917181104 0.469170205295086
0.864809083752334 0.437812048941851
0.871472730301321 0.433437407482415
0.895721931010485 0.429099638015032
0.872563276439905 0.46160773281008
0.900965135078877 0.433907841332257
0.900013607926667 0.445945669896901
0.876949508674443 0.519506233744323
0.869157562032342 0.589041582774371
0.878221654798836 0.567752247210592
0.921130379196256 0.428087814245373
0.924431482795626 0.305765298660845
0.935572620481253 0.285055555868894
0.950143769849092 0.240459077991545
0.941808297298849 0.250040259677917
0.907258881255984 0.316789728123695
0.902211299166083 0.318705582525581
0.952566393651068 0.223041055258363
0.957063649781048 0.258658946957439
0.96474091662094 0.101310374680907
0.969998708926141 0.0748805301263928
0.958055727183819 0.134475716389716
0.910024453420192 0.203142821788788
0.908991243690252 0.20440912200138
0.899156560190022 0.268373652361333
0.884516547899693 0.26178144896403
0.893645340576768 0.216033218894154
0.920445235446095 0.163822775706649
0.930950907990336 0.131694441661239
0.930984121281654 0.117492354474962
0.928560362197459 0.109760167542845
0.929462852887809 0.0973929446190596
0.932257995009422 0.0452375537715852
0.929924443829805 0.0140944677405059
0.907263100612909 0.0293057770468295
0.907136149704456 0.0606360742822289
0.914044927805662 0.094902821816504
0.92009204113856 0.113919437862933
0.89975813170895 0.123415190260857
0.90571609325707 0.142354387789965
0.892013175878674 0.146151628810912
0.890412421897054 0.149427814874798
0.885273060295731 0.160186372231692
0.883256828878075 0.211088038049638
0.856898990925401 0.272387456614524
0.852707518730313 0.275109719019383
0.857792533002794 0.289334574714303
0.850382166914642 0.30092045571655
0.824800013098866 0.264120852574706
0.814080634620041 0.255430607590824
0.821779558900744 0.246786321047693
0.822791752405465 0.238530194852501
0.848273131065071 0.279119887389243
0.87018437217921 0.211688552983105
0.881171675864607 0.203031696844846
0.881775585468858 0.203433652408421
0.8808911931701 0.176070188637823
0.876045844517648 0.184344016481191
0.870015735272318 0.162924348842353
0.867857822217047 0.144542723894119
0.837106392718852 0.161839043721557
0.818348714150488 0.176623147446662
0.815933238714933 0.185373291838914
0.784170867875218 0.154025209136307
0.783943582326174 0.152523408643901
0.782602053601295 0.145657984074205
0.761446386575699 0.149085823446512
0.78074015583843 0.179502693004906
0.793736423831433 0.19232986913994
0.802580311428756 0.210781676229089
0.809908847790211 0.191862994339317
0.811268647667021 0.204214787110686
0.836970975622535 0.192095732316375
0.826385600026697 0.174123622477055
0.855520392768085 0.173642272129655
0.852469967678189 0.224017460364848
0.841535251121968 0.218854090664536
0.785345338284969 0.222462161909789
0.791430692654103 0.235690976027399
0.772296402137727 0.228740201797336
0.751459357328713 0.228582220617682
0.747927552089095 0.230890155304223
0.780990308150649 0.252190108411014
0.790610983036458 0.238716825377196
0.823046145029366 0.278142893686891
0.82761387899518 0.288896603975445
0.835733774583787 0.299850204028189
0.853500942699611 0.313589836005121
0.839941171463579 0.367170115467161
0.824621411506087 0.353206204250455
0.820697341579944 0.343343439046293
0.82418389711529 0.347204118035734
0.810169425327331 0.312301482539624
0.75868504634127 0.248709189705551
0.735570951830596 0.257047931663692
0.76805738452822 0.27611512131989
0.784258464351296 0.317210068460554
0.814751968253404 0.358457562979311
0.769884755834937 0.435617454815656
0.753056998364627 0.46743723237887
0.729343154467642 0.479818988125771
0.741555351298302 0.449822939932346
0.73936412949115 0.424264693167061
0.761547785717994 0.400817441754043
0.755232719704509 0.402838674373925
0.763229838106781 0.399674225132912
0.786713062319905 0.351243605371565
0.773164452053607 0.337427908554673
0.769458663649857 0.338616096880287
0.747925736941397 0.365668979007751
0.7658607265912 0.384808686561882
0.757025486323982 0.396456498187035
0.753205786924809 0.397943294607103
0.737153254449368 0.382084588054568
0.744520678650588 0.383894665632397
0.752893135417253 0.38210882851854
0.712371174711734 0.33124243747443
0.725760552100837 0.304040213581175
0.730676596052945 0.332041877321899
0.76300593605265 0.324692275840789
0.765333589632064 0.309396090451628
0.757816278375685 0.311079816427082
0.736866652965546 0.286793437320739
0.696546618361026 0.308958891779184
0.710266883485019 0.329569033812732
0.692490187939256 0.315092416945845
0.687969548627734 0.296968679875135
0.711941852234304 0.230820152908564
0.692420546431094 0.246887895278633
0.700693401508033 0.257221358362585
0.694187870249152 0.2787916357629
0.671393281780183 0.253373220097274
0.666187087073922 0.243172846268862
0.656194233801216 0.241314081009477
0.643248667940497 0.24433088907972
0.620392278302461 0.261412592604756
0.628193355631083 0.239522517193109
0.633199262432754 0.224152776878327
0.624039846938103 0.216613860335201
0.577854575123638 0.211272316519171
0.554835801478475 0.202376961708069
0.531803690828383 0.186731838155538
0.507347986102104 0.184214815497398
0.540362618397921 0.173799322452396
0.570802267175168 0.190321387723088
0.574610587675124 0.186634117737412
0.583921645302325 0.18840223364532
0.591814508661628 0.19160081166774
0.594066744670272 0.184754605870694
0.62691290769726 0.191578421741724
0.663541332818568 0.154761727899313
0.66506758518517 0.154231876600534
0.672384534031153 0.152615847997367
0.678063299972564 0.157956333830953
0.686879874672741 0.164684663992375
0.701237572357059 0.181264674291015
0.680190411861986 0.208997755777091
0.640864405781031 0.220444950740784
0.642109522596002 0.229647463187575
0.66994510544464 0.237297460436821
0.697786121629179 0.220043203327805
0.69743923144415 0.207744200248271
0.735316599719226 0.222318175714463
0.735951691865921 0.217781470622867
0.741850382648408 0.229633226059377
0.778333521913737 0.193626173306257
0.752371059264988 0.198925101663917
0.736960679292679 0.165063325781375
0.723158312961459 0.129909254610538
0.714733022730798 0.120752080809325
0.719452430959791 0.199101928155869
0.717331002000719 0.164080663118511
0.714504230301827 0.131291957572103
0.694066720083356 0.15585741167888
0.692852928303182 0.146050545852631
0.707081303931773 0.0795168988406658
0.712792998179793 0.075710766017437
0.708103975281119 0.0633307751268148
0.694439822807908 0.067064433824271
0.690034028142691 0.0793770761229098
0.679151953663677 0.0784959746524692
0.677593121770769 0.0819069044664502
0.653726051561534 0.081055885180831
0.64175433292985 0.126464756205678
0.650090212933719 0.159354893956333
0.641249309293926 0.16820975439623
0.642039041500539 0.154442942235619
0.639888574369252 0.144142185337842
0.631223449483514 0.138244036585093
0.628634140826762 0.138171244412661
0.612604548688978 0.155513518489897
0.623813555110246 0.158469683490694
0.585569690447301 0.16334911622107
0.60105808544904 0.179065746255219
0.579816036857665 0.161752603482455
0.580221708398312 0.143011369742453
0.548746949527413 0.145609198138118
0.523150658234954 0.135921698063612
0.550248797982931 0.134777204599231
0.571041555143893 0.128053428605199
0.561979424208403 0.114882916677743
0.569353626575321 0.106097473762929
0.592638910748065 0.107440209947526
0.566075999289751 0.0989204552024603
0.543571677058935 0.0777232749387622
0.541095348540694 0.0639833910390735
0.523642381187528 0.0483344257809222
0.474893866106868 0.0177359646186233
0.52685363125056 0.0792484385892749
0.525753912050277 0.093200352974236
0.515509830787778 0.0951089574955404
0.514687793329358 0.10254272678867
0.526161895599216 0.129063621163368
0.499994019512087 0.111462965141982
0.507709721103311 0.130237014498562
0.490256623830646 0.118647859431803
0.473818738013506 0.0918438765220344
0.438492593355477 0.0861885980702937
0.430005016736686 0.0762617168948054
0.429814813658595 0.0735499910078943
0.430920533370227 0.0706583126448095
0.434795242734253 0.0688766748644412
0.459417948033661 0.0797095652669668
0.466217753943056 0.0788861718028784
0.477085174061358 0.0740305325016379
0.478041685186327 0.0750161884352565
0.488262152764946 0.0846769288182259
0.490863416343927 0.0837856181897223
0.497943294234574 0.0788167053833604
0.475157326087356 0.0374737838283181
0.466976258903742 0.0247558588162065
0.484882377553731 0.0673729656264186
0.465512913651764 0.0618232474662364
0.447757924441248 0.0638741934671998
0.434057907667011 0.0639838478527963
0.415290470700711 0.0681983949616551
0.389847154729068 0.0453735860064626
0.437129469588399 0.0446338686160743
0.43967025866732 0.0437085321173072
0.470244398340583 0.0380141865462065
0.447606812231243 0.0228680372238159
0.443247728049755 0.0163762690499425
0.470684631727636 0.0136252427473664
0.520144780632108 0.027443986851722
0.536047256086022 0.0164673728868365
0.537403853610158 0.0169429434463382
0.539364161435515 0.0246811527758837
0.559536535758525 0.0445269253104925
0.568851578980684 0.0792967649176717
0.601039866451174 0.0880680093541741
0.616241972893476 0.103691764641553
0.603862661402673 0.0650948919355869
0.618189932778478 0.0491418736055493
0.622422354761511 0.0426203543320298
0.632095506414771 0.0497956676408648
0.649650643114001 0.0700291669927537
0.662145526148379 0.0733405286446214
0.676465546246618 0.0716339605860412
0.67227041348815 0.0354537819512188
0.67323905415833 0.0290160272270441
0.654950540047139 0.033374676015228
0.646191210951656 0.0284392582252622
0.665903248824179 0.0268292333930731
0.680248071439564 0.0198486754670739
0.691670021507889 0.0181579110212624
0.660693624988198 0.0181957553140819
0.647057371214032 0.0181008949875832
0.635445018298924 0.0273441071622074
0.632034945301712 0.0333266137167811
0.620573879219592 0.0330355330370367
0.566528347320855 0.0246186479926109
0.573706664144993 0.0212782896123827
0.576637174934149 0.0191667256876826
0.498574404045939 9.0423971414566e-05
0.5502400835976 0.00455699767917395
0.599829080980271 0.0157347116619349
0.600691651459783 0.00526218814775348
0.587872652802616 0.00285967346280813
0.693861605133861 0.012022337410599
0.719007909297943 0.0250485669821501
0.727676823269576 0.0644132378511131
0.718872183468193 0.0960579547099769
0.736414229497313 0.0974805923178792
0.737097869627178 0.119991131592542
0.746001127175987 0.0751929236575961
0.739904927555472 0.0473591624759138
0.723004431463778 0.00322587229311466
0.753005778416991 0.00412357039749622
0.737727387808263 0.0280781122855842
0.758413644041866 0.00347081338986754
0.759367377962917 0.0419669351540506
0.764405010268092 0.0526712168939412
0.775794921908528 0.041649142280221
0.7823068019934 0.00689447252079844
0.787399221211672 0.0132654272019863
0.817154979333282 0.0302419415675104
0.824862367473543 0.0420877123251557
0.824459901545197 0.100778734777123
0.816167786717415 0.0941938040778041
0.79781430400908 0.0829752176068723
0.786800243891776 0.0867328606545925
0.788471128325909 0.0870520411990583
0.805384807754308 0.0980139109306037
0.787222665734589 0.105449216905981
0.806446630973369 0.148205682635307
0.80634564300999 0.120706263929605
0.81221055239439 0.135788920335472
0.859415508341044 0.142415395006537
0.859676078893244 0.109007377643138
0.831636888440698 0.0409915102645755
0.859089404344559 0.0780685488134623
0.865180637221783 0.0762146594934165
0.890532938763499 0.104627378284931
0.889951214194298 0.0375471245497465
0.880602035205811 0.0248896973207593
0.858775948639959 0.0325171016156673
0.839381550438702 0.0183025342412293
0.84995552059263 0.0117718875408173
0.828776003327221 0.0136416885070503
0.816208784002811 0.00944959837943316
0.797809724230319 0.000392208341509104
0.826533103827387 0.00577541720122099
0.884035455994308 0.00802573841065168
0.971948418300599 0.00630566291511059
0.873065927997231 0.00967965368181467
0.877178957685828 0.013913843780756
0.914994264487177 0.010333735961467
0.976156027987599 0.0251484056934714
0.951474193483591 0.079561906401068
0.959650221746415 0.0723521956242621
0.972738573793322 0.0462086703628302
0.982809159904718 0.131977802142501
0.98071431228891 0.149002351798117
0.979865342378616 0.186514001805335
0.977871160488576 0.242395481560379
0.982698603533208 0.177822481375188
0.980402429588139 0.279082229360938
0.971365897916257 0.22646163450554
0.968492783140391 0.240772420074791
0.970777879469097 0.215090717654675
0.97109544230625 0.196610968094319
0.969321013893932 0.150745999999344
0.965766593813896 0.236045922152698
0.945950614754111 0.382235042750835
0.957699556834996 0.303207281976938
0.947746197227389 0.392237457912415
0.964122843928635 0.308617099188268
0.971637541428208 0.426914712879807
0.976230724249035 0.43690325692296
0.978406842797995 0.492942269425839
0.982632203027606 0.354690194595605
0.972307226620615 0.321340832859278
0.987168039660901 0.314600346144289
0.988868522457778 0.378540343139321
0.98594281449914 0.469797835685313
0.981325273402035 0.478457272052765
0.979510952252895 0.573542862664908
0.981470880564302 0.582722097635269
0.984655142296106 0.564688543323427
0.992100072093308 0.448954081628472
0.994041784666479 0.312714329920709
0.997090588323772 0.26552253542468
0.99413615744561 0.308990072458982
0.992121413815767 0.342171548865736
0.988844145555049 0.222161390818655
0.986016571521759 0.112721049692482
0.984425589907914 0.0818578768521547
0.992270961869508 0.166507184505463
0.991491856984794 0.142631948925555
0.981672008521855 0.0310148396529257
0.984503208193928 0.034771972335875
0.993294449523091 0.00139963673427701
0.996328803710639 0.0490897269919515
0.999762372113764 0.423482331447303
0.999965481460094 0.532046105246991
0.999772890005261 0.578933375887573
0.996782459318638 0.589848606847227
0.999031182378531 0.467278739903122
0.994142767973244 0.510625042486936
0.995150183327496 0.394173336215317
0.992122838273644 0.542687749490142
0.996757548302412 0.527326163370162
0.99395846715197 0.547638478223234
0.994732029736042 0.655130149330944
0.996046628337353 0.62041610525921
0.998102159705013 0.743450626730919
0.996428600512445 0.795827522873878
0.973572327755392 0.993320911657065
0.948534453287721 0.984797684010118
0.937474452424794 0.970816306304187
0.939111501909792 0.959993651136756
0.958092010114342 0.929622130468488
0.965959735680372 0.921589301433414
0.964121167548001 0.931510798167437
0.95745632564649 0.973195267375559
0.970610310789198 0.973359561525285
0.971403904724866 0.975900268182158
0.977246964350343 0.674650243017823
0.975059813354164 0.966195296030492
0.980940252542496 0.900446390267462
0.984460342209786 0.875794950406998
0.983113165944815 0.781111763324589
0.982844567857683 0.772908797953278
0.989307016134262 0.599087911192328
0.979000503197312 0.636048314161599
0.982641911134124 0.630380700342357
0.984161212574691 0.620328542310745
0.983767587225884 0.637477224692702
0.982184417545795 0.661894218996167
0.978642714209855 0.637456721626222
0.978276775684208 0.618467365857214
0.969191110227257 0.567721892613918
0.973848551977426 0.546243562363088
0.975363918580115 0.536184979137033
0.975759888999164 0.445651467423886
0.957687737885863 0.537762568797916
0.968214866239578 0.564387965016067
0.962571498006582 0.566838113125414
0.967594596091658 0.598009946290404
0.963585069868714 0.609390834346414
0.955125465523452 0.583694137632847
0.953706670552492 0.52654276182875
0.949404422193766 0.409062993712723
0.949336128309369 0.468831884209067
0.940826627891511 0.447066151537001
0.93162730615586 0.472592873498797
0.932920883409679 0.449637213721871
0.937565736472607 0.4269805313088
0.948350931983441 0.318652343004942
0.955071352422237 0.264887930359691
0.953759766183794 0.254381283652037
0.950051983818412 0.266277804039419
0.934680411592126 0.374934940133244
0.936641281936318 0.390781424939632
0.937512748409063 0.400956359226257
0.929733742959797 0.401976290624589
0.931404523551464 0.437892777845263
0.928642763290554 0.417568510398269
0.907004483044147 0.502013809047639
0.917571761179715 0.464403446298093
0.931400171946734 0.471786982845515
0.922353448811918 0.473977787420154
0.9056226760149 0.519751583226025
0.934727946296334 0.531241195742041
0.932377226185054 0.508379182778299
0.936879856977612 0.543274505529553
0.938585282769054 0.49252060148865
0.94522663205862 0.482042046729475
0.946951673366129 0.486384885385633
0.94288127636537 0.553002362605184
0.921734734904021 0.529507497791201
0.92094817943871 0.534332885872573
0.928909659385681 0.544728913344443
0.926396751310676 0.558015340939164
0.916921228636056 0.58862557541579
0.916860318742692 0.577782912645489
0.908680099528283 0.629635545425117
0.921513367444277 0.634715051855892
0.922554241027683 0.63136198464781
0.928907490335405 0.598088886588812
0.932436170522124 0.593514913227409
0.941053418442607 0.576816492248327
0.949477047659457 0.556689957156777
0.935405819211155 0.63480875454843
0.949394413270056 0.626008333172649
0.960861277300864 0.617863995954394
0.958748479839414 0.667084389831871
0.975619741715491 0.638714014552534
0.962142503354698 0.747095013502985
0.962730428669602 0.747930908109993
0.961085841525346 0.830941212829202
0.9729606192559 0.827967487741262
0.968214235734195 0.904822616837919
0.943853809032589 0.913800052832812
0.951066269073635 0.887286835815758
0.953834057785571 0.838450462091714
0.945807203184813 0.875487429089844
0.948560741730034 0.852795153856277
0.943149232305586 0.88203691970557
0.940013641025871 0.88164916401729
0.938333209604025 0.878111879806966
0.937151751015335 0.858457947615534
0.935131147503853 0.860216667409986
0.937617694493383 0.832144890911877
0.924224950838834 0.875304060056806
0.923520755954087 0.878411878831685
0.918154970742762 0.874040256720036
0.927772781345993 0.842482748441398
0.91944116493687 0.800247079692781
0.909208491444588 0.746005810797215
0.929366096388549 0.782218380365521
0.949676310177892 0.782840237952769
0.950604894664139 0.759317019023001
0.9462058134377 0.692825147882104
0.945050004869699 0.701489076949656
0.934951056726277 0.726136019919068
0.93895836500451 0.678028333000839
0.925218507647514 0.652385336812586
0.888585081789643 0.73889089608565
0.886857500765473 0.744320525322109
0.862724171951413 0.718063194304705
0.886882295832038 0.719238043762743
0.898969722446054 0.653951675165445
0.881414480041713 0.692666988819838
0.866654823534191 0.706426173914224
0.858106144703925 0.710393183864653
0.856853812001646 0.706695206928998
0.871459975373 0.653371158055961
0.889155498705804 0.592596736736596
0.890000889543444 0.541120398323983
0.889252464752644 0.565560123883188
0.878827079664916 0.585967481136322
0.862550209742039 0.637258919887245
0.85417835181579 0.668918825685978
0.858463174197823 0.639278684277087
0.843237774446607 0.588865904137492
0.861450667958707 0.606427169404924
0.868235945701599 0.529170374386013
0.86274506431073 0.492488238029182
0.859399861656129 0.521652142051607
0.834319850429893 0.535169333219528
0.829831239301711 0.530832624528557
0.822485054377466 0.516968243289739
0.85353047773242 0.492184278555214
0.859080050606281 0.473922885023057
0.853962721768767 0.468215468339622
0.817796091549098 0.488910445477813
0.819935552310199 0.565739248413593
0.816266214475036 0.616717690136284
0.825021205004305 0.663675784133375
0.826069464441389 0.685392078943551
0.814266099128872 0.714961085002869
0.812437671236694 0.815765840001404
0.823792771436274 0.811050818301737
0.809031798504293 0.821409532800317
0.823603349272162 0.839797591790557
0.827931848820299 0.831959274131805
0.83062301389873 0.829992953222245
0.842015015892684 0.778322244528681
0.831980831921101 0.751327652018517
0.840109694283456 0.724866206757724
0.842301752883941 0.724320739973336
0.848221484106034 0.748237390071154
0.84921045275405 0.74874913552776
0.853219403419644 0.774357333313674
0.85369424847886 0.833278477191925
0.839842904359102 0.871105750091374
0.840111599303782 0.835059751290828
0.835905363317579 0.858781302813441
0.825222185812891 0.871135017368942
0.807816757820547 0.932169307023287
0.83542569167912 0.885044207330793
0.836274047847837 0.884134203195572
0.841661692131311 0.872636974323541
0.868874453939497 0.861183414701372
0.87802477972582 0.858990882057697
0.889990435913205 0.867685710079968
0.897310787811875 0.888613323215395
0.903597757220268 0.881578531581908
0.899027635809034 0.867681379895657
0.885942132212222 0.852151850238442
0.883005737327039 0.850117974448949
0.866216071881354 0.850422411225736
0.869476560037583 0.819841553457081
0.853078968357295 0.853934854269028
0.847385646775365 0.861433632206172
0.856485615484416 0.831683466210961
0.861869626212865 0.737094584852457
0.868608906399459 0.751783860847354
0.869545032270253 0.742914204951376
0.876081414055079 0.770018601324409
0.876990025863051 0.770958724897355
0.868221628013998 0.802176169119775
0.866528963204473 0.80819248734042
0.867906669620425 0.809134389739484
0.879708779510111 0.790771119296551
0.884332461282611 0.781409065704793
0.890805652365088 0.784641825128347
0.901561941951513 0.759066751226783
0.902633840683848 0.781399682164192
0.906771035864949 0.904066785704345
0.923209294211119 0.911939729936421
0.928732036147267 0.935791230294853
0.934515016619116 0.934172720182687
0.93642346560955 0.977033352013677
0.919860623311251 0.975107023958117
0.91818815516308 0.964479435700923
0.914382360409945 0.962210551369935
0.907555611804128 0.970389666501433
0.879295212682337 0.978514494840056
0.909719751216471 0.980100975837559
0.876723207067698 0.98176049022004
0.832988509908319 0.979572310578078
0.823147778399289 0.961935241241008
0.880051104817539 0.947130611166358
0.898071187082678 0.954546913970262
0.900937237776816 0.907887720502913
0.88296169647947 0.893355539534241
0.886640339624137 0.906697168480605
0.885569771751761 0.913080671336502
0.872711144853383 0.933078853879124
0.872924849390984 0.890293349977583
0.859441173262894 0.876958484761417
0.854406170547009 0.883763931225985
0.83703444711864 0.913190100342035
0.833966997917742 0.922074504196644
0.855641319416463 0.930467256810516
0.857957857660949 0.90238802600652
0.865871059242636 0.934020183514804
0.868884679395705 0.939382411539555
0.819156826473773 0.953374083153903
0.796253393869847 0.939817699603736
0.757539944257587 0.944296388886869
0.739175838883966 0.942539880983531
0.743200309574604 0.939431136008352
0.795781860593706 0.917855467647314
0.811894020996988 0.908979478757828
0.81739976676181 0.872172922827303
0.818822077475488 0.87003988167271
0.818415489047766 0.855794239323586
0.803839734289795 0.890978096984327
0.803318381309509 0.903757852502167
0.799977174494416 0.902270175516605
0.798608780372888 0.901717194821686
0.79889232525602 0.894234506879002
0.800381081178784 0.869195699226111
0.805760272778571 0.838426953181624
0.802336044143885 0.844844841398299
0.749741959851235 0.919032038189471
0.734544146806002 0.915535042993724
0.73030893644318 0.90780948381871
0.748428068123758 0.867495301179588
0.764637847896665 0.8266935874708
0.72201160248369 0.858443826436996
0.712587868329138 0.841401489451528
0.730609124526381 0.836157573387027
0.749652108643204 0.820620848797262
0.771222579758614 0.816005410160869
0.791187555529177 0.840650469064713
0.785856481641531 0.843064636923373
0.766042091418058 0.868674927391112
0.782444761600345 0.86990203242749
0.799212372396141 0.8329768627882
0.804019034374505 0.818819134961814
0.799201270099729 0.738478496670723
0.780471420381218 0.718348317313939
0.773397641256452 0.723988422192633
0.772566048894078 0.719167989678681
0.768543677870184 0.71362653747201
0.764254228677601 0.709226834587753
0.724854183848947 0.753091103862971
0.703247366007417 0.76773436833173
0.691247521899641 0.768492489587516
0.650890287943184 0.799532406497747
0.622249952051789 0.788885327521712
0.605832521803677 0.802294623106718
0.576233190484345 0.846956757362932
0.638515170663595 0.741054228041321
0.618134037591517 0.748276699334383
0.593955762684345 0.77442039642483
0.534481518436223 0.846332808490843
0.597442492842674 0.784919275902212
0.577577693387866 0.835281822830439
0.557264619972557 0.868835854809731
0.539506023284048 0.920582584105432
0.519204304087907 0.935056397225708
0.535392990335822 0.942290472798049
0.587880572769791 0.85291210655123
0.568763016723096 0.890900745522231
0.663129452615976 0.805474803317338
0.664880857337266 0.814285640139133
0.687221359927207 0.807408533059061
0.637978137470782 0.863661453127861
0.627429572865367 0.872151176910847
0.625028980430216 0.864863152150065
0.620162164792418 0.876812004018575
0.643989332951605 0.872885853983462
0.670269453898072 0.853930113837123
0.683376805391163 0.825878807343543
0.715827703475952 0.774286403786391
0.727959697134793 0.767714466899633
0.749896831344813 0.750821952708066
0.765463379211724 0.734161813277751
0.788340813945979 0.747567164711654
0.772144701331854 0.783976189792156
0.716169158928096 0.792573942802846
0.747446484863758 0.794999125879258
0.707767590880394 0.828355678822845
0.721804279834032 0.810573759954423
0.689464360009879 0.844650850165635
0.643586505204439 0.880432441364974
0.655365099199116 0.883761454373598
0.652252172585577 0.912098382599652
0.653131116181612 0.920198283158243
0.660462157335132 0.919538505841047
0.71967276185751 0.921668145339936
0.693583452608436 0.929727349430323
0.692791705019772 0.948154143523425
0.765010489150882 0.953050274401903
0.805340172722936 0.966610803734511
0.788303538225591 0.972292529884726
0.770118574611843 0.975055150222033
0.729997612070292 0.965329394675791
0.714737836737186 0.977505921386182
0.732628392055631 0.990416885819286
0.744380506686866 0.977347694337368
0.842431074939668 0.99291451042518
0.850054111797363 0.997682029381394
0.828478848561645 0.995336583349854
0.60143271740526 0.993131885305047
0.571410190314054 0.990553386043757
0.570583540014923 0.989712862763554
0.588036367669702 0.98906036419794
0.644131934735924 0.986776262521744
0.661592309828848 0.986112737562507
0.70256925933063 0.974687619134784
0.673071299679577 0.959300135262311
0.658160199411213 0.946349290665239
0.643187603913248 0.961676849983633
0.602012657094747 0.948359547182918
0.609065539203584 0.945041312370449
0.639156760182232 0.925487577915192
0.602234203834087 0.939939787145704
0.615905425976962 0.93112558638677
0.617601145990193 0.92969378316775
0.645171752199531 0.898841544985771
0.565432817675173 0.905413954053074
0.591123981401324 0.921811771579087
0.601342169567943 0.92021209327504
0.555038378573954 0.945673889480531
0.555807995609939 0.94261987041682
0.549861788284034 0.948941512964666
0.51940771471709 0.97237711166963
0.489182060584426 0.969245735555887
0.492876387666911 0.975552063900977
0.465872770640999 0.983005327638239
0.507248369976878 0.930919810198247
0.507779111620039 0.918871368747205
0.532067629043013 0.900235544424504
0.558754571247846 0.85111424792558
0.491669381037354 0.907407669350505
0.506909369025379 0.87966037588194
0.522645174991339 0.864190799184144
0.505476505961269 0.880203333217651
0.52326811151579 0.854227913077921
0.582913172896951 0.743919552303851
0.582065805327147 0.751914783380926
0.635129883885384 0.734888708218932
0.67255985410884 0.736499218735844
0.697953433264047 0.724158921279013
0.666984540876001 0.742548674345016
0.651054235640913 0.75926963891834
0.64570772042498 0.770250419154763
0.623679598793387 0.769636005163193
0.636375290807337 0.785157174803317
0.669403465930372 0.771825613919646
0.666023540776223 0.769724365323782
0.720571869984269 0.736057801172137
0.732732152100652 0.701326621696353
0.733050565700978 0.712229516822845
0.740651512984186 0.677560798358172
0.719917381647974 0.69967590412125
0.690527887549251 0.708721880335361
0.742523218970746 0.666311957873404
0.751099468208849 0.659519715234637
0.747415841091424 0.720873304177076
0.788068275433034 0.660548600368202
0.807351976167411 0.682581505738199
0.795338151045144 0.645646546036005
0.793250325601548 0.646826811600477
0.789818292018026 0.635326331481338
0.75828829407692 0.636982930358499
0.747980186715722 0.632564314175397
0.789851235691458 0.609190749935806
0.793184953276068 0.616383774671704
0.806040759664029 0.610300906002522
0.807745465543121 0.592250313609838
0.811062418390065 0.54806116130203
0.778731424361467 0.49491498991847
0.760383806191385 0.544120251666754
0.787795044947416 0.526213588193059
0.803884342312813 0.562515895348042
0.805520053952932 0.606533982325345
0.79203867027536 0.580938298720866
0.788145307917148 0.571978670544922
0.786120559554547 0.559451557695866
0.749948414042592 0.586797391530126
0.735196034889668 0.608311312273145
0.731968498788774 0.61622647754848
0.778586968779564 0.593829116784036
0.751888334285468 0.622747777961195
0.720248007681221 0.651434828992933
0.683236882090569 0.676273389719427
0.67213515099138 0.677711427211761
0.669042160734534 0.678336438257247
0.692132471129298 0.693314669653773
0.702472290955484 0.683704333379865
0.66836435161531 0.72757802484557
0.65569620532915 0.714645453728735
0.651523114647716 0.714072205591947
0.643527556676418 0.680504431016743
0.636624353472143 0.68234950164333
0.66189794940874 0.666509724687785
0.68102975236252 0.621684078127146
0.682735531590879 0.614217192865908
0.691869053058326 0.61916674580425
0.714146139100194 0.643944178242236
0.722087431699038 0.636176493950188
0.706520590465516 0.61110676266253
0.703449661843479 0.592088219244033
0.685365538112819 0.602294153533876
0.669763051439077 0.60061401501298
0.660902430303395 0.592835516203195
0.66516669979319 0.562003451399505
0.649415215011686 0.549889502115548
0.656246437691152 0.544901754241437
0.665871957316995 0.554439295548946
0.683253040537238 0.546321789734066
0.70164308603853 0.517564507666975
0.693281715270132 0.513701637741178
0.660106388852 0.507882562931627
0.657154020387679 0.512369591742754
0.638434756547213 0.485978951212019
0.644252317026258 0.490213435608894
0.653376516886055 0.495445037726313
0.668938204646111 0.488464087247849
0.640057065524161 0.4514129916206
0.61349610844627 0.461548366583884
0.608236937783659 0.473374982830137
0.596560308244079 0.488277679309249
0.577744684647769 0.482802540063858
0.555920673534274 0.486966440919787
0.570812813937664 0.481514595914632
0.573410352692008 0.479673384688795
0.593759435694665 0.451901585794985
0.624137740116566 0.455504504032433
0.611610967200249 0.449517334811389
0.587462711147964 0.44524822384119
0.607513881288469 0.437632387503982
0.613501315936446 0.424057377967983
0.611219785176218 0.393099304754287
0.626066705211997 0.388418352697045
0.659263201989233 0.374501952435821
0.664338127709925 0.374581004492939
0.656981152947992 0.368506611324847
0.669358153361827 0.347035450860858
0.650508913211524 0.35674666473642
0.651806476060301 0.362062403932214
0.646675918251276 0.37086641183123
0.63048074953258 0.359456326812506
0.593492813408375 0.336936523672193
0.60397997032851 0.386253763455898
0.578296474181116 0.410527051892132
0.574523457791656 0.408008752390742
0.568177606910467 0.392656884621829
0.574231762439013 0.370298632420599
0.574225706513971 0.366922862362117
0.540081075858325 0.390112844761461
0.514509669970721 0.423148097936064
0.551611385308206 0.446977712679654
0.543406243436038 0.450036505702883
0.526050037238747 0.463101152330637
0.548544981516898 0.464994699228555
0.559852974489331 0.452177472878247
0.570984686724842 0.452012225985527
0.583891074173152 0.453202039469033
0.540350524708629 0.477153046056628
0.502259047236294 0.497033550869673
0.539457922801375 0.508823497220874
0.613869125954807 0.485412037465721
0.608631771989167 0.499438240658492
0.628025409765542 0.51746380282566
0.632112176157534 0.513485869392753
0.628668577410281 0.519917287863791
0.614589397795498 0.523157194256783
0.617022240068763 0.52942368760705
0.638175687752664 0.525263342540711
0.6372688007541 0.534299469552934
0.662188765127212 0.518880076706409
0.641687235794961 0.538279304280877
0.631556574720889 0.565278406254947
0.601415157783777 0.534450021572411
0.634809336159378 0.53847936866805
0.586390936281532 0.519524828996509
0.590606365352869 0.555341915227473
0.578982199542224 0.582072768360376
0.589943736791611 0.59050632128492
0.60565517982468 0.582056482322514
0.597850033547729 0.556343462318182
0.615993565879762 0.580567189026624
0.625655247364193 0.609731431584805
0.625756178051233 0.622618610039353
0.61723491223529 0.629608610644937
0.596340878866613 0.668031947687268
0.619387316051871 0.619496458210051
0.601118520367891 0.610554955899715
0.583799808751792 0.597818937618285
0.575559570454061 0.622249244246632
0.548574657179415 0.660729901865125
0.514663583599031 0.675217483192682
0.554574542213231 0.632318455725908
0.53910749219358 0.629213651642203
0.552847075276077 0.59664737759158
0.57624761108309 0.562972464598715
0.549944469239563 0.550958178937435
0.557146697305143 0.544823383446783
0.557805756572634 0.538334277458489
0.550022897310555 0.538479920011014
0.528158175759017 0.521564598660916
0.526217241305858 0.513685036450624
0.525018286891282 0.509957351721823
0.498343415092677 0.503272352740169
0.463341444265097 0.550923462025821
0.486790240742266 0.51744584646076
0.438673977274448 0.565043427981436
0.449140514247119 0.546697380486876
0.439439644105732 0.539463923312724
0.378880468197167 0.558763290755451
0.430649345740676 0.571162184234709
0.407281373161823 0.580147622618824
0.442577017471194 0.589391650632024
0.526170712895691 0.560061288066208
0.530853905715048 0.576293750200421
0.523545566014946 0.577756569720805
0.512518152128905 0.578596389852464
0.464686021208763 0.595238054171205
0.473424406722188 0.598036193288863
0.478101088665426 0.597921698354185
0.476932068355381 0.599884728901088
0.522049302700907 0.598497834056616
0.523169549647719 0.601612623315305
0.52793256053701 0.617374654859304
0.513163335621357 0.625245657749474
0.484819025266916 0.661960330791771
0.500601462554187 0.649808770045638
0.515548578463495 0.645426181145012
0.502474290318787 0.653187748044729
0.5010352935642 0.662920981645584
0.451852873433381 0.72218995494768
0.444548183586448 0.722726668231189
0.433771726675332 0.730168653652072
0.462339974939823 0.724464269820601
0.485863171052188 0.703856514766812
0.509430124890059 0.676211277022958
0.476686051115394 0.722003612667322
0.447144241537899 0.757504971232265
0.464927377179265 0.748047257773578
0.51907165069133 0.717462197877467
0.524141222238541 0.708419476170093
0.520825408864766 0.686396252829581
0.539079834707081 0.680692289955914
0.567634272854775 0.657999239861965
0.564791822340339 0.669512439519167
0.580898898653686 0.676231729332358
0.585413063876331 0.678666635416448
0.578535770066082 0.6966866501607
0.568240434862673 0.715323934797198
0.567985042463988 0.722754292190075
0.553768522571772 0.743727762717754
0.510833708103746 0.741510789375752
0.536995293106884 0.741052458528429
0.549333499744534 0.711900082882494
0.532482764218003 0.717970700934529
0.517575797159225 0.725200362037867
0.503925289493054 0.741967292502522
0.477218076121062 0.766529858577996
0.504896103404462 0.765070081688464
0.507928720209748 0.755231715273112
0.527026411145926 0.762602985836565
0.550118605606258 0.762400582432747
0.594047545455396 0.69793418282643
0.609518394805491 0.667095579672605
0.606731268577278 0.664606783539057
0.622247571125627 0.655023383442312
0.623955821618438 0.662432122044265
0.583941543474793 0.740978029090911
0.58070366224274 0.724691970273852
0.539154280442744 0.783888414967805
0.536967628635466 0.787126142997295
0.543409624136984 0.789174916222692
0.565068939235061 0.754391627386212
0.510857985820621 0.866653849836439
0.456749910023063 0.865239814855158
0.441946863662452 0.864554749801755
0.466813584323972 0.852698900736868
0.487093361560255 0.844880795106292
0.494131365790963 0.844302164390683
0.5027523660101 0.831541455816478
0.517632465809584 0.826158490031958
0.533261583186686 0.814318382646888
0.518032135441899 0.798521692864597
0.521218080073595 0.774100044742227
0.472635598387569 0.837810888886452
0.407431014347821 0.883000543806702
0.412590945605189 0.897457042708993
0.320145926438272 0.90997909847647
0.391321847215295 0.897209883667529
0.410257279407233 0.867156788706779
0.39495916152373 0.868301242124289
0.430343787185848 0.85366077022627
0.496625015512109 0.787932085804641
0.437721754424274 0.793482519686222
0.437307511456311 0.792674767784774
0.45020802738145 0.778008944820613
0.380866477731615 0.827468811068684
0.415854639839381 0.80618156818673
0.438445627689362 0.802872450556606
0.466399922501296 0.799991840496659
0.457496470306069 0.814084221143275
0.433616336900741 0.825979557354003
0.440072880592197 0.826955957803875
0.436835943255574 0.833718250505626
0.415151083376259 0.846278727054596
0.383023340255022 0.861000393517315
0.383209703955799 0.859849369619042
0.384567472618073 0.847596163861454
0.360699915792793 0.874074370600283
0.356037799268961 0.884161583147943
0.343375207856297 0.882894688751549
0.343577526044101 0.88038512552157
0.39608469279483 0.800473615061492
0.419522900599986 0.758711323142052
0.34848100412637 0.807809769641608
0.3531284336932 0.829648101702332
0.317657079547644 0.843157489318401
0.347942597232759 0.85052883811295
0.336254948750138 0.848510250449181
0.345203445758671 0.856335323303938
0.337019737809896 0.876480659935623
0.339030470699072 0.877916551195085
0.333804453723133 0.881656583864242
0.337113585323095 0.885314343031496
0.313710920047015 0.917927434202284
0.306087773293257 0.912582383025438
0.319452045019716 0.923975293058902
0.315811632201076 0.961608337704092
0.339751235675067 0.946809541899711
0.338435277342796 0.94225607579574
0.357908408623189 0.938436966389418
0.387257215101272 0.932165514677763
0.391179481055588 0.933328309562057
0.395672689191997 0.941154803149402
0.400185286533087 0.938510667532682
0.402082741260529 0.951589939650148
0.436825079377741 0.95026477240026
0.458046421874315 0.94089325889945
0.454654074274004 0.91239223908633
0.455570797901601 0.911901649087667
0.415929721668363 0.922628038097173
0.35583118442446 0.92206862103194
0.410749298520386 0.920760311186314
0.454892668873072 0.88066619168967
0.490812797565013 0.894189316313714
0.496079002507031 0.885341501794755
0.46281074732542 0.949127789121121
0.458073488436639 0.954678436741233
0.454254993703216 0.957008384633809
0.445554792881012 0.958688081242144
0.425165969878435 0.967002832796425
0.404392554424703 0.96813944214955
0.35388349276036 0.981638750061393
0.378643645439297 0.979895439464599
0.456931838300079 0.975593949668109
0.451439205557108 0.998465869110078
0.452479540370405 0.985642206389457
0.453488629311323 0.979758465662599
0.42182160820812 0.997340010013431
0.381114702671766 0.992534602060914
0.263702019117773 0.99879503576085
0.240041716489941 0.999846192076802
0.294150774832815 0.98971811356023
0.395034193992615 0.959511456079781
0.360295433085412 0.95006627170369
0.305818682070822 0.973191171884537
0.345261692535132 0.972757006529719
0.271071508992463 0.988057454582304
0.266237209085375 0.982446159701794
0.305972459726036 0.968541359528899
0.272624763660133 0.967026408296078
0.267570091411471 0.975619175471365
0.216064583044499 0.985424392856658
0.226712177507579 0.973129436839372
0.264909263700247 0.960015518125147
0.265791052952409 0.958274137228727
0.24274189863354 0.959532744716853
0.26428437512368 0.951790679711848
0.325908793602139 0.881733369547874
0.316486285068095 0.880986544769257
0.325922932475805 0.864616011269391
0.316210018936545 0.876361285336316
0.296453746035695 0.901097255758941
0.288537038024515 0.894662586506456
0.297933081164956 0.887251234613359
0.30894415313378 0.876310151070356
0.277587555814534 0.880524034146219
0.274756176862866 0.881304929964244
0.224598475731909 0.92300647078082
0.196049255784601 0.948322195094079
0.227572456002235 0.937000368256122
0.247085450682789 0.9227464501746
0.267233500722796 0.919683623127639
0.229523438494653 0.940698598977178
0.212889426853508 0.955955237615854
0.182264763861895 0.969475991092622
0.167647639289498 0.984202218707651
0.149071282707155 0.98993877414614
0.111712390556931 0.995971932075918
0.110895747318864 0.98860584013164
0.104743245989084 0.990126070566475
0.0709218010306358 0.995516535826027
0.0268472251482308 0.994723053649068
0.0721517666243017 0.986315162852407
0.0818687709979713 0.98771191155538
0.130419789347798 0.964605975430459
0.17240620451048 0.93745796289295
0.157242411747575 0.95059970440343
0.138543011154979 0.963591582607478
0.106853295117617 0.978994575329125
0.103284453507513 0.989435683004558
0.150035579223186 0.975664587691426
0.150293507613242 0.975195425562561
0.129042678512633 0.975439547095448
0.122679313179106 0.972770831547678
0.175589162390679 0.94648482138291
0.188401700928807 0.94046767288819
0.189583517145365 0.936062880791724
0.178288435097784 0.925391622353345
0.162481923121959 0.92950848210603
0.149195354897529 0.923853126820177
0.144876794889569 0.928063215687871
0.112163268495351 0.959477860014886
0.102310374379158 0.964351989794523
0.11665269266814 0.933127181604505
0.0529719879850745 0.972238225396723
0.065039892680943 0.945304132532328
0.105816738214344 0.928781407885253
0.134711442980915 0.918411820195615
0.173684660345316 0.877246498595923
0.162511061877012 0.892504099756479
0.217244138009846 0.868128866888583
0.220700411126018 0.857532994821668
0.221564554143697 0.8452811348252
0.20756460679695 0.858165844809264
0.16487060720101 0.878136492334306
0.205114568118006 0.834861238952726
0.223618220537901 0.828018233180046
0.202485274523497 0.818983599543571
0.191608727909625 0.833750679157674
0.18053203355521 0.837283987551928
0.174621728714556 0.839197819121182
0.159856975078583 0.854247791692615
0.152124046348035 0.871838686056435
0.144188064150512 0.88108202861622
0.102730143815279 0.903759084641933
0.0990082304924726 0.924089555628598
0.0823780582286417 0.919359277002513
0.154595804866403 0.853669548872858
0.155646831728518 0.847991566639394
0.172160422895104 0.825876637827605
0.168536490760744 0.815130672883242
0.132507668342441 0.858496349304914
0.105274290312082 0.883456283714622
0.118181272409856 0.876365193165839
0.069678449537605 0.92570854537189
0.0673234313726425 0.927917485125363
0.0358674717135727 0.939017486292869
0.0247792387381196 0.937333142850548
0.0164775438606739 0.989427062217146
0.0136107243597507 0.959498897194862
0.00618243450298905 0.929176311939955
0.0191947757266462 0.922964955680072
0.0429135584272444 0.926146306563169
0.032123290002346 0.916286932770163
0.0500093586742878 0.90877802297473
0.0746790529228747 0.8934630677104
0.073719035834074 0.881852870807052
0.0973599390126765 0.857106460724026
0.163106339517981 0.799371269997209
0.216123826801777 0.793571301735938
0.241221535950899 0.783999068196863
0.214659813325852 0.783790689427406
0.179947935044765 0.760517939459532
0.160158766899258 0.786819094792008
0.123509888071567 0.789083205163479
0.113134202547371 0.803589108865708
0.118875992018729 0.825176763813943
0.102525503374636 0.810925943776965
0.115653255488724 0.79435605648905
0.0237390813417733 0.875732879620045
0.0247550252825022 0.865491108968854
0.0133194834925234 0.843405367806554
0.0499344621784985 0.810352723579854
0.0958561431616545 0.79254530929029
0.0730715785175562 0.787901477888227
0.0586825045756996 0.794824567623436
0.0140564730390906 0.813583579845726
0.0137868509627879 0.813127003610134
0.0843964386731386 0.772447664756328
0.0933926231227815 0.780352992936969
0.129310797899961 0.754023741930723
0.12932653259486 0.750683686695993
0.153219517320395 0.752435493748635
0.20314144808799 0.71696337684989
0.263874035328627 0.65857164748013
0.260691018309444 0.660817273892462
0.244724356103688 0.665840709581971
0.242272161412984 0.665371763985604
0.21355184353888 0.681317005306482
0.187187777366489 0.697763781994581
0.170206116046757 0.695229499600828
0.221379966940731 0.664653085172176
0.149775968398899 0.681751842610538
0.164838766213506 0.683742427267134
0.159679291769862 0.695837865583599
0.118780420627445 0.738789450377226
0.107866392470896 0.741451076231897
0.112899988889694 0.748748637270182
0.0337008633650839 0.789183283224702
0.0537678231485188 0.731391918379813
0.0696059204638004 0.733138768468052
0.049774975515902 0.726093538571149
0.00404272926971316 0.797883111052215
0.00404442194849253 0.780372182838619
0.00594517961144447 0.746730974875391
0.00372069980949163 0.719205121975392
0.00269712880253792 0.710452645085752
0.00420832773670554 0.712223970796913
0.0359147782437503 0.71185252442956
0.0402717851102352 0.712316565215588
0.0850648870691657 0.699613702483475
0.0574776250869036 0.721962403506041
0.103493105620146 0.72753323847428
0.110014598350972 0.723643897566944
0.113851387519389 0.705099493730813
0.124423277098686 0.704116059467196
0.125604944303632 0.700086279306561
0.106463613919914 0.697291973978281
0.102391712367535 0.694285189267248
0.0905649592168629 0.693680763244629
0.0813098377548158 0.695060023106635
0.0777648217044771 0.695491857361048
0.0224992507137358 0.693559902254492
0.0716016963124275 0.640471532009542
0.0718012419529259 0.631422157399356
0.0673070033080876 0.622587607242167
0.0361651587300003 0.659805566072464
0.0287058004178107 0.666004334576428
0.0147561524063349 0.685089454520494
0.0146103892475367 0.668540796265006
0.02915068436414 0.643800689838827
0.0739391501992941 0.610968384891748
0.0759604964405298 0.607449685223401
0.0263357115909457 0.642531889025122
0.0250031664036214 0.635933495126665
0.00790867395699024 0.626253368332982
0.0106970798224211 0.604044443462044
0.00736525328829885 0.604112286586314
0.0533224334940314 0.579025998711586
0.0651010684669018 0.595664954744279
0.0871116891503334 0.584522787015885
0.0885815755464137 0.569313381332904
0.0979247707873583 0.574845940805972
0.117690253537148 0.600355860777199
0.113449160475284 0.611108290031552
0.120114496443421 0.620513801462948
0.125022865831852 0.619792262557894
0.115520001854748 0.634716186206788
0.0951626216992736 0.652227802667767
0.0904368250630796 0.656803558114916
0.0715159857645631 0.649902249220759
0.0654883915558457 0.682647810317576
0.113764621317387 0.682949773967266
0.155199811328202 0.660464668180794
0.151693798601627 0.665627323556691
0.205557125620544 0.635198459029198
0.220542274415493 0.625445916317403
0.182232129387558 0.659819251392037
0.204598974436522 0.660812381654978
0.235716371331364 0.62551580555737
0.221150724217296 0.612654766999185
0.217923068441451 0.613450719509274
0.242379869800061 0.587681382428855
0.24280365742743 0.58608017116785
0.20451089553535 0.59614592185244
0.175357538741082 0.624010882806033
0.172674624249339 0.636909143999219
0.160297985654324 0.63349237665534
0.117134871892631 0.666639263276011
0.161973507143557 0.630192526616156
0.144023081287742 0.620581115130335
0.1675337809138 0.619089831598103
0.168577919248492 0.619543034117669
0.21784357028082 0.578252463135868
0.206991179846227 0.582504801917821
0.185165722388774 0.591637587174773
0.166500309016556 0.574472539592534
0.184375281911343 0.598033325746655
0.172366519924253 0.589649700094014
0.160441235173494 0.586651614401489
0.129731700289994 0.586330087389797
0.146972392685711 0.575217320118099
0.144751891959459 0.557634915690869
0.131430228240788 0.556407859548926
0.126495451666415 0.587451622821391
0.110086882952601 0.553369734901935
0.110128678381443 0.544875593390316
0.122751023154706 0.53075945051387
0.135024160612375 0.507394867483526
0.132764701731503 0.496343666221946
0.0923849456012249 0.523673213552684
0.110514738131315 0.524416449014097
0.100811537355185 0.54201918002218
0.0692144450731575 0.541671331971884
0.0492109218612313 0.557840185239911
0.0666721626184881 0.577440856024623
0.038149194791913 0.564799499697983
0.0154430838301778 0.52189495973289
0.0182521948590875 0.50862235808745
0.0328161562792957 0.499479768797755
0.0472033401019871 0.497549932915717
0.0644843531772494 0.486630716826767
0.0587650602683425 0.470881908200681
0.0911308382637799 0.476324693765491
0.0739007643423975 0.455787002574652
0.0488727763295174 0.454187363386154
0.0552262649871409 0.458373170811683
0.0070397132076323 0.466758623719215
0.000919630751013756 0.436912725213915
0.0281139337457716 0.43678708281368
0.0427028080448508 0.424735624343157
0.0687621450051665 0.441184696275741
0.0762897315435112 0.451118632219732
0.0829418268986046 0.434963684994727
0.0231425501406193 0.411504456307739
0.0436284798197448 0.422445652075112
0.0209254259243608 0.419483021367341
0.00692049646750093 0.404607638251036
0.00250997254624963 0.401956157293171
0.00972843077033758 0.374086122494191
0.00790418405085802 0.353227369021624
0.00201677624136209 0.261920507997274
0.0198960187844932 0.301859053783119
0.0174542563036084 0.260656494647264
0.0272484505549073 0.236953789833933
0.0291467937640846 0.230066846124828
0.022099310066551 0.230812813621014
0.00668904464691877 0.177145510911942
0.0258413208648562 0.196211925242096
0.0169148603454232 0.167046258226037
0.0451000034809113 0.170621826779097
0.0224242084659636 0.161046224180609
0.0284021138213575 0.137335917912424
0.00329638831317425 0.12258118391037
0.00309753511101007 0.0763614773750305
0.00464138062670827 0.0113201201893389
0.0282362853176892 0.0422882460989058
0.0274089463055134 0.0771829048171639
0.0346669210121036 0.0907361512072384
0.0187559486366808 0.103777772281319
0.0272739045321941 0.108053162228316
0.0270982519723475 0.118969557341188
0.0551572013646364 0.150675669778138
0.0521973096765578 0.156298354733735
0.0500457673333585 0.173456135205925
0.0767018254846334 0.19449388794601
0.0463120047934353 0.11019579321146
0.0519390180706978 0.110405512619764
0.063965190667659 0.0950574204325676
0.101974504068494 0.119336998555809
0.105014725588262 0.118303894530982
0.118901466485113 0.118162905331701
0.113192808814347 0.121185648720711
0.122585619334131 0.140023612882942
0.119207485578954 0.159694128669798
0.112585890106857 0.137192647438496
0.0668422700837255 0.144063092302531
0.0941906478255987 0.195082849822938
0.149081951007247 0.211765956133604
0.154505462385714 0.213278058450669
0.185775657650083 0.204516572877765
0.170376634225249 0.225488360505551
0.18371141795069 0.220220489893109
0.196804332081228 0.184686086140573
0.1724405400455 0.161548089701682
0.1068797246553 0.0834814598783851
0.143551511690021 0.114736162126064
0.184879640582949 0.121068366803229
0.161407981533557 0.107987210620195
0.12092036055401 0.0743871219456196
0.0915808291174471 0.0650951461866498
0.0872795423492789 0.0563455475494266
0.0849545975215733 0.0516037498600781
0.0845601838082075 0.0473779845051467
0.0732362242415547 0.038690198212862
0.0505051505751908 0.0265993848443031
0.0825098603963852 0.0641414835117757
0.0604810365475714 0.0885828053578734
0.0249704206362367 0.0292804995551705
0.0289423614740372 0.0149342296645045
0.0291535705327988 0.0128276818431914
0.0368653167970479 0.0144935045391321
0.0270837941206992 0.00359141873195767
0.103634293656796 0.0422061886638403
0.11116475937888 0.0537512940354645
0.162168489769101 0.0842168824747205
0.190386264119297 0.0998108368366957
0.132140489295125 0.0747768804430962
0.201200236566365 0.106129582505673
0.2032754952088 0.0977586326189339
0.119408406782895 0.0434484123252332
0.102997354697436 0.0362987415865064
0.0417154124006629 0.00779053289443254
0.111145784612745 0.0344477305188775
0.115478068124503 0.00542863411828876
0.156694028992206 0.0214769276790321
0.153417287860066 0.0229121372103691
0.17346151964739 0.0363020994700491
0.137353839818388 0.0333673632703722
0.119330811779946 0.0419844426214695
0.132223146501929 0.0465876394882798
0.168872664216906 0.063240282703191
0.188081117812544 0.0718114697374403
0.211979111656547 0.0782456444576383
0.214508502744138 0.100231465883553
0.216495523229241 0.14843932678923
0.20609340025112 0.132068534847349
0.188040908891708 0.13910026429221
0.171690112911165 0.144842342007905
0.207536414731294 0.178791623096913
0.251356449909508 0.192595052532852
0.26328017981723 0.192969531286508
0.272419041022658 0.193789220880717
0.263266636058688 0.155701142270118
0.309873282909393 0.139259827323258
0.296087448950857 0.127023492008448
0.285794258117676 0.121138098649681
0.260112786199898 0.131647065747529
0.226859029382467 0.106183232739568
0.224185621365905 0.081694295629859
0.238918437622488 0.0884937257505953
0.220655793324113 0.0738345310091972
0.197388651315123 0.0494607449509203
0.184895747806877 0.0448144599795341
0.182532673235983 0.040848343167454
0.17500620521605 0.0115081267431378
0.193320975638926 0.00911271385848522
0.194737592246383 0.0394539795815945
0.210923132952303 0.0163255683146417
0.194638872519135 0.000605164095759392
0.246442459058017 0.0118187349289656
0.256539536640048 0.0185275925323367
0.319246336817741 0.0227215518243611
0.339372774586082 0.0217206184752285
0.346863714046776 0.0261862049810588
0.32658693054691 0.028180964756757
0.313700217287987 0.0280645829625428
0.262698574922979 0.02245321450755
0.280638094991446 0.0403068535961211
0.326057352125645 0.0356274764053524
0.396789229474962 0.0185546479187906
0.376886138692498 0.020889981649816
0.287504657637328 0.00982032204046845
0.278445445466787 0.0087531148456037
0.319325484801084 0.00668735709041357
0.379645333159715 0.00134915299713612
0.407914372626692 0.0128504736348987
0.383069620467722 0.040205747820437
0.364089455455542 0.0481457789428532
0.28528516786173 0.0490431259386241
0.352371903602034 0.0562403425574303
0.387323330622166 0.0704960995353758
0.347431227564812 0.0715755373239517
0.335056769195944 0.0776048647239804
0.316627911757678 0.0659549860283732
0.298608710058033 0.0591832892969251
0.329645577818155 0.0836342782713473
0.388903666287661 0.156254816334695
0.380042759235948 0.160755096469074
0.380395666696131 0.164973421487957
0.401744002476335 0.201165718492121
0.403565453831106 0.239219825714827
0.378237209282815 0.249872064217925
0.39056735066697 0.287723779678345
0.378213779069483 0.274305340368301
0.367451965343207 0.27143413759768
0.351297846995294 0.258796512149274
0.310140738263726 0.26185392215848
0.306329736951739 0.195794478990138
0.350863812491298 0.247180555481464
0.318254723679274 0.187073324341327
0.369808793999255 0.194940865971148
0.336787348613143 0.170443950220942
0.343832765705884 0.149803721345961
0.351804776582867 0.149650662206113
0.348194302525371 0.128722644411027
0.3291279184632 0.103834218345582
0.277957840822637 0.0501952334307134
0.241117151919752 0.0507262120954692
0.23748066322878 0.0611808435060084
0.257107347249985 0.063524354249239
0.251161231659353 0.0744855618104339
0.258413624949753 0.0796189336106181
0.243668803013861 0.109303595032543
0.291199943982065 0.0989124272018671
0.285270672291517 0.0864483187906444
0.307574248407036 0.0960141611285508
0.323475312907249 0.115223712753505
0.315313185565174 0.127934203948826
0.282351231202483 0.117003438528627
0.335311371367425 0.154334187973291
0.265295807272196 0.157963764388114
0.304799529723823 0.207241951487958
0.282177018467337 0.180508283898234
0.306413128972054 0.217492988798767
0.298590851947665 0.231075567193329
0.279709866736084 0.216218390967697
0.248398816678673 0.225736464839429
0.227535519283265 0.200995054095984
0.232965365517884 0.214518547523767
0.23405340872705 0.273344464600086
0.219415924046189 0.274057301692665
0.216239464469254 0.28133022133261
0.22978640627116 0.283582232426852
0.248534106649458 0.27247223816812
0.244867897126824 0.260445096064359
0.284935326315463 0.249243921600282
0.277468403335661 0.263511290773749
0.264721082057804 0.273859526496381
0.243907950818539 0.284877737052739
0.188701866194606 0.298015024513006
0.197230422403663 0.314600254874676
0.239981865510345 0.315739165060222
0.256585872732103 0.320804486982524
0.266072617378086 0.329857264179736
0.264887216035277 0.333860690239817
0.251732618547976 0.339128158055246
0.26603831211105 0.355517620686442
0.264820515643805 0.368295251391828
0.268264970276505 0.375399245880544
0.274853598792106 0.356228662654757
0.281668131705374 0.340994840953499
0.296518237330019 0.332096154801548
0.286542674992234 0.293896539602429
0.322530641686171 0.305342056322843
0.336657675914466 0.305214714258909
0.30166698852554 0.285275333561003
0.335081960540265 0.297019952908158
0.353168185334653 0.30043961154297
0.386899281758815 0.350836590863764
0.385189219377935 0.354185850825161
0.339439053554088 0.322567689698189
0.330444109626114 0.324165012221783
0.285434961784631 0.379232079721987
0.281372021418065 0.387914851307869
0.235836195293814 0.370439632795751
0.231258103158325 0.371051674243063
0.253197293262929 0.363745107315481
0.213664449751377 0.34260642202571
0.180427091661841 0.328719821758568
0.159962090197951 0.336727819405496
0.147880859207362 0.324721198994666
0.136107848957181 0.313588202465326
