256
0.649798314552754 0.11542457761243
0.665080931968987 0.0403667725622654
0.71883088350296 0.0788762220181525
0.714618278667331 0.0382714103907347
0.640621955972165 0.0384135977365077
0.537153297103941 0.0132546997629106
0.534792709629983 0.0398886888287961
0.516640920657665 0.0604207823053002
0.579024317208678 0.12981812376529
0.622792003210634 0.137820987496525
0.640246993396431 0.241885498631746
0.635635656770319 0.254758406896144
0.674213272053748 0.237415017560124
0.666067816782743 0.182594296056777
0.678037400357425 0.163474946748465
0.727951337117702 0.163070642389357
0.877934085670859 0.38557604374364
0.885311948135495 0.40420542191714
0.838155186735094 0.335867054760456
0.758731184527278 0.236416534055024
0.816942099481821 0.366076528094709
0.748779740184546 0.322936764452606
0.730421640444547 0.306467489805073
0.728119954001158 0.328272140584886
0.727245294954628 0.362581142690033
0.797174017410725 0.38720966456458
0.799767113756388 0.421631938777864
0.810251163784415 0.448017429560423
0.776535160373896 0.524656729772687
0.900897533632815 0.441266966052353
0.871477927081287 0.328642756678164
0.922581118997186 0.378347312100232
0.751490155234933 0.169762511271983
0.873647314496338 0.271451002452523
0.904700197279453 0.217235965188593
0.985172941349447 0.242851031478494
0.933238874655217 0.355907050892711
0.953976962715387 0.359255322255194
0.953626245260239 0.437173153739423
0.94856743933633 0.466822220012546
0.965887390542775 0.51201953785494
0.976453020703048 0.30601319950074
0.998074966948479 0.644298443570733
0.998982077464461 0.729826551862061
0.98986521968618 0.798498384188861
0.933153080288321 0.927203252911568
0.821713232435286 0.988822951447219
0.941537908278406 0.826263467781246
0.810038451105356 0.984364727977663
0.734297705348581 0.985727377701551
0.838942904490978 0.879189430270344
0.888295139651746 0.812309708911926
0.858891471289098 0.829072951804847
0.732814125251025 0.977047032210976
0.601434253621846 0.989503393415362
0.439582129940391 0.979189293924719
0.358750887215137 0.967012810986489
0.450617101509124 0.949544799979776
0.530055927112699 0.93926452845335
0.543092523235828 0.891184263862669
0.566057774238288 0.952177879400551
0.670713128056377 0.737575226463377
0.479290592484176 0.856860491447151
0.681398098822683 0.709396308753639
0.713690645527095 0.686878522392362
0.752902931068093 0.657521216664463
0.618884646799415 0.925961583387107
0.643342239782214 0.908573186956346
0.706486231181771 0.811702983919531
0.793212253600359 0.75992356101051
0.759635621216148 0.791220648214221
0.658008071128279 0.926667070016265
0.767549311742187 0.840573337860405
0.816162799019367 0.790213834960014
0.834047279786319 0.771169940009713
0.843735662754625 0.741500275675207
0.925630982965231 0.640051913913339
0.9944625380449 0.716599498875439
0.968321067746729 0.542567064985633
0.9335946762003 0.534664718434215
0.883358031045645 0.674593178555369
0.761918828822672 0.536740581505001
0.651049997657537 0.576935367193073
0.593697185628116 0.743310731835663
0.526291634421796 0.759747894946486
0.464063877239823 0.856757706962526
0.498006819747388 0.761107143014669
0.46423376724124 0.794399311300367
0.452776031568646 0.81538434419781
0.476586151402444 0.803358130622655
0.442594747059047 0.835725006647408
0.422092708293349 0.839534705039114
0.390572650358081 0.881291727535427
0.387648830655962 0.940599875990301
0.360407267697155 0.953677548561245
0.34896621061489 0.966616164427251
0.338037988636643 0.96667314786464
0.373206754215062 0.857860571239144
0.311925928108394 0.851347994524986
0.273341459222138 0.883638089057058
0.330340472515672 0.969449419528246
0.222712049260736 0.9984409105964
0.0559232542291284 0.999259798787534
0.00364398024976254 0.950183582026511
0.00864567374810576 0.901687869336456
0.0219632238149643 0.822637112811208
0.022636138368398 0.837270631454885
0.0157079985365272 0.896946699358523
0.145325949881226 0.957567546516657
0.229880270548165 0.929569048807025
0.189517705701292 0.894848604686558
0.0513882376253605 0.889495729003102
0.22448755055666 0.865861441940069
0.220422464422882 0.815964262001216
0.231504085939378 0.796228433493525
0.120589347556233 0.834136408288032
0.0437026689760387 0.817208749707788
0.00180905964225531 0.782499975990504
0.0715676210820675 0.726108361966908
0.0334204062819481 0.778672460932285
0.175515247974545 0.709845513571054
0.133986245375127 0.702703256160021
0.193192416336387 0.653596794232726
0.255421125330031 0.618119382299483
0.367633287794888 0.580444417428225
0.328552693594247 0.644043133128434
0.284569471608847 0.680798069573939
0.287231804803014 0.701428289990872
0.344302625861019 0.696185981389135
0.407269129995257 0.627337095327675
0.43062054971233 0.640488652512431
0.397825545165688 0.729327490087599
0.378286052495241 0.803547827061266
0.50341372936964 0.596709634643048
0.53661157283932 0.589973755180836
0.525195350404829 0.637697465252131
0.412785480264574 0.771548132412136
0.436458997428417 0.790569374803454
0.476975583005697 0.74995136493817
0.513310005888343 0.676669091917574
0.63439977215603 0.578805613331497
0.607352586463094 0.540403299964964
0.619904238730669 0.516386239789426
0.586341345217079 0.507238180842251
0.657991642598063 0.459192691836506
0.671164149418473 0.439609834458679
0.635763138532639 0.433268854860216
0.600758890155703 0.407327705062926
0.547060581855476 0.478441183455288
0.538988444954157 0.48159386543557
0.500146503094584 0.518689169082791
0.478574438486248 0.515003652777523
0.516880109440535 0.468281775712967
0.459883578587323 0.489250265527517
0.512020644266158 0.364602540619671
0.532044352963567 0.39331311173737
0.604277058970183 0.362160301301628
0.652839859947562 0.338765163905919
0.581600308418274 0.146391762420535
0.565197554416955 0.177442951127887
0.54517543874681 0.153272775467485
0.505282821599394 0.0999568174593151
0.480875846464187 0.0817468115128577
0.406781064346433 0.0841380059719086
0.41209956491366 0.0935207093134522
0.41407537041232 0.121319998055696
0.444858996197581 0.130989132449031
0.489948100410402 0.187998163513839
0.536759319715202 0.233133224304765
0.560929832980037 0.25530619546771
0.499109684024006 0.343138644937426
0.445002678781748 0.208121141418815
0.318551479838789 0.26857182290405
0.225239485967904 0.290139095392078
0.277357910294086 0.343772410415113
0.253604459576309 0.403352741152048
0.298285270109773 0.408705075737089
0.325006940402091 0.3676149812527
0.426124564837664 0.343857005704194
0.453068195376545 0.331074626650661
0.444327954668552 0.378771577496082
0.401150169316679 0.440509073901922
0.436096770688891 0.428975392132998
0.410552814602852 0.464191123377532
0.347293842583895 0.552692065946758
0.334231145679951 0.51602135412395
0.149091750849038 0.585691758431494
0.0920890672132373 0.541542137507349
0.143358449451625 0.673973151482642
0.0820154128596187 0.733379682991654
0.0976447747088969 0.708337062969804
0.0769593100994825 0.65398682653904
0.0125986617058516 0.545691199135035
0.0879415725357831 0.509255744051188
0.0546889398247004 0.409244743175805
0.118390470277518 0.361426027491689
0.129238775465637 0.413550730329007
0.183316806796938 0.495500648859888
0.234552544075996 0.511394285596907
0.261065913364291 0.473607046529651
0.250781751703471 0.433459247462451
0.194391238037497 0.451645009219646
0.192818426061422 0.449252524413168
0.184152050875127 0.393559093121439
0.225253714714199 0.364583775866777
0.112541993148625 0.308956357184798
0.0446951845660806 0.350690840277821
0.0376664437353611 0.275631863158196
0.0326695926487446 0.234308313112706
0.00468135671690106 0.111851937603205
0.0407482995651662 0.124153059907258
0.0704179997555912 0.00217093387618661
0.140832762233913 0.103563411626965
0.117097430862486 0.143820762634277
0.0525139789097011 0.188178789801896
0.144902931526303 0.264378746040165
0.155055566690862 0.210718769580126
0.116442500147969 0.192754567135125
0.184663179796189 0.186580409761518
0.219187370035797 0.182110704947263
0.262819656636566 0.27147201821208
0.229616208933294 0.164360004011542
0.299983796663582 0.195131439249963
0.310785551089793 0.243306117132306
0.320159655995667 0.244580653961748
0.385343711823225 0.193558627273887
0.327430646400899 0.195142367854714
0.310151455923915 0.135791736654937
0.221014784649014 0.109628902748227
0.309711440932006 0.0852395202964544
0.298982777167112 0.0662311012856662
0.268675426952541 0.0756000177934766
0.253201697487384 0.0774941924028099
0.156029829289764 0.0693296953104436
0.25723122805357 0.0268657058477402
0.330051010008901 0.0553436442278326
0.364517438691109 0.0535349221900105
0.338444616645575 0.00155775481835008
0.546831868588924 0.00451243342831731
0.716530958656222 0.0210946528241038
0.750159820076078 0.0054690083488822
0.795733081642538 0.00109415035694838
0.80897970078513 0.00480649573728442
0.789585020393133 0.0666872556321323
0.788000985048711 0.0780109707266092
0.848314910195768 0.075034277047962
0.845519380643964 0.0579696879722178
0.844755570404232 0.0396541487425566
0.95545640680939 0.0544052454642951
0.951304811984301 0.146755969617516
0.947926684748381 0.0976591906510293
0.907117226626724 0.0826986948959529
0.84119401499629 0.103187800385058
0.862434639595449 0.195001475978643
0.809802331030369 0.137813501991332
0.783470540307462 0.116079508326948
