1024
0.962283967062831 0.0833700303919613
0.969995392952114 0.101870535407215
0.976101293228567 0.0202521556057036
0.980882022995502 0.0336191635578871
0.982984169851989 0.19822407932952
0.968512973282486 0.200259895529598
0.980332140810788 0.135382816195488
0.981748740654439 0.124613411258906
0.958167653996497 0.121669249609113
0.95236673951149 0.0880549028515816
0.924812457989901 0.0314015122130513
0.927416044287384 0.041623521130532
0.932813557330519 0.0525855598971248
0.954511498101056 0.108449410647154
0.929137774277478 0.181519333738834
0.878659539856017 0.216476193629205
0.889191533904523 0.158485003281385
0.868724117986858 0.151188445743173
0.859416238497943 0.149351188447326
0.843266762327403 0.123300542589277
0.835809532087296 0.119484347291291
0.864909031894058 0.116296159103513
0.872704793233424 0.127026472706348
0.900194825604558 0.12523375172168
0.880268205422908 0.079606075771153
0.90621437644586 0.126794612500817
0.926413984503597 0.140127682127059
0.934659622609615 0.0964189004153013
0.915853555314243 0.0730477892793715
0.914301549550146 0.0493128974922001
0.855428552720696 0.0319265597499907
0.916472156532109 0.0285390112549067
0.864218080416322 0.0198585288599133
0.870783878024668 0.0258442079648376
0.835686421021819 0.0214374945499003
0.870847161859274 0.0863901879638433
0.861765279900283 0.0728136254474521
0.842428305651993 0.077916685026139
0.841800703201443 0.0927586909383535
0.806057908572257 0.0434654704295099
0.771951143164188 0.0310151521116495
0.716024437453598 0.0129699828103185
0.701170016080141 0.0390257979743183
0.631246245000511 0.0459986161440611
0.687883503269404 0.0489794644527137
0.760896610561758 0.0670771151781082
0.775757801253349 0.0722546316683292
0.800771054346114 0.0544721623882651
0.821821304038167 0.122802046593279
0.848112957086414 0.192818070761859
0.834358197636902 0.13827670365572
0.870542132761329 0.184738773852587
0.872672684490681 0.172320766374469
0.870731092989445 0.210482489317656
0.831345327198505 0.224578053690493
0.872896062210202 0.330473093315959
0.878399983979762 0.307614511344582
0.870821907650679 0.272770333569497
0.865026163402945 0.229871743824333
0.8964987648651 0.267070234753191
0.887294275686145 0.268718627281487
0.89919377444312 0.277690773829818
0.825808721594512 0.445385285187513
0.804977495688945 0.498748356942087
0.822129581589252 0.457343241665512
0.822726851794869 0.487317744176835
0.806000825017691 0.526233939919621
0.797396659385413 0.535313634667546
0.741135432850569 0.699628445319831
0.797562060877681 0.639612699393183
0.747982733882964 0.704689259175211
0.794104741886258 0.692165072076023
0.801628341898322 0.668094275984913
0.852411870379001 0.604717079550028
0.828902060631663 0.653598005883396
0.878773906268179 0.590289737097919
0.895911820232868 0.565909512806684
0.890233466401696 0.547520487103611
0.866288468241692 0.557412883732468
0.828940336126834 0.619587614201009
0.782717866823077 0.626126718707383
0.774112469982356 0.637347398325801
0.768956263549626 0.64710539765656
0.785338590852916 0.595779901836067
0.816704483702779 0.573151607066393
0.824914425145835 0.559575296472758
0.796430315356702 0.570783296599984
0.820156620815396 0.539456777274609
0.849071324802935 0.511628632433712
0.852260530926287 0.516344123985618
0.832099231891334 0.455088533926755
0.930596684105694 0.222529038321227
0.934145510662347 0.222001065500081
0.941259249579161 0.215557714458555
0.929872157983482 0.352511775679886
0.943489040713757 0.261315934825689
0.944024479016662 0.217873938381672
0.945004939101636 0.301182553172112
0.928506320808083 0.36005149083212
0.924658130388707 0.308188119903207
0.914094764739275 0.330479654017836
0.929478519596159 0.267014333512634
0.872989390976727 0.386214997153729
0.927658057305962 0.405659874901175
0.90745639661327 0.417247490491718
0.89799052849412 0.439514412079006
0.894640568178147 0.453618382569402
0.88605262665078 0.437238677404821
0.87722785724327 0.43587373290211
0.870432403404266 0.430503943003714
0.857258844189346 0.434662740677595
0.84650694578886 0.42508008191362
0.835633560549468 0.447946013417095
0.843927569687366 0.4521444584243
0.876202454790473 0.459010103251785
0.880820033606142 0.499505538493395
0.871205085888505 0.554047017823905
0.900786943268031 0.497351590543985
0.902450351510197 0.478883179835975
0.8998057032004 0.559610591735691
0.937181423883885 0.489102738909423
0.948728791903704 0.393050519749522
0.968177251517773 0.391153011471033
0.973791941534728 0.295064423233271
0.982582669705153 0.346481809858233
0.98375788750127 0.478346108458936
0.985612502787262 0.48418777808547
0.963969130069017 0.429937678389251
0.950859712436795 0.467369316145778
0.943261787761003 0.500466722995043
0.934939604718238 0.581469662021846
0.913279158063233 0.590595729183406
0.894545833580196 0.649892514105886
0.869150835555047 0.698909395840019
0.841972079593688 0.677618605084717
0.858409092761576 0.668092295993119
0.886355731636286 0.630503398366272
0.789732938632369 0.711916635278612
0.830688024871051 0.699349499773234
0.839440813288093 0.685382787603885
0.844279382843524 0.705082997214049
0.877507811412215 0.707261406816542
0.905843450687826 0.713122720830142
0.929036599583924 0.625376975629479
0.942682312335819 0.582255165558308
0.950629781931639 0.572631913702935
0.953078229445964 0.603716759476811
0.946509422268718 0.660916595254093
0.944474377203733 0.711648068856448
0.95154464058578 0.729774174746126
0.969551179092377 0.715958399698138
0.947618869598955 0.751666327472776
0.939597353804857 0.789427240844816
0.922313597518951 0.764629186596721
0.906001042108983 0.74909354839474
0.901015926618129 0.750915626529604
0.899327134713531 0.767054581549019
0.869109726045281 0.715440942905843
0.845284081064165 0.752183667849749
0.834147162269801 0.797647521365434
0.829089489765465 0.802126196678728
0.764447986148298 0.82547968486324
0.770430562086403 0.873941509053111
0.795776542741805 0.890239872038364
0.820413263980299 0.907650858629495
0.826168438885361 0.918755501974374
0.842421215958893 0.903763034380972
0.842893769498914 0.901511231902987
0.849606801290065 0.876608076039702
0.880951165687293 0.86421178560704
0.830344859044999 0.928181441966444
0.849922668654472 0.914701559580863
0.874716263264418 0.943763574585319
0.884275577962399 0.932395533192903
0.898308790288866 0.901971076149493
0.886396457906812 0.873150421306491
0.892462783958763 0.873515474610031
0.881233924068511 0.802584144752473
0.868874490261078 0.7687600357458
0.92484360281378 0.784941926598549
0.927804795093834 0.823177034500986
0.928444609045982 0.853855550289154
0.926211887039244 0.888133889064193
0.948239285498857 0.912372650578618
0.94972847122699 0.90505611943081
0.940423699095845 0.899437048938125
0.981302810832858 0.916302811354399
0.979387793224305 0.915200502611697
0.976328917779028 0.881533533334732
0.973377015441656 0.832483524922282
0.974892371334136 0.754806913435459
0.985066810622811 0.726197450887412
0.98931418871507 0.508666032459587
0.997919583693147 0.409750103019178
0.984696955420077 0.0558149395510554
0.999433310702443 0.166781126521528
0.999118166510016 0.220026734750718
0.998236468527466 0.592556979041547
0.992951353080571 0.676839472260326
0.99442970007658 0.589175708591938
0.99173636129126 0.684032703284174
0.991189510561526 0.923744005616754
0.976368705742061 0.971157282590866
0.972208965569735 0.930378034710884
0.949003640096635 0.93349259858951
0.898718895856291 0.947054464370012
0.963979987427592 0.943635381758213
0.895891936030239 0.956877671182156
0.974169963505119 0.961152874398977
0.884919852484018 0.997374826576561
0.887775174807757 0.982265541795641
0.883664855267853 0.990781570784748
0.883685059379786 0.983775523491204
0.83352981461212 0.977112402673811
0.823153192643076 0.984851692337543
0.815583198331296 0.955317229498178
0.778755945619196 0.953115293290466
0.80470513086766 0.932410847395658
0.780849226284772 0.948940118774772
0.794208579696715 0.93757312418893
0.790675904136151 0.931791526265442
0.767847869545221 0.926658294629306
0.813143731560558 0.932101609650999
0.759934011381119 0.920376682188362
0.746337815187871 0.963098806794733
0.706159509718418 0.978950452059507
0.672689449042082 0.949445057660341
0.683287892490625 0.945271940901875
0.724171180743724 0.952684655785561
0.748969506472349 0.930471004452556
0.741524404380471 0.911308310460299
0.702366550918669 0.915536267217249
0.666004730854183 0.940330608282238
0.709726810455322 0.869381375610828
0.699579322710633 0.890778218396008
0.695109587628394 0.899558294098824
0.722239200025797 0.893973270431161
0.731436715461314 0.887270641513169
0.738545146770775 0.876474159769714
0.757246360182762 0.876232816837728
0.74571505188942 0.873357206117362
0.744042696431279 0.874805778730661
0.756112207192928 0.828396314289421
0.757379857823253 0.825515933334827
0.727576240897179 0.813468670938164
0.6927041253075 0.851977087091655
0.701044803019613 0.827013191767037
0.674430613871664 0.809127264190465
0.679072782862931 0.79695170558989
0.684372199233621 0.804940089583397
0.714965634513646 0.817002099473029
0.72355473600328 0.778954036533833
0.781885169446468 0.732085303869098
0.735594214871526 0.719802848063409
0.734466901514679 0.720560381188989
0.719328359700739 0.747660162858665
0.691083117388189 0.767282642889768
0.73279128363356 0.695510741788894
0.706971606239676 0.682817819528282
0.691782819107175 0.679203271865845
0.668347931001335 0.719474387355149
0.654413627460599 0.690664644818753
0.651514198631048 0.664797660429031
0.628963405732065 0.73991935653612
0.616367679554969 0.767473164014518
0.622331117745489 0.764093640260398
0.61333824088797 0.796662393957376
0.615225467830896 0.802755194250494
0.627968985587358 0.800866628531367
0.638555338606238 0.765891007613391
0.64662865223363 0.730227215681225
0.663033045362681 0.723466565832496
0.667869831435382 0.737355215009302
0.671867787372321 0.769963581115007
0.649628606624901 0.790368157438934
0.641609780024737 0.801683399826288
0.631977291312069 0.811318721622229
0.590549721382558 0.852188986726105
0.619961297605187 0.865184082183987
0.659501184243709 0.865847415290773
0.652058267500252 0.906888260506094
0.61975785670802 0.965845107566565
0.616517436224967 0.956911568064243
0.592839259654284 0.956903331447393
0.628781328443438 0.97625278076157
0.635600065812469 0.960711617488414
0.651407188270241 0.928754236083478
0.648602346889675 0.992845337837934
0.757589149288833 0.997823446523398
0.707843075040728 0.999274418689311
0.630309329833835 0.995613967534155
0.198356758803129 0.999921575188637
0.212503443937749 0.98813108028844
0.286230463068932 0.986319351010025
0.292055384721607 0.988577325828373
0.302798458375037 0.988920510280877
0.285265592858195 0.962783923838288
0.333874575793743 0.928878737613559
0.300785267259926 0.945813682395965
0.274920367635787 0.918315069749951
0.226142936851829 0.926048915367573
0.217371475882828 0.930677127093077
0.123245323076844 0.994567517191172
0.0900503378361464 0.997696740552783
0.0355605464428663 0.968749606050551
0.022437434643507 0.956930768676102
0.00250367913395166 0.941251307725906
0.00397175503894687 0.92492146557197
0.00860301032662392 0.875287912320346
0.00125977443531156 0.825769205577672
0.0244578351266682 0.750364629551768
0.0175689104944468 0.780979831237346
0.00731256557628512 0.814215769059956
0.0226037013344467 0.841845616698265
0.0235999734140933 0.847173515707254
0.0540688713081181 0.841130863409489
0.040046211797744 0.805075224488974
0.0625861096195877 0.788151725195348
0.0757341370917857 0.861950305756181
0.0681946137920022 0.871544722933322
0.0365344611927867 0.89866726892069
0.0581328552216291 0.935660982504487
0.0554255396127701 0.948322453070432
0.0759976739063859 0.92235646629706
0.0966712278313935 0.915495795197785
0.0898897098377347 0.895305670332164
0.0798448584973812 0.894112581387162
0.0725421993993223 0.9058991773054
0.0713428710587323 0.902170562651008
0.0772036435082555 0.880934520158917
0.0873973350971937 0.881456409581006
0.0902685350738466 0.876784869469702
0.112756473943591 0.840237554628402
0.102685107383877 0.845508756581694
0.135964285582304 0.82150660129264
0.142691914923489 0.807715400587767
0.139568083453923 0.797825804445893
0.134037226904184 0.793840020895004
0.095627395901829 0.839161231182516
0.0990581400692463 0.811380922328681
0.106401262339205 0.806705622933805
0.110265918076038 0.803163848817348
0.166008896194398 0.750422072131187
0.161154102999717 0.74970087967813
0.216304268222302 0.707895388361067
0.195747108664364 0.679291844367981
0.154783641453832 0.678188207093626
0.111108938697726 0.71395160863176
0.141961858142167 0.732496373355389
0.0948024434037507 0.738558516837656
0.0852973931469023 0.761770308017731
0.0255217337980866 0.749164383858442
0.0976602518931031 0.706735202111304
0.164972848724574 0.62466457625851
0.147823211736977 0.627096474170685
0.128345332574099 0.613307910040021
0.0948764313943684 0.622555836103857
0.0946883009746671 0.636894160415977
0.101687103044242 0.680250074714422
0.0965430252254009 0.69666726142168
0.0790897039696574 0.697112721391022
0.0457388996146619 0.711259320843965
0.0384051981382072 0.703094626776874
0.0194283672608435 0.705322820227593
0.00359117006883025 0.6588821769692
0.0389990080147982 0.681879917159677
0.0292124510742724 0.649107202887535
0.0434894091449678 0.629179726820439
0.0451781000010669 0.620559519156814
0.0486060818657279 0.546162885148078
0.0197815727442503 0.540295695420355
0.0254322839900851 0.553114202339202
0.00194533495232463 0.547276359517127
0.048058704007417 0.509097471367568
0.0537341865710914 0.524954779073596
0.0968068446964025 0.534224122297019
0.119653697125614 0.522484466899186
0.107555030379444 0.533559098374099
0.141482681501657 0.51825214503333
0.185117837507278 0.514122484251857
0.237102550454438 0.476619048509747
0.2444839742966 0.470739298034459
0.249087693635374 0.464216724038124
0.255738335195929 0.454693167004734
0.255804278422147 0.47434343257919
0.259278299752623 0.488670712802559
0.239136640448123 0.503598627168685
0.234678021632135 0.513594213407487
0.229156276676804 0.522543570958078
0.267813986632973 0.536022637505084
0.302995580714196 0.511542614083737
0.362383855972439 0.519025463610888
0.304047137033194 0.545861335471272
0.356253643985838 0.555542855989188
0.365474923979491 0.545969825237989
0.395922948140651 0.440619928762317
0.387967686168849 0.453956820536405
0.312212867662311 0.49968287628144
0.268255058676004 0.514302948024124
0.289001144003123 0.493286468088627
0.251854136586189 0.444728584960103
0.254425271879882 0.41661785915494
0.238881918601692 0.414812018163502
0.236988456454128 0.389462082646787
0.194627110846341 0.415914140641689
0.196041327435523 0.427155488636345
0.210457521025091 0.448104639537632
0.194700689986348 0.452049497514963
0.181987762916833 0.466093521099538
0.179854610469192 0.42845447640866
0.175638681277633 0.426596710458398
0.135386964306235 0.432568127755076
0.12287282384932 0.468732729554176
0.142679306678474 0.498788923025131
0.0307663585990667 0.498462722636759
0.0622008480131626 0.447206195443869
0.0752967451699078 0.46468302141875
0.0850133732892573 0.458586663007736
0.10961296223104 0.429997924249619
0.0747053320519626 0.410675227176398
0.0700498619116843 0.406084958929569
0.000381374731659889 0.541118153370917
0.00109844282269478 0.4987194663845
0.0100295692682266 0.469128092750907
0.00088078947737813 0.410590709652752
0.0175103233195841 0.459757169242948
0.0284942244179547 0.410008519422263
0.0102537800557911 0.420255994889885
0.0228140279650688 0.395587710663676
0.00607384229078889 0.311807882972062
0.0305613707751036 0.360827905125916
0.0873441370204091 0.382916614878923
0.0596218938007951 0.328500473871827
0.0775140891782939 0.290882613509893
0.111482156440616 0.26929146843031
0.130688243545592 0.249386871699244
0.128359789494425 0.240920478943735
0.0665175067260861 0.198216752614826
0.0702023832127452 0.209167334251106
0.0683495374396443 0.255061838310212
0.0257310904562473 0.241291680373251
0.0259570283815265 0.241103008855134
0.0527138928882778 0.200217239093035
0.0555469514802098 0.187675485387444
0.0290274880826473 0.187829648610204
0.0240972945466638 0.182475954759866
0.0361006413586438 0.137622717767954
0.0158148310147226 0.0690759243443608
0.0517390863969922 0.170463016722351
0.0400536842644215 0.117868613451719
0.065363590605557 0.123880909290165
0.0920589282177389 0.176522442139685
0.0669322325848043 0.180564652662724
0.10437109740451 0.188012943137437
0.114139537792653 0.183371559716761
0.1201330893673 0.196423541754484
0.108212095685303 0.205465962179005
0.169671943411231 0.243064248468727
0.189073144923896 0.275187897495925
0.164026388898492 0.297489191405475
0.189580993261188 0.292799830436707
0.181389319710433 0.326539756264538
0.163862179033458 0.325003504753113
0.129016874823719 0.329668664839119
0.169906648341566 0.357503112405539
0.136647149454802 0.370004651602358
0.101323377341032 0.363852886948735
0.110589530784637 0.397225736640394
0.126491654664278 0.431019792333245
0.167144266422838 0.418558716773987
0.161808626260608 0.409171755891293
0.174304886721075 0.402304382994771
0.220094623975456 0.372754720039666
0.197501051705331 0.330505238380283
0.191361101344228 0.323954267427325
0.205585220362991 0.332917992956936
0.321670185774565 0.464491099584848
0.321099757216871 0.485436222981662
0.335404158104211 0.461778989527375
0.353427900932729 0.442107376642525
0.338674138765782 0.417680172249675
0.333464081864804 0.41695327218622
0.34624048974365 0.4080999949947
0.362598224077374 0.392222908325493
0.314854617230594 0.33894009096548
0.278688037768006 0.327111341059208
0.233641400467604 0.287102619651705
0.123222117777914 0.168346815276891
0.0889329118654132 0.151866334490478
0.095844704657793 0.136032021138817
0.0686617572791874 0.112945099361241
0.0599962351843715 0.0965023818425834
0.0537359933368862 0.0617980821989477
0.0620003486983478 0.0409443434327841
0.0689466344192624 0.0717772459611297
0.0720445467159152 0.0925291399471462
0.105222291778773 0.08551518432796
0.0902857603505254 0.00434308778494596
0.221574831288308 0.0053015910089016
0.264208294916898 0.00891841063275933
0.140173187479377 0.0141860311850905
0.123749665915966 0.0204912750050426
0.152673720847815 0.0630049551837146
0.135162396822125 0.0475824070163071
0.123085154220462 0.0480221100151539
0.16718343179673 0.13515878142789
0.205246978905052 0.132897367700934
0.212859332095832 0.149204443674535
0.211253398098052 0.142127370927483
0.188757861964405 0.0926176398061216
0.212168509606272 0.110778638161719
0.221206163056195 0.121479209512472
0.234517704695463 0.133361341897398
0.274141924921423 0.16476318333298
0.238277994096279 0.170995518565178
0.196978232823312 0.165812416933477
0.155896136071533 0.168969100806862
0.144685164093971 0.158154064323753
0.164985405746847 0.15202827937901
0.143961925525218 0.130555969197303
0.119727986399084 0.103894643951207
0.102019739337265 0.109372186474502
0.115818144753575 0.160458363126963
0.147099905647337 0.17342305323109
0.157185695134103 0.184236861299723
0.16555606154725 0.186579217668623
0.318451166618615 0.160301230382174
0.358958616387099 0.197124016005546
0.410836350638419 0.23369083320722
0.495237769093364 0.233092093840241
0.532395573798567 0.233030627481639
0.535259926691651 0.223471763543785
0.492520621512085 0.211685065180063
0.463491142727435 0.200930833350867
0.450070378836244 0.202004338148981
0.372319251764566 0.164742968510836
0.425023175310344 0.181322593707591
0.478041742462665 0.174409356433898
0.476088888011873 0.173874871339649
0.46710160933435 0.172531821299344
0.45787617797032 0.161356494762003
0.434603851288557 0.162380984984338
0.436986998189241 0.147729523014277
0.458888738416135 0.148082192055881
0.451511268969625 0.155623307917267
0.489740038756281 0.158343852963299
0.516832616645843 0.178469101898372
0.552626944612712 0.184513437561691
0.548480654601008 0.203446563798934
0.630095642525703 0.247495591640472
0.652214379515499 0.229975485242903
0.618674961384386 0.259405108634382
0.554115765262395 0.250589683651924
0.548634698614478 0.278991919476539
0.5387550345622 0.268731815740466
0.511348202824593 0.294390853494406
0.509481084998697 0.29768349789083
0.33234724868089 0.210707806050777
0.402627185918391 0.260612801648676
0.512126395013183 0.313873664941639
0.569951436016709 0.307415882125497
0.585246610455215 0.313923972658813
0.587942832615227 0.339588551782072
0.533813815563917 0.384621596895158
0.471493828576058 0.406389399897307
0.480909325182438 0.430171428713948
0.500846184324473 0.431567710824311
0.526794056408107 0.41938096890226
0.533607388846576 0.419728263746947
0.542183015495539 0.421951962634921
0.549430615734309 0.395133923273534
0.545990209560841 0.39612947544083
0.622193065006286 0.307481825351715
0.629888426046818 0.297816009726375
0.675659297499806 0.257194604258984
0.677621305454522 0.255395261570811
0.682851043064147 0.248087775893509
0.689543351531029 0.230517778545618
0.663280915934592 0.253326311241835
0.628199317492545 0.279904453083873
0.680280598811805 0.203014539089054
0.644304387271404 0.185517105739564
0.615310744848102 0.156831302214414
0.569298055488616 0.152154839131981
0.669240429066122 0.134945692960173
0.631649219430983 0.104123290162534
0.636381320189685 0.099908113013953
0.661637156736106 0.0984008144587278
0.66334779933095 0.10111811151728
0.678201972972602 0.134249780327082
0.701676467899233 0.166023166850209
0.696687885094434 0.186080530751497
0.711035310290754 0.238327110651881
0.695632008370012 0.274687280878425
0.678194399923086 0.290259334724396
0.597544779069722 0.377322870772332
0.717267589177936 0.260518077760935
0.670933883171529 0.315903928596526
0.647434101905674 0.332615600433201
0.579763168934733 0.405870132148266
0.567853158805519 0.410797114018351
0.502380306366831 0.455174617934972
0.477607319597155 0.447544232476503
0.515748315490782 0.473325218539685
0.507956881076097 0.475426790304482
0.465984040405601 0.462406659964472
0.459688974078745 0.441117578186095
0.428860621992499 0.403002417646348
0.487041068729013 0.383006264921278
0.504934367723763 0.358258941676468
0.459636664483696 0.367628647014499
0.472377401776612 0.360074917320162
0.481591771356761 0.339857751503587
0.434284295886755 0.348615360446274
0.440802273340523 0.299173062201589
0.414654366206378 0.283843756653368
0.354587628506124 0.283292345236987
0.349295256659389 0.297572505660355
0.333341660443693 0.275309018325061
0.306326879188418 0.258048520423472
0.257696881890297 0.244410042185336
0.273222396615893 0.20625827414915
0.363511938136071 0.27152682421729
0.312106550205499 0.215782415121794
0.280365994665772 0.185291407164186
0.302241080906242 0.175433176103979
0.292067062109709 0.173182506114244
0.253875805996358 0.175796332769096
0.172703871503472 0.191491120960563
0.186887053307146 0.209086369723082
0.148497998248786 0.189620529301465
0.203967264387757 0.248544688336551
0.236057102214545 0.288831909652799
0.262427474372089 0.310246303677559
0.235751726198941 0.242709742393345
0.255084986332804 0.248347243759781
0.250107923988253 0.256934605538845
0.273538684472442 0.298438876401633
0.27398041356355 0.309976452030241
0.315731131006032 0.29210271500051
0.34793886449188 0.306307245511562
0.375861576292664 0.302041325718164
0.352972144261003 0.311287639662623
0.358585441019386 0.31744598550722
0.440650235395879 0.362445312552154
0.438008263707161 0.37616166472435
0.428296820260584 0.373765718191862
0.379004540387541 0.352021461818367
0.389504774939269 0.414933181367815
0.430241378489882 0.489434924442321
0.450908886268735 0.491849608719349
0.444920837879181 0.507548799738288
0.383820836897939 0.574128797277808
0.367219325620681 0.582448456902057
0.341232110746205 0.604486453812569
0.365624486003071 0.601055374834687
0.47001020796597 0.491294258739799
0.366319940891117 0.617727985605597
0.442625087220222 0.567916400264949
0.416255457792431 0.589269109070301
0.455340393818915 0.581767338793725
0.481537919957191 0.547558406833559
0.478862198535353 0.537955711130053
0.488329574465752 0.548679300583899
0.520014779176563 0.56411103066057
0.502662387676537 0.563047032337636
0.496315740514547 0.557755499146879
0.497911121230572 0.57591590192169
0.493577374145389 0.581138031557202
0.39825836988166 0.634474217891693
0.348991749342531 0.624704613350332
0.340803468599916 0.616106257308275
0.358500240836293 0.654733290430158
0.321050115860999 0.67174756154418
0.349552472122014 0.682636917103082
0.343531141057611 0.689816378988326
0.301411161664873 0.711014050990343
0.319146860856563 0.680955810006708
0.293410825543106 0.663517280947417
0.283782360609621 0.63088162150234
0.29162474675104 0.623253331054002
0.326836026273668 0.592358631081879
0.295506944879889 0.556910213083029
0.304405182600021 0.573545031715184
0.296624804846942 0.588381865527481
0.198092365637422 0.554506747983396
0.239024964626878 0.584437082987279
0.230319337919354 0.628464477136731
0.181987474206835 0.598612614441663
0.213082441594452 0.574476170353591
0.155017310753465 0.564972466789186
0.132636361289769 0.583680131472647
0.122045481577516 0.585592091083527
0.139621248934418 0.569548215251416
0.109179124701768 0.577575285453349
0.08871531765908 0.55357695184648
0.0621725125238299 0.555164107121527
0.0616169944405556 0.557494012173265
0.135536026209593 0.597783861216158
0.213345903903246 0.621000620536506
0.204382598865777 0.647682264447212
0.207587411627173 0.654365165159106
0.194629046134651 0.664557887241244
0.187998980749398 0.674549363553524
0.221309116575867 0.652516403701156
0.273344833403826 0.691882621962577
0.274135369807482 0.69741960382089
0.233765473589301 0.76534334057942
0.229635110590607 0.732991938013583
0.165641646366566 0.820069251116365
0.22698355698958 0.771008679643273
0.249962778761983 0.760089197196066
0.266835188493133 0.742116714827716
0.289334839675575 0.741279718466103
0.278274275828153 0.759041825775057
0.266749756876379 0.757417304441333
0.233597376383841 0.828132157213986
0.261107455473393 0.802154084201902
0.290894781239331 0.770322233438492
0.342435174621642 0.739810213912278
0.349941266700625 0.747644153889269
0.362947940360755 0.759125621058047
0.334480230696499 0.830886350013316
0.327816245611757 0.825977513566613
0.326418993994594 0.801149402745068
0.317844696342945 0.805981094948947
0.292914442718029 0.807633339893073
0.305040809325874 0.779233127832413
0.271303950808942 0.824000134598464
0.259692054707557 0.825827647931874
0.230489294510335 0.843962422572076
0.242216273676604 0.862524257041514
0.214563409797847 0.879705406259745
0.191765340045094 0.882384610828012
0.146228723693639 0.90254290541634
0.190227582119405 0.852124718483537
0.185505505185574 0.845285415183753
0.14411005191505 0.871855933684856
0.138202742207795 0.88535811426118
0.132979967165738 0.897136484272778
0.127034059260041 0.905066282488406
0.091038113925606 0.956238530110568
0.105732101481408 0.959065059665591
0.150958893820643 0.922506874427199
0.16807600390166 0.91503968462348
0.243530960287899 0.902541040442884
0.313967161346227 0.844682812225074
0.264234112109989 0.896305611822754
0.283296114765108 0.882556749042124
0.304543969221413 0.867879788391292
0.303533051162958 0.880534759256989
0.300986223854125 0.891638044733554
0.30803440650925 0.884521037805825
0.317741347011179 0.869770854711533
0.365144873037934 0.875204538460821
0.348575422074646 0.9257752741687
0.390818241983652 0.900620602071285
0.383413520641625 0.88489737175405
0.431495420634747 0.843701111152768
0.498096105176955 0.842163858003914
0.504101889207959 0.842750172596425
0.530701089650393 0.83839674340561
0.513523267582059 0.87386774783954
0.454745720140636 0.883449777495116
0.416108623612672 0.90891922917217
0.46585668483749 0.888194649945945
0.499300582800061 0.889743649866432
0.551423691213131 0.887891372665763
0.550857821945101 0.921613800339401
0.536376025527716 0.926206090953201
0.530256370082498 0.927681785542518
0.506940172985196 0.911936276592314
0.483287537004799 0.932567617855966
0.471856699790806 0.93238593172282
0.41686984244734 0.976446795742959
0.440943789668381 0.952045716810971
0.478235533926636 0.90467447321862
0.379792551510036 0.94839680660516
0.372441046405584 0.93258292041719
0.388308458495885 0.905305591411889
0.350375439040363 0.949901298619807
0.358289535157382 0.980243668425828
0.444197935517877 0.985085065476596
0.511484832968563 0.990535447839648
0.528354884125292 0.982978963758796
0.444271340500563 0.964476362336427
0.556230122689158 0.927154264878482
0.593488754238933 0.928596686106175
0.564664245117456 0.920920609030873
0.615968826692551 0.930725481826812
0.617373529355973 0.913173174951226
0.591607103589922 0.893639862071723
0.574082679580897 0.873621593695134
0.584524994250387 0.804331880062819
0.599208147730678 0.77716648299247
0.606249984819442 0.751614982262254
0.606847723945975 0.74627851927653
0.610473977867514 0.708051417954266
0.572094850242138 0.766511555295438
0.520151571836323 0.82139671780169
0.517079059965909 0.818133298307657
0.472403492312878 0.807476435787976
0.48186843842268 0.800588869955391
0.497963043861091 0.790185407735407
0.54243206512183 0.786226057447493
0.493172237183899 0.736193534452468
0.495549279265106 0.727128133643419
0.533464916516095 0.703382160980254
0.467144348658621 0.740588659886271
0.389358332380652 0.873845201451331
0.332164674066007 0.852166688535362
0.406284385360777 0.806329929735512
0.415019040927291 0.794770048931241
0.445528119336814 0.737071640789509
0.401982078328729 0.787446063011885
0.414733593352139 0.759069229010493
0.397175439167768 0.773998477961868
0.422936942894012 0.747255990747362
0.400868287310004 0.739411553833634
0.395847755484283 0.737608761060983
0.385870912577957 0.699618063867092
0.410617474932224 0.703227527439594
0.470821539405733 0.622376400046051
0.527068578638136 0.599455428309739
0.513318723998964 0.636226893868297
0.44612990738824 0.725656412076205
0.481156813912094 0.691046040505171
0.497247755527496 0.690425905399024
0.515739929396659 0.678387015126646
0.535858720075339 0.634743254631758
0.580960760358721 0.582396580837667
0.601241075899452 0.508458269760013
0.579699097201228 0.549027033615857
0.526589598506689 0.570137809962034
0.536473958753049 0.560565006919205
0.576059498358518 0.515258768573403
0.530832353048027 0.523275236133486
0.504854205064476 0.529450367670506
0.532433988060802 0.480014443397522
0.572881523985416 0.457914427388459
0.607395835220814 0.467639289330691
0.61290987348184 0.482444775756449
0.615628713276237 0.470757658127695
0.640773867722601 0.476453827228397
0.598742892034352 0.454301285557449
0.587337638717145 0.441590650007129
0.60420229844749 0.440946815535426
0.659565755631775 0.422263698652387
0.67511605238542 0.410347223747522
0.680011199787259 0.404682614374906
0.69404150173068 0.362930371891707
0.596132864244282 0.401270759291947
0.694403117522597 0.334641623776406
0.704494252800941 0.330317219719291
0.717733184341341 0.313000672962517
0.720174860674888 0.330994301941246
0.715573056135327 0.364347909577191
0.724944540299475 0.412883541081101
0.733113986905664 0.429724573157728
0.742014008108526 0.385113515891135
0.748058575671166 0.457126607652754
0.725945680402219 0.478698353283107
0.729144940618426 0.46996519388631
0.720439439173788 0.428096291143447
0.649141555186361 0.490611249580979
0.637151586357504 0.516671574674547
0.648635257966816 0.526485965587199
0.613396222237498 0.55701096681878
0.577128350734711 0.614453948568553
0.573303480166942 0.653280231170356
0.59860224975273 0.628396678250283
0.58078725868836 0.666767138522118
0.636708546895534 0.669924287125468
0.64104030514136 0.593242100439966
0.699206108227372 0.499350556638092
0.688613169826567 0.496569646056741
0.726317095570266 0.464336631819606
0.717594670597464 0.491347859613597
0.719439604785293 0.50163378752768
0.698360810987651 0.506942209787667
0.720448403153569 0.527176299132407
0.775008592288941 0.456600772216916
0.777030189987272 0.45614389423281
0.727419479284436 0.56214258633554
0.704434212297201 0.582837003748864
0.672935434151441 0.575223151128739
0.659646715968847 0.591399348340929
0.653915986884385 0.59114249330014
0.699343123007566 0.610232995823026
0.755706422496587 0.559132123365998
0.745260197203606 0.6273601972498
0.762787029612809 0.587833702098578
0.778023230377585 0.516362714581192
0.795134220272303 0.477579896338284
0.783568555489182 0.436428834218532
0.771776041481644 0.402202066965401
0.804951145779341 0.466420946177095
0.812837143428624 0.458422708790749
0.825211260933429 0.424338585231453
0.816882389131933 0.442842185962945
0.805881411768496 0.373688485939056
0.811153435148299 0.357772161718458
0.803371004760265 0.349748934619129
0.784198170993477 0.324354076292366
0.773429322987795 0.394471761304885
0.763554209377617 0.395532392431051
0.730893118306994 0.336203844752163
0.761285500600934 0.359839991200715
0.776996451430023 0.34060135576874
0.778705584350973 0.321606084704399
0.720835577230901 0.312192110810429
0.764241608791053 0.248748167883605
0.786745225545019 0.261540803126991
0.79256709292531 0.291257382836193
0.798348704352975 0.310531076043844
0.817186514381319 0.313474957831204
0.828606870491058 0.301779554225504
0.812836335971951 0.357149149291217
0.834200762677938 0.349405752960593
0.842295036185533 0.293619382660836
0.804476827383041 0.230224327649921
0.798610939644277 0.236429942771792
0.785684630740434 0.172105306759477
0.790773731656373 0.168371018953621
0.821291879750788 0.137997770681977
0.774886935949326 0.126983397640288
0.762919276952744 0.0878588054329157
0.801551420707256 0.074770200997591
0.792654945049435 0.0765569801442325
0.772488846909255 0.0808926275931299
0.708161160349846 0.07887929584831
0.764602834358811 0.113791212439537
0.749553412664682 0.114559799898416
0.766078165732324 0.144792796112597
0.756376971490681 0.15411119023338
0.737541695125401 0.137973312754184
0.742023984901607 0.157820866443217
0.705678218044341 0.133070034440607
0.744904060382396 0.194768513087183
0.748733070679009 0.221799505874515
0.720585829112679 0.167778885457665
0.697583904955536 0.12051446409896
0.702850883360952 0.114955726079643
0.671074449084699 0.0803300645202398
0.691646255552769 0.0647539752535522
0.663588254712522 0.0679230350069702
0.622346325777471 0.0537953176535666
0.623621759004891 0.0424897596240044
0.619296274147928 0.046931573189795
0.611830656882375 0.0936105633154511
0.590300905518234 0.102521609514952
0.5914221778512 0.107663525268435
0.540138512849808 0.141984944697469
0.486336974427104 0.144649182911962
0.479379178024828 0.117091211490333
0.550319698173553 0.100718871690333
0.50822071544826 0.062225541099906
0.472480362281203 0.0487585803493857
0.458587575238198 0.0279882759787142
0.455158685334027 0.0275984797626734
0.403244958724827 0.0215014275163412
0.42575281765312 0.0295900325290859
0.425824802834541 0.0412583188153803
0.456551778130233 0.0328783662989736
0.456675339490175 0.0305316774174571
0.472313824109733 0.0501442323438823
0.480685127433389 0.0643144389614463
0.468484710436314 0.0566431297920644
0.411364415194839 0.0494023598730564
0.445065038278699 0.0943870157934725
0.438254637643695 0.0965443914756179
0.474848562851548 0.0936163836158812
0.47985642682761 0.115343498531729
0.447010438889265 0.109614689834416
0.427437707781792 0.123406602535397
0.344815122894943 0.125095543917269
0.340213515330106 0.142982201185077
0.438086752779782 0.131140069104731
0.339172539766878 0.147864477243274
0.344688275363296 0.153823032043874
0.41837472608313 0.208338395226747
0.363416976761073 0.192362482659519
0.3441719613038 0.172861091326922
0.3023462430574 0.137624055612832
0.299481770955026 0.128343427553773
0.262497561518103 0.134053052403033
0.261967084370553 0.137745592277497
0.237643352244049 0.120721746701747
0.264022877439857 0.132026907522231
0.295608929824084 0.11766175692901
0.209730514325202 0.0569172906689346
0.208486281335354 0.0897846170701087
0.171255042776465 0.0638515260070562
0.135192251764238 0.0216764328069985
0.169733619783074 0.0377370114438236
0.2231251206249 0.0586754558607936
0.26478506019339 0.0774629688821733
0.305322338361293 0.103527238126844
0.376955833286047 0.093379017431289
0.332347330171615 0.0723071922548115
0.3778848904185 0.0625545205548406
0.298692602664232 0.0553817935287952
0.281533267349005 0.0539886080659926
0.233088087756187 0.0450778291560709
0.215123819187284 0.0146759510971606
0.254288253374398 0.0166058512404561
0.315460267011076 0.0225136959925294
0.347889779135585 0.0103225647471845
0.301466479431838 0.00387462833896279
0.468139549251646 0.0123323332518339
0.525534630287439 0.0681238528341055
0.584245156496763 0.0605845116078854
0.5681351874955 0.0510979257524014
0.563627707771957 0.055991146247834
0.533303412143141 0.0112878596410155
0.481591093353927 0.00341371819376945
0.394298966508359 0.00111326482146978
0.564789235591888 0.0021515260450542
0.587409382686019 0.00069573987275362
0.653915407601744 0.0404779147356749
0.668285524006933 0.0119600691832602
0.936366556677967 0.00681000994518399
0.9231057302095 0.0255912849679589
0.949701851699501 0.0393469873815775
