512
0.604167735204101 0.636481615714729
0.63452522456646 0.609849847387522
0.644799170549959 0.605791987851262
0.693983281962574 0.487196259200573
0.681718572974205 0.469680264592171
0.554700111970305 0.585175862535834
0.65288693504408 0.431727101095021
0.685418645385653 0.453977437224239
0.711710984818637 0.385942163411528
0.701503148302436 0.372494844719768
0.670122852083296 0.412650221027434
0.654249419923872 0.411983028519899
0.626559911761433 0.385998072568327
0.635754480492324 0.370299152098596
0.63906751666218 0.360870498698205
0.594584902282804 0.374455515295267
0.512135166674852 0.328457090072334
0.595873339101672 0.365252607036382
0.600169183686376 0.304648076649755
0.576726629398763 0.261110123246908
0.591204623691738 0.251772129908204
0.545033536385745 0.244091559201479
0.54954760754481 0.225749530363828
0.546490978449583 0.212665986735374
0.540056944359094 0.216740547213703
0.54457243019715 0.210293100681156
0.572791518177837 0.182335146702826
0.585908316541463 0.178288217168301
0.600933643057942 0.166096526198089
0.640123165212572 0.125737565103918
0.635270162951201 0.126594237983227
0.574261521920562 0.165072229225188
0.629133332520723 0.125692041125149
0.6158069036901 0.0772736328653991
0.597767975181341 0.122960557229817
0.597256471402943 0.124557981267571
0.61275706673041 0.0742973447777331
0.556368608959019 0.148482710588723
0.526679436676204 0.171739801764488
0.52077433699742 0.175963451620191
0.532261725515127 0.15424693049863
0.498013206757605 0.142598803620785
0.429745462257415 0.143710400443524
0.411029905546457 0.145611309912056
0.384557879064232 0.12995956512168
0.425978613086045 0.135948155075312
0.493306556716561 0.133430109359324
0.567191164009273 0.0617330935783684
0.455242966767401 0.0656601120717824
0.380434937775135 0.102448748890311
0.311203354038298 0.124562445096672
0.284001711755991 0.132375170011073
0.525704085361212 0.180535163264722
0.546587590128183 0.190366154070944
0.505110194440931 0.195084638893604
0.479072107933462 0.222858875524253
0.280824057757854 0.169912686105818
0.336608064826578 0.210582223255187
0.354504232294858 0.20652671251446
0.410498998593539 0.248844529502094
0.392398389987648 0.227084488142282
0.417640740517527 0.226661367807537
0.460832260083407 0.253731676377356
0.459496484138072 0.269768071360886
0.56294322758913 0.397603895980865
0.513459463138133 0.48431288311258
0.566859054379165 0.4709083721973
0.541431585326791 0.537039147689939
0.500119592063129 0.583260631654412
0.422298313118517 0.627898565027863
0.332513906061649 0.801483269315213
0.336029967758805 0.770591381471604
0.305093144532293 0.809492628555745
0.132200831081718 0.867571962997317
0.154606132302433 0.8489182847552
0.300202862359583 0.796136878430843
0.264141374733299 0.768003723584116
0.168091756757349 0.823829090222716
0.167525908444077 0.793691949453205
0.176452384330332 0.77159265242517
0.2269606590271 0.696561257820576
0.130015837494284 0.747719244565815
0.243241627234966 0.679116044659168
0.298509787768126 0.670551607385278
0.301866348832846 0.613493995275348
0.260618867352605 0.595977275166661
0.219545463565737 0.642746062017977
0.148338540457189 0.596467434894294
0.12333619594574 0.689243027474731
0.081796180922538 0.65752036916092
0.118938743602484 0.587294718250632
0.136378761846572 0.580740075558424
0.0944071100093424 0.566654637921602
0.0662899971939623 0.580138526856899
0.0381069649010897 0.680761804338545
0.0678893905133009 0.699314375873655
0.0225000688806176 0.693887902423739
0.0301836840808392 0.731264601927251
0.00639423402026296 0.835636284202337
0.00258786370977759 0.527322432026267
0.00826506596058607 0.409595198463649
0.0405393508262932 0.491015944164246
0.0345852575264871 0.618366971611977
0.0314507116563618 0.639713080599904
0.0963465580716729 0.519317134749144
0.0885747368447483 0.444048008415848
0.103441036771983 0.444832290522754
0.113364082295448 0.495461001992226
0.107002929784358 0.55490930378437
0.147676370572299 0.565614376682788
0.199107047170401 0.575742589309812
0.194623158313334 0.568870552349836
0.186661440879107 0.548526694998145
0.267876700498164 0.518964970950037
0.19108305638656 0.404974903911352
0.144594304729253 0.461767402943224
0.0968424747698009 0.394429569598287
0.00378326885402203 0.322528900578618
0.130718553904444 0.346413389313966
0.138645976316184 0.391052653547376
0.177092892117798 0.413677899166942
0.137455599848181 0.339484924450517
0.19003420136869 0.395087902899832
0.198284605517983 0.392444852273911
0.120200003962964 0.302894876338542
0.109730255324394 0.300692547578365
0.045740223955363 0.303676009643823
0.0459979637525976 0.3132618740201
0.0107483742758632 0.314132498577237
0.0190267865546048 0.0661322781816125
0.0218817624263465 0.253436464816332
0.0398104339838028 0.29452692065388
0.0497494377195835 0.283432565163821
0.0627993042580783 0.263381155673414
0.0542953442782164 0.219185691792518
0.0794144389219582 0.219076916575432
0.0295995189808309 0.158939147368073
0.0329588851891458 0.0508917300030589
0.0878122393041849 0.129868709947914
0.175926891621202 0.229799073655158
0.187757516745478 0.195734485518187
0.158722456078976 0.197734068613499
0.1662303567864 0.15940648317337
0.410065455827862 0.388832185883075
0.424449424259365 0.403505703900009
0.338955874089152 0.339330002199858
0.354460005182773 0.374051359947771
0.365333213936538 0.392699474934489
0.366601257119328 0.410667574498802
0.415622906759381 0.423649683129042
0.369871713686734 0.447119784541428
0.354738018009812 0.459816541522741
0.32565726339817 0.428962546866387
0.323634517379105 0.378077983856201
0.317552880384028 0.420186458621174
0.309691741596907 0.426081581972539
0.302237214054912 0.361849754117429
0.2165173063986 0.294811190105975
0.24337015952915 0.291212414857
0.253570035565645 0.306004041340202
0.231274041812867 0.271740748081356
0.250854397658259 0.262599867768586
0.255655401851982 0.246611694805324
0.160862073302269 0.257555969525129
0.161733276210725 0.247654289938509
0.0733526065014303 0.151471047662199
0.138531160540879 0.249327999539673
0.106272311415523 0.216398525983095
0.114942246582359 0.252244469709694
0.104907508008182 0.279917418491095
0.131737589836121 0.292231690138578
0.125949851237237 0.275517590809613
0.167424917221069 0.289593353867531
0.179747282993048 0.266671440564096
0.205695766024292 0.320852330885828
0.230349360965192 0.372864869888872
0.312003378756344 0.451629627961665
0.29893467342481 0.495712755713612
0.216397551354021 0.588888820260763
0.273045155685395 0.575668181758374
0.28089889138937 0.546097318641841
0.313554939813912 0.556532649323344
0.347205533180386 0.592444985173643
0.355195438489318 0.605253416113555
0.347272771876305 0.64863553410396
0.323576472233981 0.686889216769487
0.338224862702191 0.727860543411225
0.40413275687024 0.651298720855266
0.391605933196843 0.63102197367698
0.36088627204299 0.572399002499878
0.397238289937377 0.475096713751554
0.435436264611781 0.508745360653847
0.461935136001557 0.563855436164886
0.503855463583022 0.555083307437599
0.499174679629505 0.546961498912424
0.475832567550242 0.531594869215041
0.43408391578123 0.431614411063492
0.41843109857291 0.420539733953774
0.505881381686777 0.481406418606639
0.524873424321413 0.432550342287868
0.520659211557359 0.425960652530193
0.489309269469231 0.422310819849372
0.466919076628983 0.441937454044819
0.434962571598589 0.413498286157846
0.535766341723502 0.409849488642067
0.494984850753099 0.394189699087292
0.480295815039426 0.378346432931721
0.40808729082346 0.289387966040522
0.449636089615524 0.39058834919706
0.261954862624407 0.226188007276505
0.293001946993172 0.21891973586753
0.271028753370047 0.216493415646255
0.214874124154449 0.170964019838721
0.17622280633077 0.153707528486848
0.260885862167925 0.134657829534262
0.263549366034567 0.116971476003528
0.153554750606418 0.121424986049533
0.119417838286608 0.101658687926829
0.108534330967814 0.0817020572721958
0.189727069810033 0.102435773704201
0.201321423985064 0.106342577375472
0.182823727838695 0.0341359726153314
0.0928696026094258 0.0264457422308624
0.0807980895042419 0.00604554871097207
0.169823375530541 0.0266171130351722
0.140396868810058 0.00340859312564135
0.228573210537434 0.00535309035331011
0.211364410351962 0.0193360694684088
0.336209974251688 0.0452612610533834
0.363189986441284 0.0806091506965458
0.306398425251245 0.0752901835367084
0.289275193121284 0.069456662517041
0.247303802985698 0.0900169699452817
0.314302462153137 0.100260223262012
0.427466611843556 0.0650921757332981
0.416222178842872 0.03404998825863
0.461130721960217 0.0466478099115193
0.489656663034111 0.0624211132526398
0.547340017743409 0.0498119280673563
0.538012258708477 0.031348358374089
0.486397327389568 0.0291090118698776
0.504844076000154 0.0219307160004973
0.558676278218627 0.0145999356172979
0.56635962612927 0.0299046305008233
0.611273171380162 0.0502880280837417
0.628893392626196 0.0529663343913853
0.627773939631879 0.0812234473414719
0.655820866581053 0.105929892510176
0.620366213377565 0.201677972916514
0.602501042652875 0.21790063707158
0.616234671324492 0.229537503793836
0.64613593975082 0.204457522369921
0.69455437688157 0.220686689950526
0.683499231003225 0.222504635807127
0.626036752015352 0.265854301396757
0.626548275351524 0.285292340442538
0.664339536335319 0.279158055782318
0.723180481232703 0.351065431255847
0.685220236890018 0.254042596090585
0.744452409446239 0.28519914066419
0.72863335441798 0.264673233032227
0.711588671430945 0.153223004657775
0.700243049766868 0.130630130879581
0.667574771679938 0.0353046655654907
0.659514576662332 0.0513082039542496
0.620394663885236 0.032912805210799
0.635710978414863 0.00036950409412384
0.676629517227411 0.0016128052957356
0.734833746682853 0.126544088125229
0.748050814028829 0.258516459260136
0.785419358406216 0.193431163672358
0.724547693505883 0.0899434280581772
0.706057218369097 0.0381444897502661
0.745453714858741 0.0132595002651215
0.769071770831943 0.0114503223448992
0.792337890248746 0.0944426199421287
0.811480642762035 0.139588329941034
0.821746937930584 0.204462680034339
0.809934722725302 0.150805717334151
0.794620082713664 0.214000374544412
0.830291094258428 0.279279515147209
0.807445486076176 0.241894559003413
0.815837365109473 0.285552760586143
0.810084897559136 0.266406121198088
0.802563444245607 0.239892196375877
0.835574151482433 0.367302318103611
0.853221229277551 0.395465520210564
0.874157596379519 0.43906063400209
0.883953179698437 0.483719506766647
0.902969663497061 0.558138696942478
0.865034060087055 0.369285931810737
0.905607065651566 0.390184886753559
0.874901232775301 0.360785725992173
0.848105283919722 0.187841666396707
0.885609112214297 0.254579197149724
0.880072397179902 0.26612734189257
0.898837799206376 0.307821786031127
0.914456233847886 0.378671807236969
0.920192825142294 0.387214976362884
0.922173251397908 0.356575876008719
0.921904118265957 0.352278412785381
0.904254660010338 0.225744883529842
0.902908050455153 0.225219034124166
0.892569655552506 0.191466770134866
0.819311927538365 0.0820307615213096
0.841562886722386 0.127297033090144
0.835818762890995 0.147509201429784
0.792604204732925 0.0464711859822273
0.818737586028874 0.0574462134391069
0.845512816682458 0.0595139763318002
0.904968029353768 0.161378928460181
0.895498102065176 0.0927405362017453
0.946022571064532 0.055625518783927
0.948418785817921 0.0410066950134933
0.869038263801485 0.0473107965663075
0.860183126293123 0.013844826258719
0.94841727707535 0.0240321760065854
0.980613530613482 0.0074871713295579
0.982118600979447 0.0700137005187571
0.955370369832963 0.0504534407518804
0.980099537409842 0.0873215082101524
0.990778511855751 0.218501136638224
0.993655263446271 0.311703710816801
0.984996278304607 0.24440247239545
0.993999974802136 0.439722943119705
0.998202093876898 0.586600095964968
0.991537924390286 0.443168214056641
0.985912004485726 0.424784711096436
0.976625536568463 0.44677754258737
0.982627468183637 0.503413498401642
0.993670411407948 0.650506240781397
0.997073370497674 0.735722719226032
0.996298251207918 0.839946227613837
0.994064916390926 0.921586361248046
0.99392405571416 0.869109563995153
0.992628402076662 0.820443054195493
0.986874555237591 0.82746461359784
0.981522807385772 0.966948092915118
0.975939062424004 0.936239664442837
0.960400760173798 0.897808514069766
0.980769727379084 0.891253040637821
0.988734656013548 0.715540556237102
0.976184491999447 0.780569572001696
0.969417363405228 0.82024843338877
0.952582264784724 0.659553026314825
0.911502211820334 0.74974860670045
0.924705929122865 0.788275346159935
0.926277839113027 0.794216588605195
0.94283254025504 0.916430631652474
0.951140325516462 0.923655951395631
0.969498935155571 0.93156719673425
0.95019810507074 0.996561888605356
0.939563325140625 0.981639362405986
0.92607496958226 0.957532647997141
0.88425450399518 0.97165355598554
0.796114156488329 0.968451891094446
0.819582536816597 0.97648960351944
0.755665571428835 0.978526926599443
0.730787172913551 0.965780428610742
0.763258169870824 0.965790599584579
0.77063521463424 0.963095553219318
0.652439797762781 0.953369979280978
0.576456064824015 0.986720527522266
0.561804648023099 0.96569102909416
0.668013419490308 0.931753856129944
0.731954633258283 0.930191742721945
0.708481543231755 0.907082185614854
0.783895035739988 0.89365595811978
0.808058837428689 0.919645077548921
0.860917257610708 0.90121872164309
0.784828755538911 0.883884999901056
0.840661155059934 0.889067220967263
0.921655940823257 0.918525633402169
0.933058977127075 0.884173023980111
0.900774156674743 0.897531387396157
0.93114312319085 0.854777435772121
0.927424629218876 0.81059629144147
0.86349626770243 0.806600736454129
0.839089030399919 0.860736327711493
0.877453663386405 0.833303856197745
0.873195072636008 0.882127362303436
0.795636510010809 0.883204865269363
0.762730221729726 0.850242145359516
0.703619023784995 0.835204647388309
0.659908761270344 0.821963408961892
0.639707096386701 0.901107989251614
0.629741749260575 0.8760747006163
0.620479295961559 0.916616852860898
0.56184044573456 0.864377752412111
0.600095269735903 0.857783474028111
0.581589193549007 0.83677577227354
0.506340127903968 0.834514880087227
0.501410078257322 0.900160576682538
0.396962694358081 0.900185821577907
0.439267334062606 0.906281281262636
0.525266709271818 0.922386602964252
0.559583651367575 0.9105344559066
0.638394999317825 0.933955017942935
0.506247307173908 0.953697168733925
0.463562096469104 0.978937884327024
0.409520956221968 0.997422024141997
0.347972594667226 0.984157303813845
0.375727640464902 0.945942642167211
0.256498432718217 0.922457335982472
0.232451869640499 0.965730017516762
0.259466332849115 0.965589989442378
0.195771977771074 0.983560390770435
0.0311408992856741 0.984281643759459
0.202825491782278 0.967261299025267
0.206246505957097 0.954614826012403
0.000305111054331064 0.948063781950623
0.0823704032227397 0.920761176850647
0.0747947180643678 0.908396440092474
0.0354655077680945 0.898582769092172
0.0497991088777781 0.805220472160727
0.0548426792956889 0.750982230063528
0.0725515699014068 0.746137862559408
0.0928625161759555 0.795138949528337
0.133949052542448 0.813235983718187
0.10086659155786 0.860880040563643
0.0957157206721604 0.864600064698607
0.114086483605206 0.869672467000782
0.145833085291088 0.879669851623476
0.263135737273842 0.840618046466261
0.115021563135087 0.920136330649257
0.218660844955593 0.869669041130692
0.301058410201222 0.868307933676988
0.351551291067153 0.853452114854008
0.329900498501956 0.832443880848587
0.389006740879267 0.762676659040153
0.415286703500897 0.741701443213969
0.360075059812516 0.802516665309668
0.433525007218122 0.743300402536988
0.413656676653773 0.709931422490627
0.467165610753 0.636135983280838
0.514863820746541 0.599837118759751
0.57023759977892 0.610132622998208
0.609953335952014 0.61202538292855
0.578593249432743 0.700325509533286
0.573296222370118 0.691979974508286
0.581462524831295 0.639131534378976
0.491774633992463 0.675462866201997
0.463572627399117 0.692425295244902
0.458705530967563 0.717153052799404
0.49904205230996 0.715735302772373
0.574234292842448 0.702450887300074
0.565919650252908 0.721755908802152
0.527262249030173 0.744170765858144
0.430166364181787 0.796330847777426
0.531880882102996 0.790910967625678
0.51604933431372 0.761835208628327
0.580708696506917 0.757386973127723
0.677059054840356 0.755252647213638
0.666986509691924 0.808113656472415
0.702701990958303 0.79869883088395
0.755540284793824 0.754631192889065
0.7742107254453 0.77022263314575
0.785867384634912 0.825728031340986
0.791017100214958 0.776727687101811
0.759869736153632 0.719828655943274
0.737695134710521 0.716048849746585
0.730334338732064 0.709767513908446
0.704323980025947 0.686571137513965
0.745746909640729 0.67748038424179
0.709841054398566 0.628631279338151
0.73986047366634 0.58592992182821
0.766350325662643 0.615763573907316
0.764230301603675 0.673799531534314
0.796243491116911 0.716335156466812
0.76696498086676 0.706746729556471
0.865691287908703 0.748637091368437
0.835382448509336 0.797930018045008
0.847758248448372 0.804923527408391
0.871577866841108 0.751699239015579
0.89260413730517 0.758760742843151
0.921780291944742 0.600615980103612
0.93082083389163 0.54161487147212
0.950427465606481 0.599924227688462
0.94703729217872 0.572056167759001
0.95733650168404 0.60717285471037
0.978207390755415 0.605657108128071
0.972174361348152 0.459030519705266
0.953869614284486 0.145177992060781
0.946151725947857 0.225920332130045
0.926770334597677 0.169152340386063
0.912530628964305 0.22667409107089
0.969094722531736 0.471823475789279
0.941684934776276 0.453545083291829
0.902547354344279 0.572188477963209
0.871384833473712 0.672277751378715
0.864230289123952 0.526268023066223
0.8711290624924 0.451038349885494
0.822394441347569 0.563601184636354
0.844015786889941 0.687282500322908
0.79431956121698 0.679918063338846
0.802670469041914 0.653869158122689
0.793993872590363 0.593853633850813
0.825038790237159 0.542987066321075
0.82736130990088 0.501319616567343
0.793351500295103 0.495474995113909
0.782481579110026 0.485698689706624
0.743976636789739 0.499054309912026
0.809288422577083 0.464466611389071
0.811512287706137 0.462579230312258
0.817794732749462 0.411897507496178
0.73377793142572 0.492606642656028
0.71360971685499 0.464147114660591
0.691619990859181 0.462947759311646
0.712061011232436 0.528495567850769
0.663270958233625 0.680326857604086
0.631971187889576 0.668806387577206
0.609991114586592 0.675237343180925
