32
0.861707780975848 0.946911804378033
0.826380108483136 0.799919480923563
0.684816388878971 0.66920774243772
0.839036324061453 0.709950257092714
0.944233513437212 0.511296794284135
0.745461273472756 0.640269835479558
0.740381628740579 0.542593925260007
0.734303329139948 0.355958798434585
0.605819471180439 0.119564718566835
0.618264593649656 0.281579090747982
0.575726782437414 0.347265094053
0.497801331803203 0.444269260391593
0.698807986453176 0.487317093182355
0.385342550463974 0.643589484039694
0.48060096707195 0.655688174534589
0.665115548297763 0.895869214087725
0.639543150551617 0.961832885630429
0.406102146022022 0.867968557868153
0.0251338677480817 0.716134808026254
0.19736696453765 0.67750301444903
0.155878279358149 0.550696163438261
0.0619929577223957 0.560683437623084
0.149898129049689 0.504151872359216
0.218333476223052 0.337612442206591
0.181654887273908 0.294147691689432
0.127586929127574 0.0969492252916098
0.216371612157673 0.10011179279536
0.688328220508993 0.0303334104828537
0.781881702598184 0.078222063370049
0.734222167637199 0.195446840021759
0.950635134242475 0.400852106511593
0.974969380535185 0.479115014430135
