64
0.394632594194263 0.0378777259029448
0.592398487497121 0.105816037394106
0.693706129211932 0.145650724880397
0.93948844820261 0.0183958425186574
0.981938725803047 0.187124171759933
0.983119722921401 0.468488947954029
0.983884687535465 0.702484428882599
0.784207720309496 0.432489356026053
0.583498538471758 0.687349263578653
0.546985514927655 0.699663620442152
0.524424840230495 0.77435425715521
0.606432236265391 0.821695026010275
0.840090868528932 0.817007282283157
0.590783005114645 0.802626124117523
0.65894133085385 0.751418104860932
0.715865442063659 0.770367558114231
0.894786057528108 0.784182702191174
0.998400767799467 0.699750129599124
0.822060428094119 0.91125076264143
0.663176305126399 0.995384556241333
0.298798587638885 0.574002644512802
0.230495064053684 0.545920684468001
0.201605457812548 0.636807051021606
0.290483482647687 0.681633180007339
0.414860924240202 0.721234737429768
0.563728208187968 0.955035597551614
0.265437300782651 0.994284009095281
0.33655718062073 0.957416635006666
0.484564647544175 0.872599318157881
0.478572179097682 0.837468998041004
0.469859168399125 0.839364900253713
0.25327907409519 0.984452850650996
0.271452174521983 0.803057589568198
0.087192147038877 0.923338570632041
0.160208707209677 0.621979385614395
0.171767531894147 0.565748589579016
0.168662233278155 0.513449777849019
0.270634207874537 0.310306475032121
0.123974751681089 0.269852942787111
0.107742941938341 0.245360070373863
0.123084508813918 0.204502162523568
0.132152976933867 0.153318384196609
0.0783256888389587 0.128800499718636
0.271546537522227 0.172278308309615
0.338836424984038 0.254571897443384
0.381296800915152 0.555233608465642
0.47933987993747 0.601010343525559
0.613719157408923 0.462811176665127
0.597048192285001 0.458935105241835
0.450918135698885 0.337585666682571
0.542087829206139 0.343762990087271
0.708551992662251 0.331193235237151
0.855167241767049 0.405558967031538
0.85957275191322 0.413487781304866
0.922823320142925 0.238287035841495
0.876709908246994 0.322117635980248
0.598600026220083 0.289418652188033
0.567477706819773 0.226142541505396
0.746802661102265 0.275699564721435
0.678651372436434 0.200006225612015
0.502807719167322 0.166558116674423
0.472851987462491 0.125801449641585
0.254217319190502 0.0271365325897932
0.324738544411957 0.00106483045965433
