32
0.284825467504561 0.607267275918275
0.42352959048003 0.925673556048423
0.593503421638161 0.750462415162474
0.609958321787417 0.816262314561754
0.667380956467241 0.784343826118857
0.627367536071688 0.646289475262165
0.569949623662978 0.361872009932995
0.809254166670144 0.231631411239505
0.912833579815924 0.158768232446164
0.931500814855099 0.278941216412932
0.939886318985373 0.637523146346211
0.938342419452965 0.73549742018804
0.915556879714131 0.888027017004788
0.826811186503619 0.950786872301251
0.928133043460548 0.304942946415395
0.661170976702124 0.894783789757639
0.403858265373856 0.962566547561437
0.08929143846035 0.675165833905339
0.23359416378662 0.772732581943274
0.314168693963438 0.857115489430726
0.061215830501169 0.363381821662188
0.0754376943223178 0.021091481205076
0.11324755102396 0.379203790333122
0.369063125923276 0.362785135861486
0.250134270638227 0.0246544750407338
0.3633843366988 0.0248065628111362
0.45325722405687 0.0986492824740708
0.844599538482726 0.0584413902834058
0.657707144506276 0.208787600975484
0.550749662332237 0.302705111913383
0.503806583583355 0.582020237110555
0.421866972465068 0.702805230394006
