128
0.348901240620762 0.145008835010231
0.161181139294058 0.131400166545063
0.537029432598501 0.0819225599989295
0.334370554890484 0.0881397007033229
0.113366269972175 0.0949603514745831
0.122215894516557 0.028131440281868
0.139468481764197 0.0100810751318932
0.566638162359595 0.0312411622144282
0.649129260797054 0.0852044695056975
0.648509184364229 0.0643787388689816
0.644330605864525 0.0241735433228314
0.664567986503243 0.040833571460098
0.725652817171067 0.235038119833916
0.750795212108642 0.263536449056119
0.773544841911644 0.197979019489139
0.776878796517849 0.118774265982211
0.989272489212453 0.041315387468785
0.934209419880062 0.145421326626092
0.897368316072971 0.162277736701071
0.957475359085947 0.291252949740738
0.98501536808908 0.354460131842643
0.965965767391026 0.343740542419255
0.919316992163658 0.436622907407582
0.900353922508657 0.417875447776169
0.862992404028773 0.334832164924592
0.832999303005636 0.296402478590608
0.833629877306521 0.410122681874782
0.764976821374148 0.562629548367113
0.769769824575633 0.601470737252384
0.768020753283054 0.676781715359539
0.822534631937742 0.684337429236621
0.840061098802835 0.63407550053671
0.87672017654404 0.562954486347735
0.847364686895162 0.67306040180847
0.842395735904574 0.753325123339891
0.930477979127318 0.456749842967838
0.952981601003557 0.660490310750902
0.912530351895839 0.858669832814485
0.857131845783442 0.902196663897485
0.813986588269472 0.968351811636239
0.770433632191271 0.98336776252836
0.835247683338821 0.837779412511736
0.78472422529012 0.847868711687624
0.773442112375051 0.848873643670231
0.602072638459504 0.972917103674263
0.645260974764824 0.865242198575288
0.692431233823299 0.717547100037336
0.62186605297029 0.797392263077199
0.641527631785721 0.782617701683193
0.554639806970954 0.945582028478384
0.260150520596653 0.956666977144778
0.466232331469655 0.935164502821863
0.505032440647483 0.870601790957153
0.621040084864944 0.747430502902716
0.594910092186183 0.72275142557919
0.528896948322654 0.779838166199625
0.593876436818391 0.69547819904983
0.607637929730117 0.67545805638656
0.582508058287203 0.407458254601806
0.675176368560642 0.573941198177636
0.60388558357954 0.40659027826041
0.74630373576656 0.390614843927324
0.754495589528233 0.387103148270398
0.705822640564293 0.341213828418404
0.713411896489561 0.246256590355188
0.679929754696786 0.28630767064169
0.536231236066669 0.246269556693733
0.498566478025168 0.237297903746367
0.506144928280264 0.256662053521723
0.555326512549073 0.379425168968737
0.530981360003352 0.601254424545914
0.471884126774967 0.557395345997065
0.521507540717721 0.687337745446712
0.461493277922273 0.791293469723314
0.406195491552353 0.872069427277893
0.278659706003964 0.882806428242475
0.222152563277632 0.859038534574211
0.449982895515859 0.758375573437661
0.444156914483756 0.662655511405319
0.392806203104556 0.709166103042662
0.413025299087167 0.723262777552009
0.22142754169181 0.852880378253758
0.263169560115784 0.811807121615857
0.256337665952742 0.784804634284228
0.248292682692409 0.778527469374239
0.190771384630352 0.771931683178991
0.188650151714683 0.757191266398877
0.00639605382457376 0.984756233170629
0.0179955437779427 0.960730956867337
0.0191166000440717 0.667552106548101
0.0446832445450127 0.67317581968382
0.136570746544749 0.648948949296027
0.143692655488849 0.649792571086437
0.237545453477651 0.738643385004252
0.276745572686195 0.648725096601993
0.186233344953507 0.61050867382437
0.217291876208037 0.578799213282764
0.383872126229107 0.57896340964362
0.329327029176056 0.188949228264391
0.334409257397056 0.241495991591364
0.307286571711302 0.390809909440577
0.261961048468947 0.449901257175952
0.250203374307603 0.44015318993479
0.166581250727177 0.406395178288221
0.187658562324941 0.473843393847346
0.16449913661927 0.564672321081161
0.113404622767121 0.560776583384722
0.113561335019767 0.61086228908971
0.0232321741059422 0.626006739679724
0.102687946520746 0.527678917627782
0.0856363386847079 0.493315918371081
0.0358282448723912 0.397114539053291
0.0496285236440599 0.345786859281361
0.0367978801950812 0.261406036093831
0.00730303581804037 0.119141309056431
0.150382471270859 0.437878464814276
0.243410492315888 0.226927604991943
0.164922444615513 0.20017967466265
0.0189626789651811 0.129912650212646
0.413656962104142 0.1756546581164
0.402050219941884 0.169523623306304
0.437633242923766 0.172508991789073
0.520394362509251 0.191541103180498
0.655429203994572 0.255207685753703
0.6258295327425 0.236721199005842
0.652913567610085 0.211425052490085
0.537370905280113 0.0943117681890726
0.524381241761148 0.149937812704593
