128
0.504483813419938 0.77667215000838
0.64913241378963 0.691670985892415
0.696441475767642 0.68054356565699
0.827167646959424 0.685130912344903
0.924262701999396 0.562302892562002
0.937554586213082 0.555395062547177
0.803880453575402 0.78058903105557
0.839343026746064 0.76246207812801
0.902406170964241 0.893975241109729
0.943379043601453 0.629472452681512
0.929481494706124 0.20415383996442
0.972009230870754 0.349322829861194
0.976100307889283 0.570151858963072
0.957662803586572 0.721076107118279
0.992814262397587 0.493069260381162
0.965152447111905 0.806674874853343
0.93880872009322 0.984032530803233
0.916932790074497 0.998727111145854
0.893322740215808 0.942180920857936
0.882513654883951 0.920445627998561
0.87602902110666 0.968877163249999
0.673920638393611 0.92127271136269
0.542453641537577 0.932885306887329
0.758827669080347 0.993054470513016
0.483749738894403 0.955079664010555
0.491715831682086 0.9870585789904
0.470542817842215 0.939573694486171
0.429408638272434 0.913426615297794
0.23256452055648 0.911076652351767
0.26506761321798 0.929086708463728
0.207335023209453 0.969487686641514
0.123023993801326 0.908333926461637
0.214096448849887 0.943143714219332
0.232780015096068 0.897490481846035
0.190818464849144 0.892915799748152
0.0846524080261588 0.870511552318931
0.168398512993008 0.850027254316956
0.220372994430363 0.80117793334648
0.101623032707721 0.817585442215204
0.232645232696086 0.771750452928245
0.341515961568803 0.751641931943595
0.395469387993217 0.720108862034976
0.385710237082094 0.70247033983469
0.416557256132364 0.677972927223891
0.461132596712559 0.5340536669828
0.620022669434547 0.378932906780392
0.594906888436526 0.450784932356328
0.653441512957215 0.451949425041676
0.720162725541741 0.471658827736974
0.748755229171365 0.461246616672724
0.768020743038505 0.496118648909032
0.814151030499488 0.574295976664871
0.859621666371822 0.361613514833152
0.818585307803005 0.268284094985574
0.681759510654956 0.366960539482534
0.688347407616675 0.324950882699341
0.785210464615375 0.228779260069132
0.889145698864013 0.192831221502274
0.908331290818751 0.160573358647525
0.774745201226324 0.181295322719961
0.695881316903979 0.165636470075697
0.662387911230326 0.282484538387507
0.652988891582936 0.274423271417618
0.589770566206425 0.224580611102283
0.486123730894178 0.107463058084249
0.680977453477681 0.122480044607073
0.764486793894321 0.0875273318961263
0.54859810275957 0.0944467922672629
0.476119919214398 0.087701094802469
0.468528826255351 0.0715602561831474
0.467580954078585 0.124689279589802
0.431171253323555 0.167572835925967
0.481217915192246 0.159181714989245
0.474599966779351 0.256513481959701
0.396891815587878 0.520900140050799
0.399552092887461 0.469033797737211
0.423432423267514 0.190290833823383
0.381202762015164 0.173213878180832
0.351155947428197 0.295501329004765
0.356080637313426 0.307286027818918
0.275043854955584 0.323165178764611
0.396086564753205 0.40418849978596
0.391931857913733 0.488475440535694
0.314456689637154 0.554672305006534
0.290700223296881 0.554154338780791
0.201124051585793 0.613182995468378
0.252678951714188 0.650221135467291
0.0948868319392204 0.783269086387008
0.0267178802751005 0.789339982438833
0.0313225770369172 0.65870138630271
0.00571249471977353 0.500321929808706
0.0149007337167859 0.414928639307618
0.0717336256057024 0.252438655123115
0.0907729994505644 0.191976645030081
0.0949216787703335 0.143577943556011
0.101860320195556 0.128607720602304
0.0947219380177557 0.270780107937753
0.086854110006243 0.396076283417642
0.0934586655348539 0.429270418360829
0.128968282137066 0.330109867267311
0.276338347233832 0.368656861130148
0.205547254532576 0.234052903484553
0.13747626170516 0.227403239347041
0.145396518521011 0.218137400690466
0.138662812300026 0.21249278401956
0.129864528309554 0.181330063845962
0.138583028689027 0.134209708310664
0.147297554183751 0.126044515054673
0.117496410850435 0.0184685485437512
0.390723190736026 0.0279101734049618
0.900128034409136 0.023326575756073
0.912032234482467 0.0598477302119136
0.949536756146699 0.0329154585488141
0.836680048611015 0.576567771844566
0.737317892722785 0.624496378470212
0.642059815581888 0.634904684964567
0.662461868487298 0.570603848900646
0.667601656634361 0.535307958256453
0.604477945249528 0.524293265771121
0.617585895583034 0.575932947453111
0.452294018585235 0.731013945769519
0.398147581610829 0.756550090853125
0.321892289910465 0.783486971631646
0.354162416420877 0.785411905031651
0.454133064020425 0.8176358807832
0.555363916791975 0.771925952751189
0.574110354296863 0.856944090221077
0.644824158865958 0.704440005589277
