2048
0.192637850996107 0.17649499559775
0.150891664903611 0.13300710497424
0.152314808219671 0.128844809252769
0.150070696137846 0.120832156855613
0.159711335320026 0.1134716225788
0.164210063405335 0.109465096145868
0.175156355835497 0.114078783430159
0.175358038861305 0.105703328736126
0.17731005186215 0.0976816536858678
0.2057158597745 0.110960421152413
0.171903523616493 0.118537476286292
0.174740679096431 0.119461925234646
0.196755496319383 0.121994812041521
0.16396544361487 0.137306405697018
0.207300385460258 0.171436220873147
0.197894440963864 0.160959313157946
0.215304277371615 0.177406521979719
0.220007869880646 0.185849294997752
0.203225887846202 0.187298777047545
0.210544990841299 0.205260530114174
0.2139240372926 0.200025096535683
0.241510583087802 0.205743900500238
0.262432590126991 0.204275750555098
0.249344310723245 0.21049998793751
0.271164075471461 0.22322458634153
0.36074203858152 0.230877017602324
0.344190115109086 0.206746876705438
0.346310295164585 0.184268492273986
0.423025598283857 0.187504519242793
0.447987260296941 0.19585904898122
0.427507366519421 0.220291074365377
0.376024131197482 0.221939225215465
0.411833261139691 0.23749161278829
0.437368341721594 0.229082704521716
0.42040866939351 0.222282622009516
0.442146104294807 0.218355168122798
0.507584024686366 0.220640846993774
0.479544234927744 0.199051207862794
0.519889320246875 0.211069453507662
0.519017428625375 0.186810115352273
0.503818300552666 0.177663118112832
0.428380846977234 0.121741172857583
0.426668678876013 0.118959850631654
0.476269626058638 0.140414599329233
0.465461098123342 0.12127863522619
0.438523858785629 0.0936930072493851
0.428687342908233 0.0887730643153191
0.414388078730553 0.089270459022373
0.415971462149173 0.0932587324641645
0.415610490832478 0.100965063553303
0.378588068764657 0.0888770995661616
0.370009812992066 0.0855594053864479
0.342288002371788 0.0774869727902114
0.339812899474055 0.0741392998024821
0.306114696431905 0.0633588097989559
0.349895920604467 0.100392005871981
0.38637184491381 0.101271342951804
0.368733692914248 0.112426472362131
0.295718788634986 0.0970205934718251
0.353414027020335 0.129241202026606
0.445105026941746 0.174216460902244
0.44779853336513 0.186760312411934
0.335012285038829 0.12785116629675
0.296686138492078 0.113572648726404
0.259421123191714 0.102848673705012
0.267861964646727 0.108013411983848
0.329575260635465 0.130046352278441
0.350465312134475 0.146707178559154
0.309144547674805 0.138528873212636
0.316362624056637 0.146887702401727
0.322445929981768 0.158645556308329
0.322991990484297 0.170317389536649
0.325756401289254 0.182006020098925
0.30060914857313 0.188058332540095
0.306556118652225 0.211172296665609
0.265805851668119 0.186971453949809
0.293308359570801 0.170997310429811
0.257449015043676 0.170225493144244
0.184921176638454 0.14364193379879
0.205352691467851 0.132428925018758
0.256886242423207 0.153862474486232
0.272559614852071 0.142482821829617
0.294698136858642 0.137848579790443
0.249308709986508 0.125059612561017
0.247875105123967 0.133493607863784
0.234062466770411 0.125817120075226
0.241999177262187 0.108442454133183
0.245142872910947 0.107550043612719
0.216143587138504 0.0973863475956023
0.19412554660812 0.10054121632129
0.159137731418014 0.0788563694804907
0.147822086699307 0.0764419082552195
0.143545672297478 0.0888711144216359
0.128249527420849 0.0798371597193182
0.128290763590485 0.0821271608583629
0.122736991383135 0.0805509672500193
0.0915320846252143 0.0554179917089641
0.109990573022515 0.0607883301563561
0.137763984501362 0.0646264711394906
0.124743375461549 0.0555338831618428
0.119712655898184 0.049376233946532
0.184131699614227 0.0425412650220096
0.192039019428194 0.047593389172107
0.151431809179485 0.0699174297042191
0.183174026198685 0.0833245050162077
0.215444659348577 0.0920853307470679
0.224702165462077 0.0906381318345666
0.225857274141163 0.0839702230878174
0.236908743623644 0.0454335906542838
0.249373830389231 0.0612181150354445
0.247480068355799 0.0783366104587913
0.242234595585614 0.0841593570075929
0.241662999615073 0.0888798939995468
0.29900890076533 0.104500437621027
0.276436374988407 0.0881624054163694
0.321172766853124 0.087927192915231
0.272156435996294 0.0652251220308244
0.236095285508782 0.0380987944081426
0.214246590621769 0.0216725473292172
0.205358269158751 0.0147769497707486
0.185150051955134 0.0146054243668914
0.07685168646276 0.0141304149292409
0.100525624118745 0.029029868543148
0.162385878153145 0.0298107713460922
0.1704554380849 0.0342878205701709
0.158720975741744 0.0348465689457953
0.144384982530028 0.0417625727131963
0.108022875152528 0.0366833144798875
0.0601541623473167 0.0315573839470744
0.0820178687572479 0.0518584889359772
0.116133893374354 0.0931437402032316
0.0891532418318093 0.111423104535788
0.0804576599039137 0.101845528930426
0.0900291367433965 0.0840760632418096
0.0870907763019204 0.0800417978316545
0.0659704101271927 0.0929777319543064
0.0709755853749812 0.128241240046918
0.0859353966079652 0.129538368899375
0.0743770818226039 0.183088281191885
0.0847457693889737 0.191302242688835
0.108135886024684 0.197574451565742
0.0895924591459334 0.227835785131902
0.0588086717762053 0.194696097169071
0.0380119881592691 0.191674069967121
0.100185460411012 0.246186339296401
0.123242646455765 0.252532827202231
0.151807056274265 0.249006018508226
0.157254077959806 0.238019221462309
0.160434690769762 0.249228993430734
0.141334077809006 0.262758245691657
0.180557232350111 0.25066685769707
0.179113234393299 0.236535593867302
0.160953622311354 0.223491891752928
0.12514294590801 0.198347549885511
0.105053132865578 0.141016172245145
0.126185290049762 0.149979538284242
0.17138260602951 0.189805273432285
0.164699103683233 0.205167642328888
0.188379196450114 0.249675471801311
0.194583223201334 0.26488089421764
0.199815064668655 0.264593271072954
0.204637972638011 0.260513023007661
0.229314203374088 0.270102011971176
0.260582866147161 0.28731518657878
0.284651638939977 0.284773653373122
0.245821969117969 0.290829964447767
0.234228851273656 0.294818327762187
0.216299745254219 0.29535143636167
0.19950324203819 0.308990788646042
0.209749061148614 0.309202570002526
0.184721728786826 0.318077460397035
0.167243339587003 0.301730940584093
0.16120536159724 0.308708768803626
0.140359622426331 0.32318407529965
0.115594140253961 0.30936731537804
0.143936845939606 0.314833350479603
0.185326571576297 0.276000390294939
0.143690887372941 0.276315654627979
0.144243935123086 0.285329518839717
0.130348715465516 0.280212119687349
0.0898159663192928 0.262865184806287
0.0911312000826001 0.281759812962264
0.079181479755789 0.299211008474231
0.100316049996763 0.314098181203008
0.0678830426186323 0.299264936707914
0.0666010933928192 0.286575652658939
0.0796498791314662 0.282781780697405
0.050986438523978 0.261771736200899
0.0332003682851791 0.267287528607994
0.0181040079332888 0.292936464305967
0.0323265381157398 0.301069707609713
0.0316562503576279 0.317394253797829
0.0585114499554038 0.313410655129701
0.0738413683138788 0.322031375952065
0.0886777006089687 0.315353690646589
0.0866718571633101 0.336734083481133
0.037369295489043 0.344482811167836
0.0856571272015572 0.368943533394486
0.0857583046890795 0.372105456888676
0.0973100489936769 0.35925401840359
0.108133949805051 0.357975118327886
0.151439486071467 0.331694199237972
0.192578922957182 0.350522777065635
0.208637485746294 0.357745883520693
0.164271045476198 0.359136686194688
0.155936851166189 0.360274905804545
0.14782921038568 0.356009850278497
0.140644866973162 0.362172939814627
0.119567436631769 0.366952705197036
0.138705288991332 0.371059244964272
0.147618905641139 0.371809319593012
0.1693777423352 0.388166706543416
0.201471002306789 0.391671476420015
0.204851384274662 0.378813535906374
0.229830997996032 0.365208023693413
0.24993818346411 0.364198793657124
0.260001861955971 0.358303751330823
0.292794621549547 0.345258532091975
0.302855312358588 0.359688594471663
0.312848310451955 0.346302187535912
0.32605588529259 0.337998588569462
0.281065549701452 0.386052784509957
0.317312048748136 0.432520002126694
0.306809310335666 0.427537404932082
0.304630290716887 0.42930051125586
0.271374745294452 0.415200469084084
0.290630359202623 0.414610325824469
0.262674713507295 0.411249148659408
0.253423491958529 0.398336239159107
0.233261999674141 0.401322762016207
0.252820708788931 0.400729698128998
0.254222890362144 0.412161560729146
0.229638529475778 0.433830780908465
0.280511792283505 0.434647684451193
0.18602793617174 0.442342038266361
0.253295307047665 0.446263564284891
0.296889786142856 0.457101280335337
0.291411953046918 0.468264219351113
0.265761526301503 0.481205229647458
0.218662577681243 0.503193374723196
0.233053920790553 0.471770601347089
0.258945544715971 0.464781138580292
0.185328417923301 0.45924344426021
0.178844573441893 0.461715416517109
0.184125724714249 0.461000236216933
0.209488852415234 0.507582466118038
0.156915625091642 0.521834946703166
0.165953746531159 0.533037415705621
0.156334808561951 0.539018530864269
0.189660092815757 0.550753548741341
0.234751613810658 0.528001733589917
0.16859004413709 0.537076957523823
0.244524093344808 0.510616674087942
0.271718637086451 0.533179309684783
0.32564385002479 0.496088111307472
0.303946292959154 0.511822123546153
0.359472865704447 0.480899280868471
0.360210177022964 0.493209904059768
0.388961056247354 0.487641846761107
0.346744360402226 0.471343926154077
0.337903619278222 0.478999038692564
0.333228362258524 0.487065508496016
0.29727346310392 0.500742776785046
0.282284999731928 0.508026079274714
0.301273919641972 0.472532487940043
0.305595578625798 0.480788216926157
0.317007868085057 0.456768610049039
0.296221657656133 0.442861921153963
0.29602659214288 0.43995857052505
0.3028409848921 0.44044574117288
0.333673420827836 0.459550920408219
0.333763264585286 0.430984418373555
0.333115161862224 0.407468439079821
0.353611283935606 0.426188583020121
0.364681744016707 0.426544369664043
0.342197980266064 0.396135098300874
0.334703778382391 0.400232843589038
0.369291935581714 0.376265219412744
0.365694473963231 0.372884745709598
0.39702257188037 0.374574195593596
0.359930724836886 0.397655683103949
0.401023917831481 0.392646151594818
0.419584907591343 0.429452980402857
0.430406349245459 0.441032405477017
0.389039729721844 0.48051995690912
0.402962453663349 0.478206779807806
0.413638124242425 0.47030301624909
0.428594661876559 0.47925066202879
0.436749175656587 0.48124739062041
0.443142695818096 0.477195542771369
0.441565894056112 0.482855418697
0.448184600565583 0.48682912485674
0.4748619585298 0.505739646498114
0.441752348095179 0.460120181553066
0.47578163119033 0.443574664648622
0.480412760749459 0.446285541169345
0.491890165489167 0.438844378106296
0.544496982824057 0.424909021239728
0.544869547244161 0.433376313187182
0.559453203808516 0.438710734248161
0.577116144355386 0.432829746976495
0.552903378847986 0.400084365159273
0.558662369847298 0.377600683365017
0.558271826244891 0.38395139016211
0.59501332230866 0.372805871535093
0.56597439898178 0.367518350481987
0.587523878086358 0.363597529008985
0.618054982274771 0.360208032652736
0.646398830227554 0.31163753895089
0.581121407914907 0.34888983797282
0.572136305272579 0.343993081245571
0.571320912335068 0.342851597815752
0.594810494221747 0.334252533502877
0.61560354847461 0.321498199831694
0.597836055327207 0.325558241456747
0.558059265837073 0.329399693757296
0.566799226216972 0.339023720473051
0.549104027915746 0.331195728853345
0.587257406208664 0.312728996388614
0.606083929073066 0.310918204952031
0.618952659424394 0.30977733200416
0.625450926367193 0.302907877601683
0.624042846728116 0.29477919684723
0.621097882278264 0.279881398193538
0.596893080044538 0.294619760941714
0.594259116332978 0.275132298469543
0.573505664244294 0.269783721771091
0.592487695626915 0.238295659422874
0.589913529809564 0.239112576469779
0.576934813056141 0.222515895497054
0.604964865371585 0.191705586854368
0.589575775898993 0.190896323882043
0.595229972153902 0.200351234525442
0.58090197108686 0.212174488697201
0.573389582335949 0.181204202584922
0.562756726983935 0.194471039809287
0.571133013349026 0.181899185758084
0.529362738598138 0.157477763015777
0.562588726636022 0.155344368889928
0.572960046585649 0.179679285734892
0.593248822726309 0.183822794817388
0.607048214413226 0.182193630840629
0.611562236677855 0.18023533327505
0.587639616802335 0.145053626969457
0.557372966781259 0.118080925196409
0.563762652687728 0.116471222601831
0.569460545200855 0.115078426897526
0.572739876341075 0.117084970232099
0.625635597389191 0.155653120484203
0.628488485701382 0.142143520526588
0.632437858264893 0.120382335036993
0.661740340758115 0.145739250350744
0.648874229285866 0.170218803919852
0.640682863537222 0.16496286354959
0.64655582094565 0.18735425779596
0.622555149719119 0.194616911467165
0.624233044218272 0.200777717400342
0.614713439252228 0.205958712846041
0.609326879493892 0.226298888213933
0.603807508014143 0.217175432946533
0.610893326811492 0.23064198018983
0.627308413852006 0.257857664953917
0.626079267356545 0.258572927676141
0.606117946095765 0.251279509626329
0.60557503439486 0.258682474959642
0.637827111873776 0.279427891597152
0.642852446064353 0.281660949345678
0.663161073345691 0.281082856468856
0.660991277545691 0.264963428489864
0.695979179814458 0.238971702288836
0.705190301407129 0.238892367109656
0.68208115408197 0.230772877112031
0.669613798614591 0.239434283226728
0.671041418332607 0.235771869774908
0.654269922059029 0.206735079176724
0.679329446516931 0.224048021715134
0.669910596683621 0.208034328185022
0.67849282361567 0.21170829795301
0.688549963757396 0.223878832068294
0.724041552748531 0.220716725569218
0.688909981865436 0.223421416711062
0.740266149863601 0.183609889820218
0.740172290243208 0.182407760526985
0.732030285988003 0.167575185652822
0.697726286947727 0.188292680308223
0.6774025647901 0.17837296705693
0.6857556742616 0.172468694392592
0.713123399298638 0.150670306291431
0.724669316317886 0.155757745727897
0.695128972642124 0.109106919262558
0.685619230847806 0.0873606810346246
0.710994721390307 0.0922730714082718
0.734220584854484 0.0974754835478961
0.714899759739637 0.130676881410182
0.716886742506176 0.133594541344792
0.741493062116206 0.122057985048741
0.745913742575794 0.109497888479382
0.747029522899538 0.108897741418332
0.791141745168716 0.0729866242036223
0.736001619603485 0.0782992299646139
0.660980314947665 0.0679127131588757
0.703575169667602 0.126649906393141
0.691182834096253 0.165481910575181
0.666808683890849 0.15050742123276
0.680399186443537 0.135244076605886
0.656186983920634 0.118816278409213
0.673954453319311 0.0952236414887011
0.67194043751806 0.0938577186316252
0.653278177138418 0.0883830660022795
0.586874686181545 0.0993534051813185
0.573550047818571 0.0775148118846118
0.596920512150973 0.0848308708518744
0.603472260758281 0.0888060932047665
0.605963298585266 0.0795355713926256
0.623797932639718 0.0830598245374858
0.641561575233936 0.0807490372098982
0.653101995587349 0.0601397776044905
0.613070862833411 0.075541312340647
0.606024039909244 0.0553319207392633
0.741072517819703 0.0292619816027582
0.747285703662783 0.0119489980861545
0.772329385858029 0.0525998524390161
0.809645412955433 0.0731802224181592
0.794722834601998 0.0552915544249117
0.753196232020855 0.00749971391633153
0.807551146484911 0.0369148310273886
0.825288076419383 0.064009360037744
0.822010905016214 0.074736553709954
0.824150018859655 0.0751075535081327
0.821764038410038 0.106508334167302
0.804000480100513 0.115829823073
0.831703454256058 0.130619306117296
0.804277151357383 0.15872204490006
0.826253981329501 0.158515219576657
0.802983516827226 0.171546782832593
0.817000683397055 0.167847394943237
0.804170990828425 0.185210559051484
0.766711135860533 0.129634692333639
0.743412863928825 0.170141510199755
0.756624519824982 0.159997354727238
0.761312756687403 0.162597708404064
0.767981648910791 0.163949895184487
0.756133460905403 0.195525777060539
0.780049801338464 0.198584822472185
0.766182189341635 0.22763255611062
0.780277986079454 0.215906875673681
0.834568687714636 0.157125423196703
0.836949877906591 0.161762237083167
0.837265158537775 0.160031113307923
0.843510723207146 0.149252449627966
0.837602563668042 0.0844210307113826
0.843419465236366 0.0952019649557769
0.848385846242309 0.0914583564735949
0.839261492248625 0.0732730268500745
0.843775589950383 0.0403116550296545
0.837689086794853 0.0193304531276226
0.827903174329549 0.0520797213539481
0.822943867649883 0.0386629402637482
0.804610528517514 0.00745907425880432
0.849579751491547 0.00602652644738555
0.888127599377185 0.0188239808194339
0.878237470518798 0.0058820303529501
0.912447027396411 0.0183662930503488
0.905462867114693 0.0337071111425757
0.879092402756214 0.0444453442469239
0.904230922460556 0.0770561066456139
0.889175090473145 0.0720157916657627
0.876526701264083 0.117055046837777
0.870662449859083 0.114121118094772
0.846546728163958 0.165896939113736
0.848068653140217 0.181535485666245
0.861015702132136 0.150839921552688
0.871132439933717 0.186939820181578
0.869944707024843 0.20622342126444
0.870384109206498 0.21101275132969
0.862655612640083 0.219288202002645
0.831733883358538 0.212032460141927
0.784421883523464 0.230493759270757
0.791203571017832 0.216418193653226
0.745842339936644 0.263376085087657
0.736393946222961 0.288204431068152
0.724492449779063 0.303545574657619
0.710196577943861 0.293216399848461
0.712262307759374 0.289672031998634
0.752434361260384 0.240867384243757
0.73247824748978 0.234315197449178
0.739726182073355 0.239176295697689
0.709996277466416 0.259122889954597
0.693491728045046 0.27074573840946
0.686069031711668 0.261181122157723
0.690215085633099 0.276150623802096
0.691421111114323 0.287807401269674
0.692098335362971 0.329995251726359
0.681195696815848 0.321189645212144
0.684329176787287 0.306177156511694
0.657350127119571 0.290674607735127
0.654499226715416 0.284185189753771
0.642162876203656 0.306797129102051
0.648429617285728 0.305776664987206
0.657885279972106 0.300680446438491
0.669650265015662 0.327293923590332
0.652288403362036 0.336675139144063
0.633480172138661 0.37817605631426
0.645892889704555 0.37576771248132
0.652619827073067 0.362862827721983
0.655879082623869 0.369567979127169
0.652355797588825 0.383963036350906
0.600985459517688 0.406834698747844
0.626215300522745 0.412955457344651
0.641382111236453 0.399237317033112
0.651741095352918 0.397769708652049
0.657044902443886 0.394648889545351
0.668586511630565 0.39802216924727
0.686823226045817 0.393827429972589
0.692447004374117 0.409135766327381
0.706229154486209 0.415518975816667
0.688495952170342 0.428517912048846
0.666133558843285 0.405689707957208
0.695954033173621 0.459350746124983
0.671823319979012 0.447829489130527
0.659293052740395 0.4353137020953
0.647509477101266 0.42852897522971
0.64887554757297 0.409036565106362
0.61495707789436 0.420385253615677
0.584425943903625 0.429031747858971
0.562359364703298 0.445632887538522
0.537311021238565 0.440073278266937
0.54103821888566 0.444745652843267
0.576335174031556 0.479321901220828
0.56061199773103 0.468196106608957
0.528073588851839 0.442972430493683
0.466691034846008 0.473458938766271
0.504172707907856 0.527211118489504
0.555027990601957 0.498669221997261
0.518574324902147 0.539205732289702
0.562573705799878 0.508977226912975
0.585926450788975 0.505505370441824
0.597512695938349 0.506741648074239
0.547596669290215 0.523630256298929
0.556759007275105 0.535780559293926
0.601936867460608 0.534835296683013
0.615824221633375 0.523845385760069
0.580106171313673 0.476058896631002
0.563621310051531 0.456803779583424
0.579003881197423 0.450131667777896
0.622915626037866 0.456180958077312
0.623014153447002 0.455332328099757
0.62506637070328 0.427613594103605
0.637414529919624 0.434144266415387
0.648077647667378 0.450223912019283
0.638335838913918 0.449064423330128
0.658877284266055 0.469131688121706
0.67348528187722 0.483301399275661
0.68084748275578 0.479256850201637
0.668275291100144 0.499936558306217
0.664438153617084 0.501845820341259
0.651946957688779 0.486758755519986
0.636210117023438 0.488990433048457
0.638489712495357 0.466780446469784
0.632563706953079 0.484439418651164
0.587286820169538 0.46709656342864
0.621738175861537 0.504594691563398
0.627088523469865 0.497209946159273
0.62929562991485 0.499095000326633
0.635730195324868 0.511633073911071
0.62496622512117 0.540506302844733
0.615941760595888 0.582090010400862
0.668980225455016 0.503266291692853
0.673904567491263 0.509007598273456
0.674308185931295 0.522417578846216
0.659467156976461 0.55079283611849
0.662710821256042 0.549464709125459
0.676955540198833 0.538049319759011
0.698108396027237 0.491557234432548
0.690079574473202 0.476838356815279
0.704844695981592 0.46561190020293
0.737433206290007 0.427381934598088
0.754202895797789 0.398852217942476
0.738534582778811 0.441745638847351
0.706737659871578 0.493084821850061
0.709391808137298 0.503062908072025
0.731993784196675 0.518006554804742
0.730633818078786 0.484977829735726
0.736969635821879 0.468125244602561
0.735418538562953 0.481058606412262
0.751453773584217 0.446075475774705
0.770343261305243 0.436150550842285
0.801976079121232 0.377703931182623
0.802315563894808 0.368461074773222
0.787586756981909 0.341816400643438
0.775273718405515 0.335602752864361
0.726373597979546 0.345807715784758
0.748778630979359 0.35697340592742
0.776497272308916 0.360487073659897
0.786868946161121 0.352219544816762
0.753936744295061 0.395938689354807
0.75230175582692 0.393685769755393
0.736855444032699 0.408496890217066
0.741456709336489 0.398294967599213
0.698639051057398 0.398918979801238
0.710507030133158 0.382790685165673
0.744700515177101 0.377038613893092
0.744843896012753 0.365453077945858
0.723264363594353 0.348995581269264
0.705563308671117 0.349635988008231
0.691808750387281 0.366978677920997
0.691954521462321 0.359869597479701
0.683824169915169 0.353009848389775
0.704020631033927 0.328946191351861
0.744874516967684 0.308133941609412
0.756538028363138 0.277285089716315
0.782781706191599 0.248257259838283
0.77686483412981 0.238978147972375
0.845744274090976 0.216012496966869
0.831465682946146 0.231277534272522
0.836645644158125 0.239815702196211
0.851040425244719 0.259307891130447
0.835614935029298 0.302706624381244
0.821009676437825 0.283584198448807
0.823009853251278 0.269704687409103
0.814133876003325 0.246017262805253
0.809809494763613 0.248138008173555
0.806879002600908 0.251924951560795
0.820365021005273 0.273996688891202
0.811924714129418 0.288917534518987
0.775415738578886 0.280366414226592
0.776822828222066 0.292866804171354
0.813468999229372 0.345555434934795
0.811542134732008 0.384636364877224
0.806152782402933 0.396152728237212
0.783682278357446 0.435698990244418
0.764771175570786 0.468220137991011
0.734515886753798 0.525696237105876
0.753925459925085 0.507795653305948
0.761347648687661 0.500068375375122
0.775217660237104 0.480764415580779
0.770645312499255 0.474193727597594
0.778644740115851 0.451968063600361
0.781337795313448 0.454226632136852
0.784393185283989 0.472898884210736
0.769069497007877 0.507691715843976
0.746350941713899 0.561520100571215
0.710466212127358 0.630115487612784
0.702052557840943 0.648171738255769
0.729151566047221 0.615867952816188
0.742849553469568 0.611876113340259
0.737223298754543 0.605047712568194
0.769965102896094 0.550643919035792
0.74468132480979 0.612320102285594
0.753954086452723 0.608930551446974
0.758749973960221 0.608552170917392
0.780579633079469 0.581789468415082
0.778169393539429 0.57634549215436
0.786429121159017 0.566369878128171
0.850444785319269 0.421194373164326
0.824425271712244 0.463509267661721
0.821058378089219 0.470177557785064
0.810694927815348 0.492019325494766
0.809956370387226 0.472316754981875
0.801863820292056 0.476086290087551
0.797691127285361 0.462794005870819
0.826052402611822 0.365171871613711
0.834841744508594 0.349841758143157
0.83813497191295 0.34144293749705
0.851742900442332 0.318775542080402
0.850719891488552 0.307185866869986
0.869337959215045 0.268239111639559
0.87330710561946 0.256583975628018
0.852912115864456 0.242124526295811
0.877498263027519 0.247584539465606
0.862377985846251 0.326085065025836
0.848414910491556 0.374276381451637
0.815581294707954 0.45322779705748
0.821237622294575 0.442915631458163
0.832668576855212 0.430078580975533
0.841005097143352 0.411620131228119
0.860460996627808 0.3900057063438
0.860440446529537 0.388436082284898
0.859872539527714 0.380763336550444
0.877762260381132 0.322579119354486
0.887531979940832 0.278737405315042
0.888009795453399 0.212402453180403
0.899117931257933 0.272143671289086
0.89369456237182 0.397941475734115
0.88892860757187 0.43068182002753
0.888179512228817 0.434056767262518
0.888204298447818 0.441245618741959
0.870865137316287 0.48471173318103
0.864339687395841 0.486614482477307
0.864004988223314 0.451327236369252
0.852127991616726 0.474320019595325
0.849387251306325 0.474402842111886
0.842475242912769 0.478331422898918
0.842304563615471 0.481027049943805
0.814540951512754 0.528382474090904
0.812193873804063 0.567508855834603
0.809778776019812 0.574932697694749
0.838388151954859 0.561881058383733
0.861882828641683 0.544252252671868
0.842588643077761 0.60604739561677
0.852976904716343 0.59050117759034
0.856357718352228 0.569634878542274
0.863829218316823 0.574899474158883
0.874813012778759 0.525355139281601
0.875397712923586 0.562414378859103
0.876505939755589 0.508314001373947
0.887125974986702 0.469661428127438
0.889590723905712 0.471319309901446
0.897896206472069 0.44927029684186
0.903326303232461 0.427320859394968
0.897877630777657 0.443309020716697
0.903207474853843 0.416972018312663
0.919442558195442 0.355239055119455
0.90707188565284 0.393007795326412
0.902439512778074 0.26888357847929
0.899745869450271 0.234273930545896
0.910286399070174 0.260327384341508
0.923472766764462 0.329960725270212
0.92931239400059 0.372753141447902
0.933856830000877 0.342627316713333
0.934996831696481 0.326065275352448
0.932671334128827 0.319517808966339
0.937289887107909 0.291379860602319
0.932469876483083 0.291809225454926
0.942915459629148 0.271928948815912
0.945683454163373 0.371312802191824
0.945869448129088 0.380169840529561
0.957942715846002 0.371058008633554
0.96425594901666 0.44739882927388
0.966310816816986 0.461869752500206
0.95491831144318 0.498008825350553
0.956341661512852 0.548316272441298
0.94228788651526 0.620911127422005
0.944044632837176 0.63782763807103
0.941814014222473 0.690041668247432
0.94132597791031 0.667383759748191
0.940594528801739 0.664933737367392
0.942498276475817 0.653174562845379
0.930907136760652 0.671730105299503
0.927893461193889 0.728421888314188
0.926296701654792 0.748410454951227
0.927187392022461 0.724582031834871
0.918083975557238 0.779101579450071
0.934790404047817 0.752984805963933
0.942824163008481 0.726774171926081
0.952113319188356 0.724212226923555
0.950662070419639 0.642841252498329
0.960256805177778 0.556140045635402
0.963157686870545 0.565516652073711
0.973916709423065 0.502333907876164
0.965578367933631 0.521001031622291
0.970310805365443 0.442118844948709
0.977849069517106 0.499882231466472
0.976855901069939 0.513150767423213
0.975591075606644 0.601826197002083
0.978313531260937 0.533946278970689
0.985669111367315 0.55996159883216
0.987178426701576 0.54687860654667
0.99229334294796 0.498388851992786
0.98767520673573 0.439618908334523
0.976984894368798 0.426324693951756
0.982615875545889 0.394684982486069
0.970577560830861 0.372010760009289
0.968895869329572 0.255435960367322
0.97990821255371 0.183234155643731
0.980336918961257 0.159272043965757
0.965877843089402 0.257442779839039
0.949786960147321 0.337883300147951
0.952369927894324 0.309409657027572
0.958933684043586 0.22751526394859
0.963506640866399 0.238554358948022
0.969063692726195 0.159583189059049
0.974666497204453 0.162471611518413
0.97473507001996 0.100994273088872
0.974224647507071 0.0901147439144552
0.973291306290776 0.0677735013887286
0.940486520063132 0.148654553573579
0.935919771436602 0.161130469292402
0.944283773656934 0.150522713083774
0.954444211907685 0.193278685212135
0.952110586222261 0.240710246842355
0.938879741355777 0.251692475751042
0.930445000063628 0.230989155359566
0.938151470385492 0.225302260369062
0.943084815051407 0.221517218276858
0.944029191043228 0.229907578788698
0.945334491785616 0.213114676531404
0.930206316057593 0.14423562400043
0.913304748013616 0.213373708538711
0.922168427146971 0.217539575882256
0.932447799947113 0.295865699183196
0.928075357340276 0.299069593194872
0.900249146390706 0.22604459291324
0.881928657181561 0.186088132206351
0.868134632240981 0.156833783257753
0.883363275788724 0.151580076199025
0.908764171414077 0.160987732000649
0.911272872239351 0.16118329949677
0.923719103913754 0.148945694323629
0.920718028210104 0.107465499080718
0.934131853748113 0.067735674791038
0.927667681593448 0.0321077750995755
0.938491276465356 0.0153068616054952
0.945355080533773 0.013748315628618
0.945949849206954 0.00280670076608658
0.952374992892146 0.0166639760136604
0.934579140041023 0.0301913027651608
0.943867294117808 0.089719211217016
0.953081170562655 0.0944285895675421
0.985432554967701 0.013906299136579
0.986252043861896 0.0118459220975637
0.992741203401238 0.00201809871941805
0.987078655976802 0.0553956343792379
0.996387525927275 0.0946545782499015
0.993067075032741 0.142187024932355
0.983479836955667 0.162908616941422
0.984372988343239 0.201357732061297
0.984275600407273 0.250462689902633
0.994638294912875 0.392930299509317
0.992804694455117 0.494385581463575
0.993895539548248 0.552080477122217
0.992197271436453 0.53439969709143
0.991955903358757 0.540593457873911
0.988049767911434 0.590876787435263
0.9948840434663 0.625466805417091
0.990004948806018 0.598958893213421
0.993802809622139 0.596066403202713
0.994873669929802 0.574875444639474
0.998332675546408 0.707053592428565
0.99792711995542 0.624198764562607
0.994700983166695 0.543731007725
0.996099928859621 0.377116940449923
0.998041641898453 0.183784772176296
0.999720837920904 0.390697090886533
0.996658445801586 0.427250833716244
0.999936080072075 0.623426787555218
0.99784985743463 0.7630769549869
0.989523058291525 0.701900063548237
0.987280011642724 0.648061506450176
0.985589344054461 0.69181932322681
0.984531364869326 0.772515903227031
0.990912200883031 0.843933145049959
0.987448878120631 0.866688809823245
0.988700201269239 0.869379451964051
0.99271555384621 0.834158257115632
0.992811400908977 0.896598212886602
0.989443295635283 0.96051018172875
0.999452261254191 0.95764658274129
0.987926795147359 0.965972760692239
0.977757638785988 0.991467999760062
0.987537800334394 0.956909839995205
0.983322470448911 0.958760356996208
0.979939528740942 0.9651601864025
0.891968316864222 0.993999003898352
0.895295844879001 0.988096640445292
0.84163676481694 0.998762357514352
0.819553619716316 0.998313314747065
0.853639599867165 0.98275664774701
0.805328608956188 0.984353869222105
0.800906761549413 0.97678543580696
0.793898429255933 0.979241653811187
0.793041991069913 0.98133455356583
0.767375096213073 0.989270982332528
0.787093347869813 0.956075870897621
0.776194558013231 0.954725543502718
0.813544753473252 0.931300746742636
0.800206599291414 0.951584427151829
0.816399557515979 0.948802470229566
0.847777286078781 0.949288813397288
0.833605686668307 0.948506539687514
0.866070793010294 0.938901179470122
0.887119118589908 0.901711104437709
0.867263552732766 0.904887478332967
0.878822704777122 0.875605300534517
0.889902838040143 0.863432856276631
0.898679505102336 0.886308580171317
0.896958184894174 0.89417819539085
0.894834824372083 0.916595919057727
0.917144089471549 0.93701949249953
0.903539074584842 0.947836982551962
0.882226007990539 0.953263020142913
0.851750529371202 0.956180865876377
0.822039768099785 0.967093578074127
0.84932346874848 0.979463041294366
0.882762661203742 0.983436217531562
0.913773601409048 0.979418136645108
0.895507179200649 0.980206368956715
0.910136128310114 0.974283365998417
0.922139280010015 0.973346648272127
0.940618264023215 0.964000998064876
0.9483702769503 0.92546919779852
0.964087183121592 0.896222293842584
0.942534002475441 0.913491727784276
0.932056464720517 0.945845920126885
0.92367569822818 0.938632108736783
0.925318378955126 0.935004364233464
0.92856412474066 0.868192584719509
0.931200322229415 0.866592304315418
0.939253234304488 0.843122698832303
0.948800531215966 0.814283786807209
0.95355160953477 0.803268217016011
0.952972070779651 0.850785899907351
0.975251854863018 0.842518824152648
0.980101462919265 0.82815029239282
0.961988171562552 0.839978942181915
0.983063404913992 0.816450862213969
0.976194404996932 0.814058048650622
0.968548615928739 0.796598649583757
0.968729007989168 0.732914190739393
0.970192607026547 0.721637698356062
0.97122615808621 0.701005280017853
0.971303515136242 0.681914805434644
0.962418104987592 0.632051961496472
0.961766218300909 0.683021079748869
0.961577747482806 0.649553252849728
0.958037647884339 0.697072471957654
0.955285036936402 0.715069859754294
0.952380424365401 0.745186603628099
0.954060247633606 0.774586915038526
0.940555184148252 0.779107998125255
0.921832929830998 0.797960590571165
0.917606216389686 0.797644983977079
0.852100231684744 0.810739969369024
0.854905986692756 0.852161983028054
0.870747709646821 0.885330352000892
0.875180237460881 0.874017565511167
0.860630454029888 0.921152050141245
0.826988479122519 0.929272335488349
0.82155880657956 0.915584010537714
0.804924237076193 0.908697500824928
0.796830258332193 0.914580315351486
0.834273144137114 0.876529981382191
0.838734035380185 0.855899053625762
0.84109873091802 0.886015160474926
0.849960773251951 0.851457103155553
0.849824543111026 0.835393121931702
0.810585952363908 0.786790619138628
0.853376811835915 0.783130925614387
0.852891229093075 0.760476429481059
0.869482340291142 0.774440558627248
0.878364934585989 0.732226639986038
0.891473199240863 0.690815256908536
0.898479883559048 0.683672538027167
0.899711530189961 0.664539681281894
0.894486946053803 0.664865692611784
0.867377819027752 0.691600296180695
0.880292877554893 0.70572322094813
0.85598007356748 0.717686188407242
0.843058873899281 0.756518105510622
0.818635894916952 0.778579058125615
0.808922509197146 0.775429383851588
0.833328536245972 0.740355919580907
0.838466271292418 0.726998582482338
0.846812434028834 0.738088686019182
0.858485581353307 0.68058377224952
0.872633497230709 0.643866278696805
0.903112117666751 0.655598113778979
0.904154333285987 0.661731865257025
0.909299567341805 0.657715934794396
0.890520498622209 0.739456815179437
0.885037815198302 0.761842254549265
0.928410502150655 0.702475762926042
0.917389335576445 0.704008114058524
0.904873612802476 0.603803511708975
0.890331410802901 0.598465185146779
0.927539557218552 0.533267269376665
0.92813488887623 0.530201581306756
0.937749705277383 0.492454678285867
0.930016420315951 0.60298312548548
0.927676462568343 0.595936194993556
0.931395775172859 0.567623919807374
0.921466908417642 0.617787642870098
0.928163800388575 0.621598809957504
0.934944917447865 0.585756462998688
0.952712509781122 0.429435703903437
0.941409460268915 0.396427533123642
0.942052767146379 0.399021822027862
0.943779671564698 0.418181718792766
0.944503393489867 0.42668710462749
0.94589054165408 0.429276464506984
0.93073959602043 0.410881771706045
0.923571783583611 0.435627115424722
0.923320315312594 0.42804593173787
0.923484421800822 0.408275893889368
0.913833781611174 0.410602705553174
0.881941713392735 0.540612148120999
0.885702463798225 0.538922984618694
0.890860547311604 0.526489830110222
0.922167001292109 0.428483999799937
0.923118723556399 0.440436133183539
0.910021805204451 0.493381903041154
0.905195428989828 0.527861670125276
0.919857384171337 0.48670026473701
0.921652848832309 0.522329743485898
0.898221308365464 0.537999824155122
0.911761909257621 0.552283903583884
0.883121566381305 0.607589046470821
0.887787058018148 0.592185340821743
0.876825531478971 0.593687729910016
0.879010639153421 0.590925766620785
0.891977828461677 0.571201152633876
0.897917200811207 0.555983774829656
0.896016065962613 0.553972168359905
0.882373306900263 0.563986113294959
0.881839236710221 0.552225422579795
0.858374293427914 0.658704070840031
0.857326085679233 0.652989050373435
0.856387771200389 0.650205655023456
0.864240916445851 0.57828387292102
0.845763626508415 0.628283379133791
0.836473030503839 0.6328120296821
0.822894469369203 0.634963519405574
0.796074668876827 0.694891941267997
0.814360067714006 0.671742920298129
0.827384382486343 0.648334458004683
0.827292529400438 0.687699791043997
0.834216656163335 0.706776879262179
0.799312728922814 0.776497743558139
0.780577432829887 0.839311454910785
0.795361172407866 0.77775103552267
0.809605274349451 0.73925065016374
0.772020441945642 0.764874206855893
0.782886365428567 0.725799845997244
0.755345854442567 0.738542128819972
0.733040214981884 0.752977039664984
0.727274123579264 0.749797712545842
0.729870326817036 0.77010885765776
0.730865919962525 0.778855295851827
0.738955951761454 0.769484851043671
0.749935357365757 0.79671038640663
0.726355912163854 0.810243434272707
0.745429115835577 0.802659741602838
0.727187907788903 0.835945900063962
0.719083859585226 0.840398262720555
0.721239746548235 0.844546129461378
0.759849230758846 0.81286757113412
0.759242693893611 0.810510031878948
0.778987853787839 0.776265151798725
0.755694373510778 0.829017586540431
0.722905652597547 0.851093170698732
0.699073124676943 0.843742652796209
0.727845690678805 0.859259262215346
0.755891129840165 0.870818509254605
0.766753721516579 0.871773368213326
0.76310838246718 0.89021341316402
0.751623859163374 0.908425503410399
0.771676258184016 0.895562034565955
0.766733843833208 0.869665544945747
0.744564421940595 0.8607512046583
0.768072163686156 0.860345041844994
0.785215463023633 0.855000357609242
0.800007772166282 0.845972540322691
0.816058186348528 0.86092116497457
0.8085389980115 0.883769419509917
0.794772083871067 0.89870974374935
0.791526903863996 0.905003644060344
0.793670238927007 0.918650440406054
0.770452960859984 0.950834702700377
0.750777816865593 0.997804596554488
0.752655423246324 0.98201355850324
0.761806080583483 0.957445827312768
0.761227866634727 0.954553693998605
0.752908477559686 0.958353603258729
0.744959030300379 0.967134300153702
0.739196890033782 0.97321413224563
0.724202338606119 0.998350479174405
0.725605881772935 0.969822035171092
0.74255177564919 0.950061221607029
0.742939569056034 0.90990703413263
0.725550338160247 0.879855777136981
0.686529840808362 0.881645284593105
0.655873017385602 0.884557291865349
0.635236487258226 0.924366110004485
0.690888973418623 0.906376710627228
0.705217238049954 0.891357198357582
0.719113355036825 0.897628121543676
0.712792639154941 0.901087225414813
0.712201503105462 0.906872321851552
0.711597257293761 0.914236471988261
0.704358756076545 0.929414532613009
0.698714079335332 0.913862431421876
0.69305627932772 0.933603500016034
0.68322566896677 0.920454137492925
0.681257988326252 0.922009574715048
0.651189739815891 0.935469969641417
0.690815108828247 0.93701222166419
0.69615919329226 0.938492920715362
0.715007135178894 0.947275181766599
0.700743821915239 0.964175244793296
0.694727293215692 0.987095717806369
0.681920437607914 0.959600769914687
0.668344677891582 0.945364175830036
0.656945027410984 0.975525190122426
0.684159468393773 0.998145509976894
0.641069098841399 0.993449873756617
0.546047782059759 0.993842022493482
0.554737182334065 0.990325207356364
0.643556901719421 0.976208323612809
0.617715334519744 0.953146800864488
0.608042405918241 0.96323293633759
0.591357694938779 0.965847335755825
0.527082053013146 0.979245214257389
0.569329725578427 0.961587006691843
0.591503359377384 0.944784651976079
0.615534233860672 0.926614007912576
0.612837869208306 0.91750350035727
0.580135106574744 0.898036146070808
0.576434293296188 0.912260433658957
0.560281211044639 0.933634698390961
0.556834876537323 0.943970648571849
0.575182391796261 0.949315092992038
0.558778699953109 0.958487016148865
0.497442514635623 0.970158325973898
0.460665527265519 0.969087030738592
0.523222321644425 0.909527235664427
0.521951954811811 0.92292362684384
0.514772555790842 0.94151727668941
0.537819701246917 0.899804941378534
0.536810817196965 0.905027722008526
0.544541849289089 0.903835659846663
0.563996023498476 0.881098396610469
0.565223415382206 0.87611615890637
0.577450338751078 0.863105772063136
0.580551717430353 0.86918088234961
0.582417912781239 0.886496979743242
0.591087661217898 0.882710779085755
0.599766221828759 0.868452606722713
0.651206768583506 0.863641906995326
0.665461358148605 0.837913360912353
0.669381618499756 0.842278346884996
0.673131740652025 0.84999390784651
0.688591680023819 0.84610236575827
0.68537909258157 0.821586243342608
0.680298467632383 0.827385555021465
0.632559742312878 0.84445342188701
0.598716077394783 0.842722716275603
0.632704960182309 0.826680328696966
0.678222875576466 0.804216246120632
0.69310664338991 0.787286759819835
0.709002323448658 0.79614896280691
0.698852452915162 0.777755214832723
0.695612994488329 0.768608192447573
0.677080002613366 0.778496998362243
0.668362348340452 0.796964791603386
0.652291824109852 0.806548986118287
0.646378813311458 0.811757577583194
0.645316563546658 0.812277739401907
0.671377736609429 0.767768776509911
0.743426010012627 0.730406556744128
0.737274178303778 0.67981924302876
0.752332731150091 0.666764832567424
0.759191265329719 0.656702691689134
0.751259205397218 0.727189964149147
0.769803449511528 0.700752359349281
0.776059031486511 0.699171284679323
0.820509856566787 0.608410328160971
0.811802914366126 0.605442430824041
0.810286897234619 0.596011969260871
0.792198858689517 0.566606869921088
0.810196105856448 0.557858621235937
0.8098811712116 0.548383693210781
0.805345018859953 0.551871440373361
0.78765522595495 0.567145316395909
0.797500209417194 0.589770852588117
0.777998770587146 0.602262529078871
0.747035788372159 0.648876428138465
0.685049182269722 0.694428370799869
0.70364357996732 0.706372395157814
0.727328751701862 0.692887915298343
0.737678518518806 0.699837100226432
0.729682934470475 0.715653206221759
0.721582642756402 0.7150365030393
0.69801773224026 0.726914329454303
0.690596511587501 0.72987172473222
0.672075988724828 0.710418913513422
0.671276448760182 0.72431933041662
0.625624069478363 0.822995822411031
0.609405546449125 0.817871023435146
0.598691801540554 0.828060973901302
0.591796539723873 0.834026186261326
0.5633749878034 0.845509242266417
0.561837709043175 0.842762088403106
0.570694125723094 0.815793426241726
0.571940078865737 0.799925268627703
0.562753377016634 0.810131458099931
0.559246432036161 0.831397238653153
0.544594968669116 0.84553592838347
0.500682632438838 0.909909592010081
0.509152313694358 0.870150563307106
0.533388069830835 0.845746727194637
0.525551137048751 0.835122120101005
0.548281010705978 0.807579902932048
0.560900584794581 0.77607115264982
0.58560630492866 0.754849903285503
0.598299903795123 0.726745672989637
0.605687816627324 0.710021981969476
0.594793446362019 0.746850364375859
0.617528784554452 0.726694767363369
0.621041637379676 0.769028646405786
0.589405673090369 0.777003318071365
0.581230120267719 0.778842468746006
0.59642306342721 0.78551590256393
0.624966574367136 0.774141116533428
0.630293359514326 0.772387735079974
0.642082580830902 0.719959517940879
0.619805227499455 0.726370933931321
0.615392922889441 0.70532159274444
0.650298525113612 0.700543715618551
0.617344498634338 0.681468328461051
0.621127973776311 0.674305322114378
0.639348806347698 0.654381338506937
0.64958171127364 0.654750032816082
0.661798523273319 0.660355858504772
0.653523442801088 0.686057885643095
0.675790235865861 0.662946285679936
0.699010320007801 0.619024418760091
0.725064536556602 0.595385120715946
0.706129614263773 0.597938709426671
0.720789747778326 0.582388258073479
0.72961543360725 0.570332297123969
0.743905311450362 0.540067743510008
0.739732090849429 0.539784603752196
0.720146201085299 0.571902703959495
0.734265157487243 0.535663120448589
0.684573125559837 0.638214964419603
0.713600852526724 0.546404938679188
0.706386093981564 0.538088512606919
0.676089264918119 0.622495895717293
0.662223262712359 0.619619130622596
0.642250605393201 0.605877168476582
0.68263251427561 0.572469881735742
0.617995658889413 0.594571998342872
0.585970177780837 0.621877240017056
0.583047047723085 0.620074009988457
0.576600967440754 0.620490595698357
0.538063744083047 0.593716026283801
0.522957564797252 0.585174031089991
0.573661116417497 0.572744529694319
0.569397665560246 0.542818770278245
0.510545316617936 0.560774649959058
0.497234413400292 0.562936536036432
0.504403676372021 0.572485119570047
0.530538206920028 0.600590648129582
0.518277406692505 0.586009966209531
0.563984445761889 0.62941350787878
0.537527469452471 0.61052579479292
0.525348117109388 0.601705188397318
0.507953166030347 0.600273428950459
0.534365531522781 0.630976107902825
0.539709107484668 0.636228134389967
0.56007770029828 0.638133894186467
0.536881775595248 0.6494309483096
0.54457210469991 0.667409284505993
0.537539249286056 0.653202669229358
0.513810454402119 0.680712258443236
0.551513987593353 0.673815709538758
0.54815305955708 0.70227453391999
0.561613213736564 0.699249206110835
0.534507564734668 0.727177948690951
0.572890755720437 0.735602820292115
0.564845447428524 0.679963985923678
0.587394642643631 0.668532456737012
0.590742689557374 0.630868937820196
0.618987868074328 0.618366189301014
0.621878627687693 0.621711201034486
0.622744458727539 0.644195018801838
0.605405052192509 0.678131829947233
0.606307003181428 0.684436411596835
0.593391784932464 0.721585791092366
0.587963939644396 0.721272982656956
0.572273917961866 0.748725652694702
0.565298977773637 0.749935762491077
0.548658158164471 0.742725301068276
0.547515562735498 0.746223757974803
0.54679098771885 0.746464554686099
0.492466863244772 0.807548078708351
0.486584682017565 0.815769580658525
0.492600483819842 0.816197101492435
0.492934621404856 0.809734911192209
0.52764514554292 0.769065843429416
0.552648104261607 0.792528174351901
0.53312346432358 0.804939085152
0.513909778557718 0.811685691121966
0.50806471798569 0.819178741890937
0.495003937743604 0.843361727427691
0.495331860613078 0.827098798006773
0.484785181004554 0.835115130990744
0.489379470236599 0.841521142050624
0.500923209358007 0.853275722824037
0.501845797989517 0.858656296040863
0.485497624147683 0.862315781414509
0.477337210904807 0.867882668040693
0.481748552527279 0.857248089276254
0.475453943014145 0.847918462473899
0.431985837873071 0.914874424226582
0.476678891573101 0.905732004903257
0.486269017681479 0.917168509680778
0.451935612596571 0.966708877123892
0.441250743344426 0.982628876809031
0.439806044567376 0.981943523511291
0.412199907004833 0.990116764325649
0.421991183888167 0.969378243200481
0.465874060988426 0.938015890307724
0.471843184437603 0.915298677049577
0.439241365063936 0.933217136189342
0.422609536442906 0.925748638808727
0.389826958999038 0.981049254536629
0.390734896063805 0.988349124789238
0.386930654756725 0.993344211019576
0.38411434320733 0.994471857324243
0.370099143590778 0.996560442727059
0.349832030944526 0.996419052127749
0.371042245067656 0.976621722336859
0.389409790281206 0.960398023482412
0.425350096542388 0.914462967775762
0.449612034484744 0.885203094687313
0.469562921673059 0.844909799285233
0.433193871751428 0.895748701412231
0.414447136223316 0.909938365221024
0.408059333916754 0.911582575645298
0.366295969113708 0.957374970428646
0.347827462013811 0.937386978883296
0.344891275279224 0.930630213581026
0.353767062537372 0.937508855946362
0.377803442534059 0.926907982677221
0.387000236194581 0.92135403631255
0.366144011728466 0.926913779228926
0.390884315129369 0.91335844155401
0.477243338245898 0.827483345288783
0.481020314153284 0.815086625516415
0.472417437471449 0.821560233365744
0.462181778624654 0.810344500467181
0.442900098860264 0.847631997894496
0.393124325666577 0.884519527666271
0.37770519265905 0.900334754027426
0.372715425211936 0.906714059878141
0.368136798962951 0.901884867344052
0.375841896981001 0.881000299938023
0.382149018812925 0.884582829661667
0.414110139943659 0.844759947620332
0.507593404967338 0.769046811386943
0.458055081311613 0.794305801391602
0.455732479225844 0.784044569823891
0.478013352956623 0.757829974405468
0.495679310522974 0.741008556447923
0.510622736532241 0.724857264664024
0.529399980790913 0.729591276030988
0.51560539426282 0.753209532704204
0.545140288304538 0.703712109941989
0.526094910688698 0.696093872655183
0.458594391588122 0.759810212999582
0.454081794712692 0.771350289694965
0.428459552582353 0.812350849155337
0.410617866553366 0.831243267282844
0.441766328644007 0.774689394515008
0.43985630851239 0.764739118050784
0.478765188716352 0.714544543530792
0.441252109594643 0.734723364468664
0.439673471264541 0.76321429386735
0.427955396007746 0.740418795961887
0.422462411224842 0.737281465902925
0.477863141335547 0.712806048803031
0.49736005300656 0.689605243969709
0.492981254123151 0.705845536664128
0.515256045386195 0.668836129829288
0.522156494203955 0.629934299271554
0.484141462948173 0.643579253461212
0.480255551636219 0.615747021045536
0.438117734156549 0.613615785259753
0.477917363867164 0.652215521316975
0.472691553179175 0.699338437058032
0.481367994565517 0.703065575100482
0.443160347174853 0.71041269460693
0.463709725532681 0.652065555565059
0.430232605431229 0.611647985409945
0.387826905120164 0.59896736079827
0.428031634539366 0.59894377598539
0.455313188489527 0.5904097747989
0.489653629250824 0.59941369574517
0.491588367614895 0.587756742723286
0.468798234127462 0.582947929389775
0.466011809650809 0.584265165496618
0.449286988470703 0.583583936560899
0.485686490312219 0.559092441108078
0.489567716605961 0.548622237984091
0.461014655418694 0.567844188306481
0.46005899226293 0.560014383867383
0.418253772426397 0.566893648821861
0.42044544685632 0.569269219879061
0.449176595546305 0.568212339654565
0.444498570170254 0.571109258569777
0.389179622754455 0.584424832835793
0.441881368402392 0.543598677963018
0.481780495494604 0.540901837870479
0.462551645934582 0.524454803206027
0.404915096238256 0.484155121259391
0.41527714766562 0.492519424296916
0.425610602833331 0.507881604135036
0.410771605093032 0.494034846313298
0.403975435532629 0.491032275371253
0.364542774856091 0.511929251253605
0.364465607330203 0.509836256504059
0.358364650048316 0.534893424715847
0.294538249261677 0.535593767184764
0.311540394090116 0.548860968090594
0.318804210983217 0.543257583398372
0.325217163190246 0.540629935916513
0.309395363088697 0.561563030816615
0.341117683798075 0.572023216169327
0.344341931864619 0.603489269968122
0.326608812902123 0.597891247365624
0.263359408359975 0.582216312177479
0.311412401963025 0.577994698192924
0.254858938511461 0.559360289014876
0.240410769823939 0.567928274162114
0.265293939504772 0.542368681635708
0.240357145667076 0.544400032609701
0.229519748128951 0.558467674534768
0.234055994078517 0.566325212828815
0.190140572842211 0.558568242937326
0.181312506552786 0.573617578484118
0.183689458761364 0.577926375903189
0.222523212898523 0.59279618319124
0.287726976443082 0.60572008183226
0.319433517288417 0.602949521504343
0.329440213274211 0.599966522771865
0.311939568724483 0.619548853952438
0.325702091213316 0.62441482860595
0.359194764867425 0.641540844459087
0.378264108207077 0.635145789477974
0.416938494890928 0.640340982005
0.376198082230985 0.631754247006029
0.372726569417864 0.634422698989511
0.353726982604712 0.633101931773126
0.321563176810741 0.615658766590059
0.371821639128029 0.618503620382398
0.426796011161059 0.633235125336796
0.429726148489863 0.627188133075833
0.44587283115834 0.643358528614044
0.427016601897776 0.667173569090664
0.380110972095281 0.672447194810957
0.380366859491915 0.673456788994372
0.401703569106758 0.685035409405828
0.418774989433587 0.696932232007384
0.419844570569694 0.717066796496511
0.404455996118486 0.699128643143922
0.379478992428631 0.698346619494259
0.385203924495727 0.678927948698401
0.343105570878834 0.661624293308705
0.313499160576612 0.638943778350949
0.298082308378071 0.64622706733644
0.300735379103571 0.655613339040428
0.275143545120955 0.661558899562806
0.275391270406544 0.621760971844196
0.269515100400895 0.620920039247721
0.238915245514363 0.607437597122043
0.202725844457746 0.587123797275126
0.248348020017147 0.616271969862282
0.27497345302254 0.637707239016891
0.22118932986632 0.61315628932789
0.245363063178957 0.638312892522663
0.203621739521623 0.611643700860441
0.201982390601188 0.616223888006061
0.200999903026968 0.626834894996136
0.165919661987573 0.619057762436569
0.182697721291333 0.631416483316571
0.201696158852428 0.649601104203612
0.20300475647673 0.681902972981334
0.16486890334636 0.716702204197645
0.189491920173168 0.719606117811054
0.243853837251663 0.653013384900987
0.237753610592335 0.661545923445374
0.242752601858228 0.671256500761956
0.217142813839018 0.714398513548076
0.270776693243533 0.674254716839641
0.289404405280948 0.669900582171977
0.29523101914674 0.669739448465407
0.322838804684579 0.675921925809234
0.332079893909395 0.681160537526011
0.361225328873843 0.702020492404699
0.327529319562018 0.741913630627096
0.310759307350963 0.744557137135416
0.294159908313304 0.734778087586164
0.29673216259107 0.737446007784456
0.273034531157464 0.751704660244286
0.27044962067157 0.745416111778468
0.279696726240218 0.731860326603055
0.246529182419181 0.727978875860572
0.241330331657082 0.725167891010642
0.271856372244656 0.708918062504381
0.302535105496645 0.692596897017211
0.269599831663072 0.692127914633602
0.28617176041007 0.672937164548784
0.246051884721965 0.707828136626631
0.227304375264794 0.714234002865851
0.165090948808938 0.767352984286845
0.235348687041551 0.71668317867443
0.226093582808971 0.747669069562107
0.233696114271879 0.748757382389158
0.220812241081148 0.760956115089357
0.21862096618861 0.752376510761678
0.208654162939638 0.756950190290809
0.183269158005714 0.773279041983187
0.160977463237941 0.777727304492146
0.159091590438038 0.78931207023561
0.150518814567477 0.799416703172028
0.257107827346772 0.763050104491413
0.202275880146772 0.785379570908844
0.205118462909013 0.791105291806161
0.212839539162815 0.788745647761971
0.220784574747086 0.781470540910959
0.267609033733606 0.758875309024006
0.321187253575772 0.760110854171216
0.324847893789411 0.77470253361389
0.309573332313448 0.779822751414031
0.31895981868729 0.787925630807877
0.313029488548636 0.787449962459505
0.301382292062044 0.78831285238266
0.285716321785003 0.792204248718917
0.217896163929254 0.799943114165217
0.27337287273258 0.801408031955361
0.330190944485366 0.804397627245635
0.328387654386461 0.84253261750564
0.373493906110525 0.813350989017636
0.378827020060271 0.815370064694434
0.362274155020714 0.795139602851123
0.342577746603638 0.803312937729061
0.333528055343777 0.801361487712711
0.332078036852181 0.786046660505235
0.394995091482997 0.725541961845011
0.374677156563848 0.75093942694366
0.387234608642757 0.771296749357134
0.389994366560131 0.775264346040785
0.418567860033363 0.75944865308702
0.428998219314963 0.74554109107703
0.411700724624097 0.778792994096875
0.376728406175971 0.790766464546323
0.379908539354801 0.795871709939092
0.38638973236084 0.793887749779969
0.387388099450618 0.81642450299114
0.407281678635627 0.818525196518749
0.407235961873084 0.821037420071661
0.385702361818403 0.855111771263182
0.369033440947533 0.838812166359276
0.34138534963131 0.842659138608724
0.289538417942822 0.880850951187313
0.268408501986414 0.889083140995353
0.273956148419529 0.888666701968759
0.294404130894691 0.884928126819432
0.278449296019971 0.931420667096972
0.261492596007884 0.949003221932799
0.278711875900626 0.939386840444058
0.307797020301223 0.901543890591711
0.354477861896157 0.866915167775005
0.344225693494081 0.892769876867533
0.340317309834063 0.89742875052616
0.36170919239521 0.884472024161369
0.36494431970641 0.889355715364218
0.33353270823136 0.906799269840121
0.340826125349849 0.927079957909882
0.334209816530347 0.92928306851536
0.284132882021368 0.945334557909518
0.265403571072966 0.965267330873758
0.25177355716005 0.973807589616627
0.213474185671657 0.986504808533937
0.265922532882541 0.975555528886616
0.292076722253114 0.957095491699874
0.3126634308137 0.94638525461778
0.327047719620168 0.940458569675684
0.341476291418076 0.950412608217448
0.327350728679448 0.979625776410103
0.315309822093695 0.972436100710183
0.243316237814724 0.989751263987273
0.284449105150998 0.990672694519162
0.318475149571896 0.993848141748458
0.223859323654324 0.993811703287065
0.161360065918416 0.993556653149426
0.228489401284605 0.981416931375861
0.199150065891445 0.977221601642668
0.196514017879963 0.973928012885153
0.263564121443778 0.943768920376897
0.26936759846285 0.9285310767591
0.235289548058063 0.942966129630804
0.201983158010989 0.965242595877498
0.201503484044224 0.964188878424466
0.136772715020925 0.973532210104167
0.0783798629418015 0.977366006933153
0.147714681923389 0.965834227390587
0.157540360931307 0.94392558792606
0.105470846407115 0.952474951278418
0.132046037819237 0.92466200189665
0.139682774897665 0.920355459675193
0.148473308887333 0.903121484443545
0.140409077052027 0.903916665352881
0.16993841715157 0.865262427832931
0.204537349753082 0.869030779227614
0.199313924647868 0.875735457055271
0.205708168912679 0.876615040469915
0.202302748803049 0.899847263935953
0.198036047630012 0.906698366161436
0.149829080328345 0.935485843103379
0.16006789682433 0.942511741537601
0.193320341873914 0.935453303158283
0.183671202044934 0.960699891671538
0.203128362074494 0.950064773205668
0.228643631096929 0.9304842017591
0.240119873546064 0.914915328845382
0.240211786236614 0.901825321372598
0.214719470590353 0.895146446302533
0.218088985886425 0.889938856940717
0.260111983399838 0.859723182395101
0.271014927420765 0.859769184608012
0.285011621657759 0.860512648243457
0.305090324021876 0.823874636087567
0.245947442948818 0.847676838748157
0.225962218828499 0.868972754571587
0.218087314162403 0.862718438263983
0.238681295886636 0.8393341191113
0.282692034263164 0.812198799103498
0.263541786465794 0.810391636565328
0.210140867158771 0.829218449536711
0.176924625877291 0.843370703514665
0.130451016593724 0.910581146832556
0.102822697721422 0.9456458077766
0.108566835522652 0.925319005269557
0.122190769761801 0.901369217317551
0.0742652821354568 0.892056811135262
0.118980959057808 0.87360774865374
0.136722977738827 0.867408375255764
0.153834071941674 0.865665132645518
0.15909216273576 0.85965061513707
0.17767222225666 0.827847367618233
0.199574246071279 0.816127532627434
0.167484835721552 0.819753105286509
0.144944951869547 0.848895072005689
0.151406943332404 0.824214059393853
0.132397556677461 0.83706097304821
0.141082455404103 0.842327036894858
0.124504934996367 0.859315345995128
0.10434217331931 0.860597726888955
0.0982762607745826 0.840025765355676
0.0594130735844374 0.902048770803958
0.0130684827454388 0.913793713320047
0.0271355975419283 0.953174993861467
0.0235860007815063 0.958275902085006
0.0342422146350145 0.947230115998536
0.0642655408009887 0.943297428544611
0.0666857352480292 0.939157013781369
0.0766239720396698 0.922865993808955
0.0806995211169124 0.92606848385185
0.0539113502018154 0.998906707856804
0.0205323616974056 0.993741686455905
0.0027021449059248 0.995725833345205
0.00173494732007384 0.934627799782902
0.00574159109964967 0.910267742350698
0.0213566673919559 0.885295172221959
0.0150661449879408 0.888596745673567
0.00550191383808851 0.87946081859991
0.00587794929742813 0.879240822978318
0.0435399170964956 0.858984970953315
0.0689227604307234 0.854472167324275
0.0870096627622843 0.820896413177252
0.0603223145008087 0.816226502414793
0.0607998929917812 0.809007215779275
0.0419281907379627 0.814895657356828
0.0390848754905164 0.833530920092016
0.00755965942516923 0.863334314897656
0.0014480147510767 0.848697640467435
0.0134406411089003 0.799129441846162
0.0618705325759947 0.789650914724916
0.0595826269127429 0.772931666579098
0.0677294274792075 0.765376257710159
0.0358448694460094 0.778420708607882
0.0325389322824776 0.763239424210042
0.0443099751137197 0.759744359180331
0.0346779045648873 0.757321924436837
0.0306934574618936 0.760323761962354
0.00527948420494795 0.755607426632196
0.0284192110411823 0.698415784165263
0.0245474372059107 0.688729288056493
0.0198877020739019 0.679656218271703
0.00663558719679713 0.708859948907048
0.000860318075865507 0.670981598552316
0.0103150033392012 0.580992532894015
0.00641636364161968 0.56883932929486
0.0070522204041481 0.566183441318572
0.0273254490457475 0.552108195144683
0.0551668996922672 0.57298507867381
0.0685613206587732 0.57487274101004
0.0638327649794519 0.54678793111816
0.0823079524561763 0.562877895776182
0.0673267720267177 0.583547761198133
0.0490822903811932 0.597639431245625
0.103151482064277 0.581437543500215
0.116310455370694 0.587869924493134
0.139489406719804 0.60905600618571
0.104865286033601 0.61420210916549
0.1123650316149 0.621619149576873
0.0910154776647687 0.639798734802753
0.108643692918122 0.641956099774688
0.123436025343835 0.637688553426415
0.129882323555648 0.64952156599611
0.124952090904117 0.666970745660365
0.114091624040157 0.688460996374488
0.103310211095959 0.70799791906029
0.0938271940685809 0.721729555632919
0.118881086353213 0.739617320243269
0.0864274580962956 0.753868151921779
0.0694649037905037 0.742927790153772
0.0692922542802989 0.729594690259546
0.111933970823884 0.678944519720972
0.100647315382957 0.655873433686793
0.0961615326814353 0.670448726974428
0.0666780769824982 0.689446385484189
0.0637267334386706 0.669469880871475
0.0372310532256961 0.634149956982583
0.0624948381446302 0.64499221695587
0.0819965195842087 0.636904567480087
0.0605814484879375 0.596885108854622
0.0555454669520259 0.619778905529529
0.0399250932969153 0.598456509876996
0.0178160388022661 0.593956731725484
0.00829933676868677 0.640738334041089
0.0151248704642057 0.658872529864311
0.028750719036907 0.644573218654841
0.0393564598634839 0.662497096695006
0.0450355876237154 0.692033963277936
0.066915282048285 0.699238042812794
0.0357049629092216 0.751270669512451
0.0839778333902359 0.756920253392309
0.0964535335078835 0.79288289649412
0.0927322432398796 0.812756383325905
0.100062158424407 0.815110805910081
0.110705060884356 0.805580786895007
0.130673105362803 0.794035768602043
0.14661270333454 0.793729779310524
0.147039991337806 0.78084645839408
0.123476744163781 0.786204849369824
0.131777142174542 0.733609857037663
0.166544502601027 0.712486883159727
0.164080565329641 0.69567668158561
0.169454303570092 0.681655258405954
0.167449287604541 0.674456086009741
0.145019736140966 0.666366432793438
0.144364576321095 0.656601476948708
0.166679827030748 0.66019566450268
0.15588369127363 0.642593767493963
0.145980505272746 0.626236148644239
0.140189937315881 0.624053360894322
0.180780568160117 0.615100763272494
0.190776829142123 0.607120605185628
0.193143676966429 0.603951059281826
0.194825812242925 0.60353383840993
0.168580387718976 0.590200207196176
0.161770864855498 0.59116547042504
0.171463944017887 0.602123936638236
0.130700903944671 0.59140270203352
0.130569873843342 0.580986560788006
0.163279780652374 0.566071737091988
0.149982668459415 0.550901322159916
0.11802422767505 0.535955986473709
0.132224844302982 0.534336746204644
0.168861758429557 0.491876808460802
0.130681327078491 0.490560512058437
0.171502464450896 0.481048229616135
0.170410381630063 0.479038608726114
0.166529067791998 0.465650040190667
0.139628003817052 0.455814925022423
0.140691939275712 0.451800822746009
0.116717445198447 0.398021012078971
0.11807150579989 0.375899028033018
0.0875330525450408 0.374730601906776
0.0770508395507932 0.384998695924878
0.0374843589961529 0.389636035542935
0.010545645840466 0.398707232903689
0.045996074564755 0.402943525463343
0.0617375625297427 0.422003007493913
0.0990391513332725 0.417021038476378
0.100079490337521 0.421094947960228
0.117954929824919 0.414825917687267
0.0971556636504829 0.430325798224658
0.0911563658155501 0.425295711494982
0.0595444845966995 0.436411594972014
0.0580294779501855 0.44118433771655
0.0556291602551937 0.445409339852631
0.0674936496652663 0.452521160244942
0.114699409343302 0.440366411115974
0.102739077061415 0.455150032881647
0.107354103121907 0.459706478286535
0.118931233882904 0.4730314752087
0.124049769248813 0.492753200698644
0.134352147113532 0.517057319637388
0.13491339283064 0.525791333056986
0.0645024250261486 0.519323350396007
0.101853470783681 0.487587120849639
0.0940330945886672 0.464757808949798
0.0693880743347108 0.461620470508933
0.0684466818347573 0.461458163335919
0.0688810516148806 0.486192042008042
0.0603980659507215 0.467761901207268
0.0478310133330524 0.472035333514214
0.0586498249322176 0.495736151468009
0.0352502642199397 0.51844023540616
0.0209767203778028 0.506648529320955
0.001919602509588 0.508586081676185
0.00419249199330807 0.455024569761008
0.0204883706755936 0.449557658284903
0.0283295894041657 0.461832615081221
0.0384751143865287 0.46256525721401
0.00129154650494456 0.40021459851414
0.005270482506603 0.385509719140828
0.00756033742800355 0.368136465083808
0.0241615506820381 0.331230233889073
0.0200667604804039 0.304649903904647
0.00156065681949258 0.247257614508271
0.0137013085186481 0.261957845184952
0.024172896053642 0.257168361917138
0.0331640625372529 0.241797117516398
0.0305018215440214 0.228796451818198
0.0483647827059031 0.208616446238011
0.014814040157944 0.19917872780934
0.0182887110859156 0.217308603227139
0.0081402538344264 0.217159473337233
0.00133917480707169 0.110016424208879
0.00295547815039754 0.0329669122584164
0.00851175747811794 0.0319854775443673
0.0111366645433009 0.0522233755327761
0.0203263824805617 0.0776167381554842
0.026961965020746 0.0929045672528446
0.00878222612664104 0.114821495953947
0.0112434225156903 0.124155079945922
0.016607107128948 0.166853928007185
0.0160730807110667 0.136967547237873
0.0470928424037993 0.17505395039916
0.0285141193307936 0.137036104220897
0.0529733910225332 0.147878063842654
0.0563617632724345 0.140392717439681
0.0568657536059618 0.117536223493516
0.024145741481334 0.132051204331219
0.0313256313093007 0.0573720610700548
0.0365806627087295 0.0669725304469466
0.030772456433624 0.0486783804371953
0.0163846854120493 0.0326749966479838
0.0351885734125972 0.0367903215810657
0.0493352534249425 0.0610791202634573
0.0563850370235741 0.0745711945928633
0.0685255909338593 0.0769231305457652
0.0370500311255455 0.0264344364404678
0.00434815837070346 0.0137105532921851
0.0139646106399596 0.00985705433413386
0.0799876162782311 0.00289358524605632
0.25296427635476 0.00203985534608364
0.368370129726827 0.00176965212449431
0.353609708603472 0.0126572852022946
0.346601881552488 0.0150474323891103
0.348463832400739 0.0234978371299803
0.332869285717607 0.012157051358372
0.211536540649831 0.00938374130055308
0.279519478790462 0.0208656671456993
0.256181202363223 0.0311590093187988
0.284318617545068 0.0458144908770919
0.293089391198009 0.039531038608402
0.314357869327068 0.0458408785052598
0.319893688429147 0.0214938032440841
0.337514963932335 0.0256447060965002
0.339569944888353 0.0334008792415261
0.341043253894895 0.0527487471699715
0.30727148335427 0.0588374598883092
0.347733464557678 0.0733656575903296
0.394884561188519 0.0547458818182349
0.400634737685323 0.0562181249260902
0.465681518428028 0.0419521601870656
0.364718773867935 0.0320514710620046
0.432235922198743 0.0283906785771251
0.377414849586785 0.00803698459640145
0.409288276452571 0.0032981694675982
0.417726049665362 0.00681791687384248
0.507388788275421 0.0284149283543229
0.539392293430865 0.023050453979522
0.545607384759933 0.0108946077525616
0.597794805653393 0.00316376565024257
0.621897554956377 0.00284973764792085
0.640548405703157 0.0087095801718533
0.657340279314667 0.000745241530239582
0.646978178992867 0.0330687048844993
0.653841025661677 0.0392025788314641
0.672012987546623 0.0343137145973742
0.694668918848038 0.0232735923491418
0.688686572015285 0.00779755180701613
0.700527654029429 0.00292067369446158
0.740939790848643 0.0247452901676297
0.610551106277853 0.0465276278555393
0.586421909742057 0.054509833920747
0.58224363066256 0.0392646160908043
0.555051863659173 0.0422265129163861
0.584232381079346 0.0663103330880404
0.548719324171543 0.0672430293634534
0.542981526814401 0.0654320172034204
0.543042349629104 0.0703351139090955
0.569192598108202 0.0845986334607005
0.535826456267387 0.0689157894812524
0.560518142301589 0.0978415235877037
0.539074901491404 0.122910677921027
0.526569130364805 0.128522130660713
0.508433502633125 0.116458992939442
0.555112503934652 0.0989815141074359
0.543948041740805 0.093241480179131
0.526157178450376 0.084055625833571
0.53461345564574 0.0730145890265703
0.519214227795601 0.0441340985707939
0.61162167461589 0.0354711711406708
0.623671973124146 0.0246380460448563
0.616304774768651 0.020764987450093
0.608457781374454 0.0275127436034381
0.603268842212856 0.0178773356601596
0.588855378795415 0.0224312082864344
0.541742436122149 0.0268385149538517
0.517079170327634 0.0301207713782787
0.474510090425611 0.0347551289014518
0.515143603552133 0.0429273070767522
0.511647535022348 0.0438035917468369
0.487350358627737 0.0508116544224322
0.480184709653258 0.0640497822314501
0.484561639372259 0.0732838548719883
0.451444875914603 0.0557262189686298
0.450992311816663 0.056444791611284
0.488588075619191 0.0786742456257343
0.508243823889643 0.0779249644838274
0.448005870450288 0.0805034935474396
0.431917525362223 0.074433168862015
0.443848680239171 0.0811082399450243
0.402970645111054 0.0676388363353908
0.409086017403752 0.0771706230007112
0.429794030729681 0.0842314059846103
0.45005248952657 0.0851393369957805
0.496732536237687 0.149704249575734
0.511524323839694 0.157686557620764
0.504626065958291 0.129216199740767
0.534417030401528 0.179433467797935
0.532296486198902 0.215988048817962
0.576420347671956 0.248703391291201
0.56695539271459 0.26045219739899
0.548647475894541 0.243440635502338
0.564850082155317 0.263880604878068
0.562939907889813 0.267755628097802
0.601860120426863 0.302320817485452
0.580431036185473 0.300255661830306
0.546817538328469 0.296691950410604
0.538738352246583 0.284686324652284
0.507680098060519 0.295205203816295
0.512529695406556 0.289033828768879
0.528025749605149 0.251626099459827
0.534936269279569 0.248246805276722
0.524412825703621 0.237583019305021
0.534206333104521 0.223468417767435
0.52766629261896 0.224376420024782
0.503532542381436 0.239943132735789
0.4579853201285 0.236744801048189
0.471600006334484 0.227518538013101
0.476039230357856 0.223830576986074
0.418046542908996 0.252670920453966
0.40256921434775 0.255623019766062
0.401965777389705 0.275543361436576
0.478133303578943 0.256544695235789
0.485446516890079 0.253777449019253
0.455246790777892 0.278403853997588
0.447001046035439 0.277756615541875
0.474274592474103 0.28694513393566
0.472589789424092 0.295566196087748
0.465362742077559 0.314244114793837
0.485451365821064 0.323921482078731
0.502295215148479 0.347687669564039
0.513451779726893 0.362891648430377
0.515666855499148 0.386887405999005
0.501567142549902 0.39355687238276
0.474360298365355 0.39556188415736
0.433317183982581 0.386655064765364
0.439897241536528 0.376421657390893
0.424547431059182 0.384568800684065
0.413527156691998 0.390163976233453
0.414632251020521 0.380568108521402
0.401348937302828 0.360306441783905
0.405813923105597 0.359214577358216
0.427366954740137 0.350098500028253
0.412350673694164 0.334155607502908
0.396108260378242 0.327837273012847
0.438279733527452 0.319709724280983
0.438913363032043 0.325876863673329
0.431036911439151 0.333245277870446
0.424497858155519 0.33630270184949
0.449228442274034 0.351572114508599
0.465008029714227 0.361220524646342
0.476301371585578 0.362182696349919
0.431990446988493 0.311748465057462
0.424817598890513 0.308813842944801
0.417517589405179 0.293557731434703
0.396920481696725 0.289318487048149
0.402919033542275 0.295298289973289
0.394027978181839 0.298747128807008
0.371967462822795 0.293767513241619
0.381280298344791 0.305121017619967
0.383454209659249 0.313970061950386
0.386044432874769 0.32023533526808
0.367853542789817 0.314886903390288
0.395149608608335 0.334545295219868
0.36625568754971 0.334255736786872
0.3374641709961 0.3371353559196
0.323539596516639 0.321139619685709
0.334240405354649 0.324593429919332
0.331680014263839 0.312639052513987
0.301025788299739 0.336040624417365
0.282974787522107 0.341304405592382
0.196311845444143 0.344306000974029
0.282735736574978 0.316799458581954
0.29862242564559 0.307390107773244
0.337316394317895 0.298279960639775
0.315545685589314 0.279832013882697
0.334123155567795 0.282053555361927
0.363301785197109 0.284101890400052
0.366232535336167 0.278170940466225
0.371463879477233 0.286166377365589
0.386738736182451 0.281737107783556
0.373793686274439 0.261310548055917
0.344519278034568 0.244974151719362
0.335383258759975 0.264611874707043
0.308399388100952 0.271749620791525
0.306782731320709 0.281699424609542
0.30851431004703 0.282100495882332
0.23602003371343 0.319756080396473
0.230508126784116 0.328659732826054
0.205585790332407 0.339348242618144
0.183191981632262 0.332570439670235
0.172440197318792 0.333760300185531
0.184841106180102 0.329915581271052
0.292038036510348 0.284368935506791
0.284903428982943 0.284268313087523
0.212150611449033 0.237286377232522
0.230856025591493 0.235423824749887
0.273736282251775 0.269401352852583
0.275075782090425 0.260551788844168
0.276227257214487 0.247804366052151
0.198506580200046 0.218079570215195
0.188957392703742 0.207748393062502
0.179879605770111 0.195255781989545
0.188080532476306 0.193294562399387
0.127038358245045 0.120890704449266
0.129424098879099 0.118066668044776
0.170146515127271 0.166745061520487
