128
0.424331456422806 0.476901261135936
0.453045171219856 0.50710563827306
0.362120547797531 0.502358668949455
0.244706513825804 0.43061309447512
0.259425158146769 0.405564137268811
0.386069940403104 0.46211453853175
0.403516933321953 0.417595992796123
0.356729856226593 0.398959021084011
0.201160286087543 0.270632738713175
0.447382778860629 0.393723659217358
0.466106430627406 0.382154333870858
0.514552860055119 0.3883944186382
0.49554010713473 0.313720726873726
0.417491778731346 0.289759501349181
0.343337278347462 0.284481006674469
0.363640826195478 0.274319091811776
0.486263116821647 0.214948083274066
0.573816818185151 0.23076392384246
0.705596109386533 0.317536405753344
0.770201982464641 0.316864515189081
0.778979053720832 0.297648455481976
0.842376722488552 0.072382771410048
0.811800967901945 0.0324233123101294
0.962105536833405 0.0597230023704469
0.908821160905063 0.0652339328080416
0.8984878747724 0.162334581371397
0.767637719865888 0.405650571454316
0.842540705110878 0.368375378195196
0.944659060798585 0.204409623518586
0.999151832424104 0.403238581027836
0.954214897472411 0.267902154475451
0.733480900526047 0.495853719301522
0.690860274247825 0.556939297355711
0.762378528248519 0.615764894057065
0.662091607693583 0.587539557833225
0.583163355942816 0.607276431750506
0.540838191285729 0.613271772395819
0.663839116692543 0.606823401991278
0.717222021427006 0.635104974731803
0.714790297206491 0.687384230084717
0.774561459198594 0.675310295075178
0.787048377562314 0.671706687193364
0.786996830720454 0.786200209986418
0.863436501473188 0.64435949223116
0.867601473815739 0.453982303384691
0.721408945973963 0.531459760852158
0.843266521580517 0.457681984174997
0.87512341607362 0.44364423584193
0.957785022910684 0.329697235487401
0.988365607336164 0.710759644862264
0.993995286989957 0.976668172050267
0.923687917180359 0.80624567065388
0.892727633472532 0.762927067000419
0.835466528777033 0.852702772244811
0.735884793102741 0.803081544116139
0.996654197108001 0.986277259886265
0.941146737895906 0.988193303346634
0.805604725144804 0.909777398221195
0.748841652646661 0.985437364783138
0.723648565355688 0.923304298426956
0.696960442233831 0.785083477385342
0.686800408642739 0.701095915865153
0.590313022490591 0.702666970901191
0.510510947555304 0.679013234563172
0.505783667322248 0.73986363504082
0.480812939349562 0.757432335522026
0.587865935172886 0.740949303843081
0.55980327213183 0.839742275420576
0.470884504728019 0.965732473880053
0.444810005836189 0.940098697319627
0.446990038733929 0.877159241121262
0.462297429330647 0.813871167134494
0.392020219936967 0.749453424010426
0.354126892983913 0.676458880770952
0.295031220652163 0.726596993859857
0.256226617842913 0.742836939636618
0.286104863043875 0.792244573589414
0.244848403614014 0.769585991278291
0.247462525032461 0.871321495622396
0.245409196708351 0.893812922295183
0.385342798661441 0.808155877050012
0.406116145662963 0.921922637615353
0.308736419305205 0.975183575879782
0.167735971044749 0.993400475475937
0.0952841313555837 0.977295050863177
0.114780712872744 0.742489734664559
0.192555376328528 0.948058381211013
0.234339058864862 0.787925582379103
0.0645053861662745 0.646799500565976
0.0186895062215626 0.658745804801583
0.0749452682211995 0.502515824045986
0.103894126135856 0.434041099622846
0.102390040643513 0.437253319658339
0.0585976052097976 0.356965466402471
0.0159059278666973 0.0353374448604882
0.0794329787604511 0.0309105990454555
0.246132051106542 0.0689640282653272
0.523086995817721 0.0948916873894632
0.430236736312509 0.0323849846608937
0.549898685887456 0.100133095867932
0.654750323388726 0.122585941106081
0.348556492011994 0.117037144955248
0.374373658560216 0.164469648618251
0.367591698653996 0.196503615472466
0.34014094248414 0.198328293394297
0.314965731464326 0.217497003730386
0.258266909979284 0.16612152941525
0.0749687412753701 0.0936496029607952
0.24432352790609 0.23617795901373
0.0605755224823952 0.156271922867745
0.0703177750110626 0.186409048736095
0.230162048712373 0.418282546568662
0.109125492163002 0.24660368077457
0.206403644289821 0.443961838260293
0.163561610504985 0.449318926781416
0.129501777235419 0.482012358494103
0.207533649168909 0.487732839304954
0.283158674370497 0.56894742930308
0.223898731637746 0.670339968521148
0.358254629187286 0.654745465144515
0.354060502257198 0.6031030328013
0.392359496559948 0.62218226864934
0.415885136928409 0.653033467475325
0.441940301563591 0.630776454228908
0.597365844529122 0.524465827271342
0.62108067329973 0.456343614030629
0.666985472664237 0.377361400052905
0.4513492397964 0.467982638161629
