256
0.643634317442775 0.056131087243557
0.64111099857837 0.0467705950140953
0.737921447027475 0.00595974363386631
0.779074016492814 0.0873736049979925
0.696431051474065 0.0726815769448876
0.761705483775586 0.138050781562924
0.693597397301346 0.227579682599753
0.592462622094899 0.105366610456258
0.541564529761672 0.126360133755952
0.537838034331799 0.152496479451656
0.664481377229095 0.235491264611483
0.600342739373446 0.211536842398345
0.576667864341289 0.216729633510113
0.437104215845466 0.154353125486523
0.396488177124411 0.184116157703102
0.383164045400918 0.134115912951529
0.300215693656355 0.103072325699031
0.22499173367396 0.165133670438081
0.161300713196397 0.173312874045223
0.22142570046708 0.204493280034512
0.407363490201533 0.204282034188509
0.477619185578078 0.223076117224991
0.629016143735498 0.293246170971543
0.463599886745214 0.204996607732028
0.770932340528816 0.316347239073366
0.79854550678283 0.342215483542532
0.764625795185566 0.3399609150365
0.763377397786826 0.369322350714356
0.843932337593287 0.435511323157698
0.729335151612759 0.496870750095695
0.710282388143241 0.514013515319675
0.696731221396476 0.437334625981748
0.626074252650142 0.381555764470249
0.612087610177696 0.363562410697341
0.507356190588325 0.310685693286359
0.439773299265653 0.264957001432776
0.570524399634451 0.39401288703084
0.562026896048337 0.408165712375194
0.571578480768949 0.481214729137719
0.551080582663417 0.546197381336242
0.401844932697713 0.538955351803452
0.483999150339514 0.547304990701377
0.508580321911722 0.553321349900216
0.464112572837621 0.576032543089241
0.350478205364197 0.539868152700365
0.32540405774489 0.518271719105542
0.293398360256106 0.612525963224471
0.262236688751727 0.554019649513066
0.262886789161712 0.544230434112251
0.289425784256309 0.502894198521972
0.292410818859935 0.499876150395721
0.420893342234194 0.430163012817502
0.413774598855525 0.42998878704384
0.385007908567786 0.431286382488906
0.241165022365749 0.36104024713859
0.232012912631035 0.329198221676052
0.308566831052303 0.353834223467857
0.416076886933297 0.416578844655305
0.434056876692921 0.422883497085422
0.47777732135728 0.36088388459757
0.471897799521685 0.348445305600762
0.435557761695236 0.36056091543287
0.399715064559132 0.336561134085059
0.403720844071358 0.242725532967597
0.338594269473106 0.223260855767876
0.275027488358319 0.231422374490649
0.231213747523725 0.246980885509402
0.185195136349648 0.271441514603794
0.232123000081629 0.24812042247504
0.187144592404366 0.294899268075824
0.156284696422517 0.260889552067965
0.0620908308774233 0.265190367586911
0.0549562009982765 0.35133959678933
0.0488297860138118 0.30660963524133
0.0109806223772466 0.229658440686762
0.0168599910102785 0.383685819339007
0.0282288803718984 0.484894208610058
0.185895921196789 0.567234770394862
0.186138958670199 0.552085806149989
0.184500974137336 0.539413263089955
0.167122226208448 0.443618552293628
0.177565051242709 0.413870534859598
0.138387108687311 0.415217155590653
0.119180292822421 0.400024036876857
0.123545240145177 0.370908303651959
0.108887847978622 0.308313404209912
0.20967265451327 0.310258351266384
0.18482137657702 0.3542271964252
0.237340031191707 0.382307771593332
0.197427682112902 0.405551554169506
0.296260996721685 0.433258829638362
0.213935350067914 0.42473128484562
0.231000993400812 0.471817577723414
0.236614257097244 0.551959035918117
0.256776181049645 0.633828208316118
0.250499609392136 0.663853691425174
0.21717504132539 0.797034418676049
0.288828098215163 0.781329756136984
0.278406672179699 0.780697139911354
0.256506064906716 0.773228544741869
0.242711185943335 0.780649989843369
0.301256602630019 0.714388442691416
0.357308754231781 0.654008167795837
0.420421454124153 0.624398504383862
0.357643928844482 0.650672391057014
0.45377513859421 0.592961119953543
0.496368955355138 0.59933120245114
0.470186975318938 0.658299650996923
0.30357763171196 0.760556238237768
0.26543294172734 0.825161875691265
0.104134743567556 0.951770388055593
0.204205232206732 0.927074527833611
0.16545846266672 0.952333253342658
0.189874870236963 0.968922440428287
0.273980321362615 0.936543608084321
0.418960011098534 0.759079931303859
0.450655799824744 0.732952560763806
0.604691800661385 0.557473481632769
0.441758391913027 0.716506839729846
0.489834025036544 0.650992224924266
0.586427465081215 0.545934058725834
0.642729833722115 0.428064661100507
0.662227194756269 0.516168630681932
0.681399153545499 0.541380716022104
0.696292389649898 0.548926101997495
0.786676375195384 0.570797334425151
0.707247585989535 0.657574606128037
0.791222008876503 0.584676546510309
0.861063944175839 0.474896183237433
0.709733389783651 0.729309048503637
0.731419003102928 0.719515230506659
0.886132784653455 0.49514072528109
0.869987538550049 0.446953939739615
0.85057376883924 0.416872259229422
0.84726582095027 0.401707268785685
0.830360754858702 0.328852947801352
0.821649946738034 0.31498595001176
0.782066262327135 0.321690546814352
0.769051379524171 0.197081611026078
0.893640459515154 0.402816482353956
0.816056590527296 0.153652139939368
0.786043758504093 0.00347453029826283
0.835714566987008 0.159990183077753
0.851089778821915 0.094610589556396
0.85420688521117 0.0899862633086741
0.904090342111886 0.129496451001614
0.885449040681124 0.171216582879424
0.912210351321846 0.39033362083137
0.94179566251114 0.382409002166241
0.892828105017543 0.410207954701036
0.951302766799927 0.455014497041702
0.947658306453377 0.0848477440886199
0.9946533809416 0.41694692382589
0.996211783029139 0.432707845233381
0.991247943136841 0.402220781426877
0.969146256800741 0.393560527823865
0.976175452116877 0.516192510724068
0.965658341068774 0.480812502559274
0.929741165600717 0.504896895028651
0.865132516250014 0.570199307054281
0.870912394020706 0.578975336160511
0.928297669626772 0.55000635702163
0.934181322343647 0.543758733198047
0.942075459752232 0.552037316840142
0.956137832719833 0.621925592422485
0.969593070913106 0.75488028023392
0.929910680744797 0.628464580513537
0.896285293623805 0.631739395204931
0.886915525887161 0.678963676095009
0.761769055854529 0.771897934842855
0.87530772946775 0.777730208355933
0.960809278767556 0.912404790986329
0.987744258251041 0.664429593831301
0.967539992649108 0.922245449852198
0.898644587490708 0.977113647852093
0.85570164071396 0.862690561916679
0.730952349025756 0.803701480850577
0.666509995236993 0.903270052280277
0.72544280346483 0.854658214375377
0.678189587779343 0.896144498605281
0.738268402870744 0.891252832487226
0.751643340103328 0.969596581533551
0.482472150586545 0.994774468243122
0.253190513234586 0.998760641552508
0.511008298490196 0.974510734900832
0.633468810468912 0.892719716299325
0.645358059089631 0.806296019349247
0.694143384695053 0.757400136440992
0.707213533576578 0.73091531265527
0.566423929762095 0.826787394005805
0.555539108347148 0.812366710975766
0.647901222575456 0.735835843719542
0.635287004988641 0.72736994875595
0.654608375392854 0.685572136193514
0.622164176777005 0.662311823572963
0.59451103117317 0.672905927523971
0.642880883999169 0.628571620211005
0.650888768490404 0.619079038966447
0.489922544453293 0.721077317837626
0.388225443661213 0.854798796121031
0.395533437374979 0.84763895906508
0.517801732290536 0.776964809279889
0.504637050442398 0.841451418120414
0.460224361624569 0.859601847361773
0.533227389212698 0.869114085566252
0.497668666765094 0.89569512475282
0.454664586577564 0.86607393110171
0.241186112631112 0.989988286048174
0.0744866351597011 0.988493834156543
0.122906762175262 0.964969937689602
0.110311116557568 0.965949408710003
0.0412970082834363 0.98019852861762
0.0134124443866313 0.919375700410455
0.058209768962115 0.870808841660619
0.0496074073016644 0.845276242122054
0.0777242262847722 0.845695415046066
0.15899608284235 0.848366153426468
0.0711487801745534 0.828990985639393
0.0887942546978593 0.815949122887105
0.0472722742706537 0.845877579879016
0.116129877511412 0.702079635579139
0.15875082463026 0.618321024812758
0.0592691320925951 0.68096703896299
0.0451504648663104 0.561563567724079
0.0398554154671729 0.525690718088299
0.0305876131169498 0.655382111668587
0.0281478324905038 0.666630359366536
0.0084509365260601 0.634134945459664
0.0103930397890508 0.579398662317544
0.0283180796541274 0.56993249617517
0.00370662100613117 0.512146983295679
0.0146653335541487 0.407468799501657
0.00956167513504624 0.225017725490034
0.0267465612851083 0.179293875582516
0.0511023350991309 0.112579938024282
0.0312210861593485 0.234081598930061
0.0655588707886636 0.0962612279690802
0.164174142759293 0.135051533579826
0.0682544372975826 0.0775775155052543
0.0575732267461717 0.0565751949325204
0.0508309537544847 0.00684508308768272
0.144212401006371 0.0949792726896703
0.232931143138558 0.103663807734847
0.211282144766301 0.0889050802215934
0.259731469675899 0.0718448674306273
0.288894794415683 0.0329091311432421
0.30675361957401 0.0233631678856909
0.409668816719204 0.0512044318020344
0.473968358710408 0.0589577709324658
0.468212142121047 0.0616898448206484
0.359930202364922 0.0961464839056134
0.485765212215483 0.0814185673370957
0.514976294711232 0.0583292194642127
0.598855431657284 0.0464501925744116
0.4881931245327 0.0140791749581695
0.634860183112323 0.0424448982812464
