128
0.995438543148339 0.99714314006269
0.81521577341482 0.89899817481637
0.591500176116824 0.916429337114096
0.702787884976715 0.865958212409168
0.708815773483366 0.800267197191715
0.641952402889729 0.79958899365738
0.584708633366972 0.849222512450069
0.647790436632931 0.785508176777512
0.666065244935453 0.681538703851402
0.702086450532079 0.627848868258297
0.702327735722065 0.664415835402906
0.70006615575403 0.664529064670205
0.772534289397299 0.75685057323426
0.81492331949994 0.770168520044535
0.805649096611887 0.669828521087766
0.817080599721521 0.558762995526195
0.783900816459209 0.496774311177433
0.677796581294388 0.138069378212094
0.670276321470737 0.13983650598675
0.624341823160648 0.197367033455521
0.678122469224036 0.324505053926259
0.563527239952236 0.315635845996439
0.552734378259629 0.290381229482591
0.555120597593486 0.159817954991013
0.533650128170848 0.308060294482857
0.450114991981536 0.065613154321909
0.427393207326531 0.0603349921293557
0.417339662555605 0.0748734031803906
0.429054575506598 0.206043856218457
0.345954539254308 0.214537552557886
0.341662851162255 0.222543329000473
0.412853678688407 0.252745324745774
0.350088839884847 0.390559160616249
0.485606039408594 0.31858245562762
0.551219259854406 0.377581396605819
0.5539416000247 0.380607839673758
0.695874268189073 0.426747295539826
0.684667877387255 0.445332683157176
0.5747289522551 0.487066640518606
0.565526091493666 0.481765722855926
0.482193151023239 0.513658144976944
0.471448957454413 0.524429703596979
0.544261230621487 0.526228738483042
0.552767528221011 0.531165183987468
0.781296367291361 0.544320299755782
0.526766276918352 0.605490745045245
0.50851134955883 0.658873044885695
0.462051985785365 0.67153307562694
0.299381943885237 0.863632375374436
0.37054682103917 0.808675517793745
0.341345713008195 0.861861724406481
0.523561453912407 0.78939468646422
0.22344389744103 0.918082424905151
0.2882210300304 0.904686590190977
0.270541965495795 0.910529182758182
0.473204582929611 0.884838715195656
0.480511631350964 0.915338154882193
0.365348046645522 0.980160735547543
0.400216794572771 0.94885831233114
0.227854235563427 0.933627467602491
0.125718678347766 0.952616029419005
0.104392928536981 0.914915555622429
0.230387579184026 0.853405984584242
0.444522123318166 0.636595879681408
0.110780240502208 0.757564686238766
0.169402885250747 0.713809885084629
0.502130189910531 0.59860322996974
0.452863569837064 0.515357424970716
0.319029006641358 0.448918709531426
0.203811858315021 0.516625593416393
0.382142853457481 0.504987049847841
0.478063702117652 0.570157986599952
0.313186414074153 0.617220791056752
0.130878936499357 0.719354521017522
0.264199040830135 0.595402918290347
0.0851198872551322 0.725506439805031
0.0274148155003786 0.795379565097392
0.0132239395752549 0.78592871222645
0.00223199790343642 0.588144661858678
0.0356528284028172 0.455113715026528
0.122452956624329 0.35456965258345
0.0790539919398725 0.486272444482893
0.075462497305125 0.567078999709338
0.302921264432371 0.380542145576328
0.180809342768043 0.213742829859257
0.186890500597656 0.240760553162545
0.177567416336387 0.333157596644014
0.174340863712132 0.312228724360466
0.104770255275071 0.220690342132002
0.0447251070290804 0.229554162360728
0.0687500033527613 0.183299516327679
0.0665106009691954 0.162241080775857
0.0929741044528782 0.164138436317444
0.169548654463142 0.176098996773362
0.193853046279401 0.0975215560756624
0.344894635025412 0.178443573415279
0.366604438051581 0.143081110436469
0.32906651077792 0.128575537819415
0.31241311552003 0.0844705891795456
0.194231459870934 0.0899524707347155
0.200474561192095 0.0706129767931998
0.21369408769533 0.0387306744232774
0.634459672961384 0.0117370383813977
0.58589490596205 0.0367318228818476
0.69807800790295 0.113475110847503
0.710183570161462 0.148428176064044
0.74860675772652 0.126943718176335
0.781824182253331 0.181527758017182
0.838687434326857 0.229341729078442
0.811571694444865 0.210838565602899
0.891699115280062 0.312914714217186
0.880667086690664 0.252851421944797
0.721004076767713 0.03865967085585
0.892372884787619 0.208364233374596
0.988805442582816 0.336944779846817
0.872079978697002 0.0803779354318976
0.992836106568575 0.270184390246868
0.997634230647236 0.420716843102127
0.928347437642515 0.368392980657518
0.973883725702763 0.520295403432101
0.972287138458341 0.883591201156378
0.948612093459815 0.812027089297771
0.939425500109792 0.49280215986073
0.874398841522634 0.51528192916885
0.837316618766636 0.418360489420593
0.857423899695277 0.575167255941778
0.913249630481005 0.743093507830054
0.926532712299377 0.857286679558456
