64
0.600824277848005 0.0296147535555065
0.668663496617228 0.0149004813283682
0.849150406662375 0.156095619313419
0.937396452296525 0.4005291541107
0.885735168587416 0.61405196134001
0.895076316781342 0.65791507717222
0.948311657179147 0.838067153003067
0.936719323508441 0.689165136776865
0.962410892359912 0.903083525132388
0.894487043377012 0.900866556912661
0.83859027735889 0.910400306340307
0.696971129626036 0.879813085310161
0.672238691709936 0.963573017623276
0.656769743189216 0.979498359840363
0.648763413075358 0.929988029878587
0.474940275307745 0.856897935736924
0.120171735528857 0.933966650161892
0.0404017237015069 0.965088286902755
0.191024475730956 0.732203784398735
0.266183875035495 0.734329246915877
0.0877872174605727 0.689685251098126
0.283481826074421 0.655936718452722
0.51034297933802 0.79652258567512
0.539384918753058 0.626492275856435
0.519936570432037 0.593489066697657
0.267313490156084 0.554861752316356
0.340672585647553 0.529889092314988
0.261727958451957 0.501339224632829
0.445016556885093 0.527456157375127
0.385211925022304 0.377965496852994
0.429653839208186 0.492667793761939
0.41133178351447 0.492984445765615
0.130704441573471 0.267408668994904
0.25726350909099 0.404830022715032
0.289190999232233 0.477090551983565
0.128988703712821 0.505036089103669
0.119824164081365 0.278804246336222
0.0349251818843186 0.126535795629025
0.144677167292684 0.0918005555868149
0.163521884009242 0.148905026260763
0.16076384158805 0.191182241775095
0.399776810780168 0.303962239064276
0.464912242721766 0.387967950664461
0.497070383280516 0.419895441271365
0.699404065031558 0.630529894027859
0.685551472008228 0.762775826733559
0.650451215449721 0.80316156335175
0.720024862326682 0.79765220079571
0.744499220978469 0.53349736565724
0.642604091204703 0.349515175912529
0.555271340999752 0.249922060873359
0.435460031032562 0.230889281723648
0.403384752105922 0.251309101935476
0.330734946765006 0.189836134202778
0.163917184341699 0.0146739580668509
0.279536814428866 0.0459888433106244
0.455850000027567 0.169514972250909
0.719049243722111 0.264667758252472
0.697389142587781 0.396375194657594
0.757065689656883 0.469661289360374
0.803950082045048 0.860888313967735
0.808764670044184 0.884306104388088
0.818755396641791 0.195375790819526
0.469766052439809 0.149490343872458
