256
0.81704924441874 0.423951143398881
0.787193160969764 0.421477818861604
0.916075360029936 0.445978219620883
0.898114820476621 0.431855754926801
0.845662202686071 0.340121600776911
0.786414866801351 0.241218041162938
0.748856656718999 0.169787699356675
0.693622432183474 0.15749577479437
0.67349136993289 0.17592219542712
0.6312041929923 0.293583030812442
0.609445104375482 0.304557642433792
0.530117091257125 0.27545875357464
0.521130179986358 0.241768524982035
0.545617890544236 0.256885038223118
0.517128199338913 0.215341895353049
0.580344503279775 0.172366777434945
0.529833958018571 0.184310120530427
0.487298344727606 0.207621515728533
0.486348690930754 0.306893023196608
0.478427142370492 0.338606658857316
0.403727115597576 0.373696764931083
0.389580348040909 0.334803170058876
0.380165413022041 0.329383584205061
0.374562837649137 0.327040362171829
0.451474766712636 0.308932108338922
0.45449967449531 0.255347690079361
0.408760187216103 0.288855499122292
0.301872135140002 0.264927914831787
0.32841737056151 0.310521259438246
0.298099737148732 0.339893999509513
0.159335263539106 0.241434218361974
0.0823103217408061 0.20482809888199
0.0234073232859373 0.165168551728129
0.0332474908791482 0.114376515615731
0.0995177496224642 0.11088014068082
0.0731270131655037 0.0580758224241436
0.0846269340254366 0.0477109989151359
0.0407004202716053 0.0267567136324942
0.00922908540815115 0.00938759930431843
0.0819718805141747 0.00592585047706962
0.178540369495749 0.0818566428497434
0.156778125558048 0.214326907414943
0.192783728707582 0.236393409781158
0.270033454056829 0.275376226287335
0.272191679570824 0.246761674061418
0.275156788527966 0.208042284939438
0.267854688689113 0.159840060863644
0.289353670552373 0.133027889300138
0.231935686897486 0.0785433300770819
0.345158258918673 0.0959058972075582
0.329003351274878 0.118820261210203
0.35723286960274 0.134995160624385
0.463370730169117 0.152022145688534
0.415712641552091 0.100791017524898
0.321201281622052 0.0807595858350396
0.422898649703711 0.0902148955501616
0.419366244692355 0.0440098065882921
0.418716740328819 0.0368376658298075
0.258439256809652 0.0331458561122417
0.333586741238832 0.0102288736961782
0.552286261692643 0.028586549218744
0.495523205958307 0.0389114753343165
0.494437365792692 0.0411962927319109
0.527822095900774 0.0704600354656577
0.705121640581638 0.141698623076081
0.709719616454095 0.0792910209856927
0.625637724529952 0.0632685078307986
0.576690775807947 0.00162228383123875
0.696956084109843 0.0109314904548228
0.753757615108043 0.142821097746491
0.802171207033098 0.141533200629056
0.799218265805393 0.0870900074951351
0.812292566988617 0.0830046501941979
0.816603870596737 0.0539502943865955
0.85769483121112 0.0308750718832016
0.911852235905826 0.0806893687695265
0.888958376366645 0.112223811913282
0.872302978765219 0.110392304137349
0.851637692656368 0.152495174668729
0.837466639932245 0.129854251164943
0.865633716341108 0.246349962893873
0.914592615328729 0.282851772848517
0.907003823202103 0.422444516327232
0.922894017305225 0.161755998618901
0.923342720605433 0.103175825439394
0.921018701512367 0.454547951929271
0.833597206510603 0.540859752800316
0.824935016222298 0.529196884017438
0.78528507007286 0.693018938880414
0.782515831757337 0.699103891383857
0.74299251800403 0.708097332622856
0.708666637074202 0.794346550945193
0.66132312361151 0.78578255046159
0.60049495100975 0.775210987776518
0.626948304940015 0.785997463855892
0.684969123918563 0.811232589650899
0.766347104217857 0.815715715289116
0.781462790444493 0.787398030050099
0.816608095541596 0.780854014214128
0.835963369812816 0.629423988983035
0.914148658048362 0.553498927038163
0.95600593322888 0.46737337578088
0.958153126761317 0.334791468922049
0.9636135334149 0.0431473106145859
0.967202726285905 0.43994690105319
0.975120396353304 0.793729389086366
0.968980618286878 0.856291347648948
0.936973504722118 0.840462008025497
0.863898198120296 0.693653252441436
0.925581500865519 0.853606310207397
0.938418409321457 0.924800787121058
0.880303495097905 0.852756075561047
0.863756606355309 0.769192283507437
0.829792357515544 0.799628423992544
0.803256159182638 0.801872550975531
0.838537273462862 0.838877002708614
0.75123846763745 0.898062029387802
0.745810452383012 0.890942322090268
0.705550630576909 0.889016340952367
0.683362891897559 0.869494592305273
0.650708212517202 0.864214658271521
0.633791422937065 0.816656524781138
0.617730571888387 0.795827889814973
0.586546516511589 0.775225757621229
0.403162507340312 0.782088083215058
0.509205266367644 0.703963579144329
0.563262606039643 0.678467595018446
0.590922733303159 0.639688953757286
0.676589609123766 0.527018990833312
0.628861771896482 0.533505413681269
0.569084715563804 0.570524042006582
0.477096637710929 0.693389652296901
0.424384973477572 0.710918312426656
0.405267033725977 0.686957467813045
0.325693164952099 0.773128231987357
0.225733791012317 0.869516312610358
0.247613612096757 0.960341400932521
0.335414049681276 0.968002642504871
0.398841181304306 0.916193901561201
0.405543123371899 0.889056450221688
0.274936512112617 0.879237693734467
0.42700198944658 0.843821015674621
0.578207278624177 0.789146491792053
0.475995800923556 0.875431463122368
0.562921672593802 0.893742749933153
0.577825562562793 0.881225345190614
0.746329918969423 0.923737461678684
0.887883935123682 0.929827843327075
0.979447485879064 0.94950714847073
0.903730515856296 0.964241835754365
0.622259552590549 0.985235027037561
0.486144070513546 0.980192261282355
0.563405457418412 0.980260012671351
0.68342828983441 0.944794523064047
0.588774915784597 0.947345070540905
0.519079486839473 0.952393437270075
0.523235534317791 0.944623890798539
0.482815219089389 0.957333428785205
0.344322006683797 0.971627873834223
0.157550043426454 0.99694897281006
0.163000107277185 0.914236006326973
0.126788597088307 0.976469485554844
0.111340603325516 0.930006529204547
0.10199979878962 0.904018560424447
0.0388798490166664 0.927990490105003
0.0203133784234524 0.843223223462701
0.0341297658160329 0.826061157044023
0.0486491150222719 0.734302388504148
0.0280344393104315 0.407999636139721
0.0539838704280555 0.466540921945125
0.132954180706292 0.618632898200303
0.064617249649018 0.584665844216943
0.0578449461609125 0.695499210618436
0.107327883131802 0.733902355190367
0.226750142406672 0.638604670297354
0.252365708816797 0.621013526804745
0.245143954176456 0.711839486844838
0.184017390944064 0.699980411212891
0.213976459112018 0.723992417566478
0.213003367651254 0.72757569514215
0.159338820725679 0.722693702671677
0.145251587964594 0.704614159651101
0.134869456291199 0.716763822361827
0.108103765640408 0.740757551975548
0.108846659772098 0.795531569048762
0.198300392366946 0.741467500571162
0.114387809764594 0.83560532797128
0.183545496314764 0.779596340842545
0.219106452073902 0.827476927544922
0.290343704167753 0.720373586285859
0.318596767727286 0.600626255385578
0.306431043893099 0.578793351072818
0.262547016143799 0.533803251106292
0.211003509815782 0.56261122925207
0.179296724498272 0.663201550487429
0.157865568529814 0.619706791825593
0.149839642923325 0.549251775257289
0.0995900309644639 0.509312311187387
0.126750370021909 0.500627151690423
0.0905551062896848 0.45131622813642
0.13442250713706 0.414217267651111
0.0723250349983573 0.377613864839077
0.110491348430514 0.234804551117122
0.12700202036649 0.319683293811977
0.243191357236356 0.385000998154283
0.313597856555134 0.363807251211256
0.253189301583916 0.413666563108563
0.178019705228508 0.397089201956987
0.137925894465297 0.388983343262225
0.173906635958701 0.431729671079665
0.178021054249257 0.445013315882534
0.213097635190934 0.442571441177279
0.302499703131616 0.417950951028615
0.365519858896732 0.408037863206118
0.389916511718184 0.395256523042917
0.362529440317303 0.430922252591699
0.369953430257738 0.452339346054941
0.499375647399575 0.507525584194809
0.467945210170001 0.447219239547849
0.566850915551186 0.44857382401824
0.552710202056915 0.408070267178118
0.526580818928778 0.334922250825912
0.587272706441581 0.337571904528886
0.636690741404891 0.347967091482133
0.629818479996175 0.365287641994655
0.51814277516678 0.525129063054919
0.462761239614338 0.528534531593323
0.527978825382888 0.534197471570224
0.5057895607315 0.571908401791006
0.47068958543241 0.64882279606536
0.620693903882056 0.409579296130687
0.64287481829524 0.471199391409755
0.61141610937193 0.479453625623137
0.575966326985508 0.520478456746787
0.679450367577374 0.514710774179548
0.654448681976646 0.417919978499413
0.641667330637574 0.36136318044737
0.666732919868082 0.38006085017696
0.700585094280541 0.511421057395637
0.579940291121602 0.689172778744251
0.665355212986469 0.718750733882189
0.75273468112573 0.680547179654241
0.741547698620707 0.635458876378834
0.785532244015485 0.491133365314454
0.734510567504913 0.525529548060149
0.686445097438991 0.61927029909566
0.680318518076092 0.615769399795681
0.742492571938783 0.38586733629927
0.695197550114244 0.34632349666208
0.633796669542789 0.322716464754194
0.724264724645764 0.253538967110217
0.748518181033432 0.229875078424811
0.770440446678549 0.248194981366396
0.737076953519136 0.297916024923325
0.754912379197776 0.334797830786556
0.857511293608695 0.415903660934418
