1024
0.162168530747294 0.0316831306554377
0.108079224824905 0.00139915989711881
0.165100187063217 0.030009328853339
0.169947081245482 0.0301917749457061
0.210307694971561 0.064909749198705
0.241341572254896 0.090217781253159
0.212442507501692 0.0994048146530986
0.243661152198911 0.102708127349615
0.266240540426224 0.0858444138430059
0.269371145404875 0.0841494714841247
0.290240732487291 0.102988728322089
0.286513367667794 0.0573910991661251
0.289955541025847 0.0356841399334371
0.284977772738785 0.0449372166767716
0.280229615978897 0.0539237824268639
0.27999812643975 0.0705005959607661
0.211972001474351 0.0380937149748206
0.149597371928394 0.00372358458116651
0.139070508535951 0.00252032419666648
0.242180608678609 0.01099589234218
0.269581018015742 0.00644444115459919
0.304030454251915 0.037178844679147
0.339141260366887 0.0399177032522857
0.336736205965281 0.0337952743284404
0.358963268809021 0.0255970028229058
0.377996252384037 0.0627619284205139
0.387616321910173 0.062972528859973
0.4161123232916 0.137104236055166
0.416883953846991 0.12677607871592
0.418363517150283 0.0797040960751474
0.429033371154219 0.088159907143563
0.440742528997362 0.0507901157252491
0.37942354567349 0.0193303939886391
0.367330730427057 0.0295698447152972
0.360432544257492 0.0124057959765196
0.463261243887246 0.0232918183319271
0.452108350582421 0.0222949949093163
0.451075515709817 0.0384636106900871
0.503600731957704 0.037724120542407
0.466755243483931 0.0166256707161665
0.525007196702063 0.0217908746562898
0.537027859594673 0.0332993711344898
0.496275407262146 0.029085807967931
0.503697174135596 0.0366750089451671
0.510334243066609 0.0830914345569909
0.511599104385823 0.097791310865432
0.50019723828882 0.109937324654311
0.474279525224119 0.0827913880348206
0.470762262120843 0.136152578983456
0.440263412427157 0.145489340648055
0.500819637905806 0.143692161887884
0.524784180801362 0.164199189282954
0.459979298058897 0.180273466743529
0.557552265934646 0.18717538844794
0.533164915628731 0.141084913164377
0.543630158063024 0.0961098363623023
0.554476950317621 0.093658581841737
0.596577442716807 0.115663501434028
0.612825855612755 0.106722304131836
0.634560171049088 0.106969939079136
0.674503534566611 0.126416564453393
0.663103161845356 0.133522415533662
0.715122006833553 0.127721468452364
0.724291357211769 0.131123918574303
0.730927456635982 0.124378363601863
0.758199039380997 0.120927652809769
0.770334425382316 0.133419427555054
0.786060375161469 0.143105973023921
0.816679232753813 0.152032805141062
0.866768043953925 0.100387203507125
0.826297702267766 0.162318316753954
0.841170703060925 0.155762022361159
0.869146350771189 0.105157857760787
0.910574304871261 0.0812490088865161
0.885162417311221 0.0708280131220818
0.881635790225118 0.0214520725421607
0.885182659607381 0.0254923566244543
0.934370692819357 0.0401566573418677
0.954335676971823 0.0260472577065229
0.809760191943496 0.0058679124340415
0.776978977955878 0.00756952771916986
0.760538075584918 0.0306971003301442
0.764042585156858 0.0357862468808889
0.804931834805757 0.0472985520027578
0.841859169770032 0.0429187775589526
0.837280502542853 0.127900522202253
0.806477453093976 0.0768926595337689
0.797301884740591 0.0961848851293325
0.765447813551873 0.0601718034595251
0.743258993141353 0.0775931375101209
0.772806387394667 0.0992290587164462
0.762564204633236 0.0989743424579501
0.729320328217 0.0943380263634026
0.708145553711802 0.102492282632738
0.684415529947728 0.0790979922749102
0.68374209292233 0.097134611569345
0.600388923194259 0.0932570933364332
0.570904926862568 0.0842866478487849
0.557399534620345 0.0735646691173315
0.566501542460173 0.0740465647540987
0.548414253164083 0.0332872634753585
0.620015931781381 0.00714887259528041
0.62359459977597 0.0258286478929222
0.633256798610091 0.0189374419860542
0.635326539166272 0.0662490539252758
0.637158684898168 0.0142164542339742
0.649114482104778 0.0542369028553367
0.688566511496902 0.0599264767952263
0.700384055264294 0.0513296569697559
0.705964921507984 0.0728107453323901
0.69964421633631 0.0471993866376579
0.68718595104292 0.0126997153274715
0.654249698854983 0.0152183817699552
0.630828773137182 0.00581697700545192
0.451843782328069 0.00953630311414599
0.344171831384301 0.0076284222304821
0.249056955333799 0.00274879671633244
0.196779248770326 0.00103276083245873
0.999705822672695 0.0026897843927145
0.973196563776582 0.0200251331552863
0.966712248511612 0.0475145946256816
0.94916970282793 0.0514457686804235
0.954894945025444 0.0640103272162378
0.96039961790666 0.101216068957001
0.957795856520534 0.119569584261626
0.979346700012684 0.352440907619894
0.974681383464485 0.10099272755906
0.989229266531765 0.0433919541537762
0.998842526692897 0.0265639354474843
0.978803147096187 0.110005273483694
0.986451970413327 0.474420259706676
0.991478673182428 0.378139619715512
0.995168425142765 0.467125814408064
0.999562599230558 0.917538465000689
0.995603668037802 0.623219769913703
0.989371484145522 0.561828132718801
0.980497291777283 0.610305129550397
0.991833782289177 0.730893180705607
0.990579614415765 0.835785081610084
0.979554363526404 0.848372070118785
0.975529420189559 0.844460249412805
0.980315766762942 0.94417243776843
0.971045967657119 0.983592107426375
0.985567937605083 0.97298072418198
0.998009825125337 0.984673327300698
0.967809747438878 0.989138186909258
0.908189069945365 0.999542169738561
0.718269968871027 0.995921561028808
0.716405924875289 0.985329083167017
0.692238263320178 0.984949397388846
0.71363514335826 0.975706569384784
0.702731101308018 0.947179527953267
0.743862382136285 0.990265001077205
0.758279217407107 0.990198255050927
0.782990803942084 0.976460509002209
0.817341360263526 0.962927567772567
0.837538994383067 0.930677176453173
0.796845111064613 0.948732716031373
0.773745513521135 0.920209594070911
0.763215410988778 0.925679898355156
0.760802755597979 0.920761927030981
0.729197380132973 0.916215685661882
0.741656981408596 0.889335391577333
0.723465215414762 0.872874381951988
0.718006949871778 0.871294635813683
0.710849651601166 0.851489124353975
0.745156760793179 0.851272146217525
0.762477002106607 0.879659127444029
0.787049726117402 0.83966936217621
0.755302098114043 0.897631108760834
0.773789924569428 0.915846636984497
0.790000372100621 0.851924130227417
0.814232129137963 0.840114329475909
0.808097186032683 0.88489025272429
0.824586749542505 0.896454947069287
0.815216695424169 0.918486194685102
0.835146459750831 0.886175203602761
0.838454538024962 0.912123014219105
0.86693101702258 0.898840949404985
0.889553190674633 0.867397822905332
0.890384103171527 0.855452459305525
0.900277143809944 0.885736802127212
0.866256756708026 0.919492789544165
0.92050637351349 0.91691429913044
0.922283151187003 0.930999264586717
0.85881613381207 0.949223638512194
0.840828812681139 0.955177170224488
0.865073427092284 0.971336782444268
0.902729261666536 0.980977175291628
0.915022038388997 0.992857606615871
0.934292112477124 0.954923754557967
0.930883739609271 0.944132287986577
0.958373666275293 0.870099841151386
0.974714267533273 0.843243174254894
0.960505845490843 0.756769868545234
0.982512770220637 0.745138257276267
0.983703493606299 0.741553269326687
0.964051325805485 0.660297014284879
0.962823919951916 0.71255071554333
0.944860294926912 0.808613306842744
0.91822337731719 0.851110765244812
0.924718502443284 0.831866353750229
0.936616547871381 0.808775373268872
0.913779006805271 0.753750571515411
0.910008350387216 0.74295808095485
0.927171622402966 0.680318116210401
0.941444327589124 0.766065943986177
0.947836372535676 0.755484525114298
0.965650657657534 0.587096937000751
0.970675711520016 0.530191270168871
0.969706805422902 0.411102296318859
0.948354651685804 0.56751782214269
0.963944266084582 0.480932979844511
0.967498255893588 0.515127476770431
0.945982000324875 0.634693637024611
0.891148373484612 0.73509744880721
0.887331762351096 0.750575421378016
0.856818053405732 0.832437912933528
0.836599989328533 0.838773497845978
0.837888755835593 0.767809978686273
0.822258549276739 0.79488205909729
0.817213265690953 0.805306741967797
0.808549446053803 0.790216668508947
0.705947293434292 0.847943350672722
0.725118499714881 0.786203515250236
0.741622098721564 0.789318853057921
0.819240431301296 0.75809885840863
0.825974376872182 0.624785617459565
0.781176844611764 0.682011097669601
0.757663309574127 0.714098608586937
0.754639537539333 0.722859719768167
0.725920404307544 0.771175296977162
0.701832656748593 0.774809922557324
0.72058264259249 0.798046283423901
0.693228910677135 0.81154114799574
0.658403556328267 0.855820562690496
0.684116933960468 0.872919000685215
0.678310458548367 0.903553798794746
0.631441008299589 0.932904112618417
0.59839656483382 0.964191955048591
0.66446324205026 0.969661507755518
0.658495470415801 0.974680989049375
0.700214453041553 0.960560261271894
0.676153817214072 0.99179560597986
0.649021692574024 0.994172474369407
0.588466214947402 0.989227070938796
0.587079736869782 0.981179452035576
0.621114374138415 0.925035876687616
0.625085148029029 0.914671536535025
0.650113262236118 0.845530323218554
0.656495313160121 0.811954346019775
0.72460883948952 0.748252895195037
0.803106288425624 0.643608536105603
0.745848937891424 0.716081763617694
0.743527141399682 0.661106827203184
0.715311224572361 0.738594984170049
0.694313676096499 0.726527250371873
0.712734287139028 0.717589679174125
0.733318638987839 0.616234583780169
0.761072947178036 0.625894234515727
0.76430593105033 0.621512993704528
0.803410354536027 0.631397697608918
0.807188600767404 0.581606371793896
0.784230307675898 0.523178187198937
0.791008271742612 0.478813883848488
0.734061906114221 0.308870096690953
0.788752085529268 0.410011801868677
0.798118166159838 0.480931536760181
0.811617573257536 0.542296990286559
0.820646369829774 0.524018166586757
0.834777854848653 0.568397773429751
0.846441825386137 0.602306300308555
0.834246482700109 0.499599676113576
0.832307169679552 0.456595343071967
0.859917479101568 0.574539416469634
0.857494058087468 0.541775478981435
0.838759288657457 0.458688894752413
0.868648984935135 0.446951466612518
0.858713327907026 0.467300531454384
0.860802842304111 0.474196089897305
0.914621124044061 0.573640779592097
0.920146402902901 0.46392731461674
0.937013951595873 0.4563152003102
0.942659398075193 0.555929698050022
0.93830436700955 0.560299066826701
0.938403305597603 0.575219406280667
0.940539667382836 0.585343129001558
0.916226644068956 0.589385116007179
0.906843917444348 0.628246569540352
0.901027094107121 0.65154332946986
0.894797877408564 0.625663009937853
0.886864420026541 0.611855838913471
0.873940453864634 0.572613595519215
0.886409172788262 0.622046460397542
0.880062317010015 0.633204481098801
0.868558226618916 0.64224692247808
0.864642034750432 0.677601567469537
0.855960870627314 0.758293001912534
0.945431326981634 0.587191788014024
0.945812403224409 0.457631307188421
0.950351778417826 0.475968534592539
0.955247627105564 0.415421429090202
0.94980663433671 0.358984190504998
0.929093981161714 0.284469720907509
0.942221194971353 0.263755212537944
0.949416043236852 0.239211706910282
0.959294662345201 0.2133803749457
0.957994450349361 0.204810631461442
0.955213387496769 0.208133227657527
0.950164624489844 0.210041235201061
0.930916144512594 0.276578437071294
0.925729053560644 0.287012502551079
0.930660279467702 0.352769807912409
0.937996806111187 0.381038553547114
0.942500472534448 0.387508382089436
0.938474398106337 0.429773935582489
0.912845598068088 0.354709940962493
0.927351120859385 0.269607658032328
0.927628656849265 0.253813593648374
0.931110732257366 0.196404105518013
0.940248418599367 0.215136094018817
0.949295402038842 0.143587368540466
0.927353786770254 0.185738077852875
0.919923698995262 0.204414925538003
0.885004605166614 0.244665669742972
0.864286473020911 0.238009861204773
0.885263366159052 0.217467687558383
0.915451681707054 0.193942004814744
0.934675530996174 0.145714557729661
0.917729093227535 0.0769484927877784
0.89171140640974 0.101923770736903
0.873722173739225 0.11342672817409
0.882217324338853 0.114141989033669
0.927079058252275 0.115700649563223
0.879512457177043 0.193792804609984
0.799969166982919 0.237252248916775
0.789290400687605 0.24697818653658
0.837938122451305 0.255405487027019
0.848827819339931 0.265171398874372
0.820130933541805 0.259840124286711
0.798989942763001 0.273228898178786
0.851669410709292 0.283048052806407
0.878117487300187 0.303298770915717
0.879973961506039 0.297921914141625
0.877073047682643 0.28992310538888
0.895213746465743 0.276087746024132
0.919010583311319 0.305195183027536
0.89703983347863 0.341618126723915
0.894105106592178 0.374025515746325
0.873090382665396 0.356385895516723
0.859506199602038 0.351089071016759
0.882317499723285 0.40239407774061
0.893132537603378 0.411474930588156
0.880089332349598 0.457355987746269
0.854823186062276 0.413816846441478
0.820498566143215 0.323317794129252
0.771478589624166 0.324085778556764
0.826097559183836 0.348175399936736
0.82556520961225 0.382468595635146
0.815269886050373 0.387163271661848
0.787858853116632 0.361529052257538
0.761586459819227 0.31321880267933
0.758215038105845 0.313808205071837
0.721808786503971 0.29046299494803
0.725741516333073 0.306017947848886
0.766341221984476 0.41914885584265
0.719838495366275 0.344435215461999
0.695881337393075 0.340438625775278
0.677414365578443 0.346457629930228
0.658826917875558 0.332751182373613
0.705714071635157 0.324514028150588
0.712386247701943 0.306777332909405
0.657433678396046 0.264706254936755
0.613660019356757 0.290482424665242
0.605640466790646 0.280062351375818
0.561342269647866 0.305317137390375
0.509675870183855 0.250246910378337
0.518658445682377 0.24567436426878
0.548005247022957 0.23959075473249
0.585203659255058 0.256030396092683
0.613293088506907 0.241967795882374
0.667161364573985 0.242193522397429
0.683208626694977 0.273947415873408
0.6886190562509 0.265258475206792
0.658975774887949 0.210572746116668
0.688865699805319 0.248050860594958
0.723692438565195 0.227240985259414
0.718527493998408 0.275586297269911
0.735074601136148 0.279630518518388
0.74370156833902 0.254614096600562
0.754339183680713 0.223491218872368
0.729750592727214 0.214809345081449
0.722390950657427 0.158513767644763
0.68463349994272 0.161961534526199
0.670972678344697 0.160601268522441
0.572419007308781 0.163285355549306
0.626761842053384 0.187471859622747
0.584060227498412 0.2217151154764
0.455217495094985 0.209314786363393
0.466454174835235 0.226975372526795
0.425059874542058 0.220689109992236
0.471584813203663 0.255774884019047
0.477186195086688 0.261480226181448
0.456261542625725 0.278801825363189
0.474517232272774 0.357982616405934
0.498931971378624 0.371585070155561
0.556010324507952 0.35471455892548
0.571772872470319 0.342215774115175
0.606477631721646 0.315034403000027
0.618741401471198 0.321611346676946
0.582880244124681 0.356224501505494
0.603902247734368 0.368967806454748
0.601871711667627 0.400354493409395
0.572305470239371 0.383747246582061
0.562030143570155 0.382206883281469
0.557441751472652 0.383942600339651
0.521666222251952 0.405390257481486
0.479787120595574 0.438362778630108
0.568510923534632 0.479610461276025
0.582992938347161 0.485696234274656
0.557203598786145 0.459315438754857
0.514524202793837 0.414680053014308
0.536407626699656 0.412287262268364
0.556109324097633 0.412897546775639
0.590956246480346 0.423157241661102
0.599377434700727 0.422285767737776
0.612418199889362 0.433385749813169
0.594556552823633 0.491403876803815
0.603496297262609 0.516001279931515
0.625754668843001 0.506789700593799
0.632928824517876 0.492009812965989
0.644813968334347 0.523588065989316
0.659781311172992 0.509764780290425
0.650609257165343 0.530147293116897
0.643873911816627 0.563887278083712
0.637632827740163 0.568532679229975
0.606061576399952 0.577595209702849
0.6058618593961 0.585994717199355
0.576122880447656 0.575549812521785
0.557314869016409 0.587947620078921
0.541004373226315 0.634935341775417
0.526427913922817 0.632870796602219
0.548348055686802 0.657508045434952
0.525926983915269 0.676235653925687
0.537965331692249 0.684156418778002
0.522263895254582 0.687557833269238
0.50136682158336 0.702551271766424
0.486935053020716 0.756028301548213
0.529359261970967 0.740748462732881
0.529517635703087 0.767110109329224
0.503534776624292 0.775504739489406
0.492943636141717 0.777678681537509
0.51822313060984 0.764860220719129
0.509739357046783 0.765313567128032
0.452478283084929 0.793843558523804
0.423699964769185 0.826232007704675
0.444661300163716 0.819781524129212
0.428345568478107 0.887453723233193
0.471877100877464 0.886351128574461
0.46767546935007 0.914718956686556
0.500697980634868 0.849059343803674
0.525321030057967 0.808131808415055
0.523499727249146 0.84821782913059
0.536155385430902 0.84808196220547
0.538085634820163 0.839381697587669
0.554152299650013 0.841217556037009
0.545097760856152 0.864572960417718
0.537768541835248 0.904014071449637
0.606011447962373 0.705010124482214
0.568251469638199 0.724453669972718
0.555191546212882 0.704537223558873
0.516592666972429 0.699507513549179
0.549556053709239 0.699813884682953
0.602690926287323 0.675877479370683
0.57390301534906 0.622618448454887
0.585655813571066 0.632790254894644
0.640220105182379 0.622641469351947
0.702377235982567 0.538653319701552
0.707212699111551 0.504970365203917
0.691005447879434 0.539861137513071
0.637732830829918 0.619122573174536
0.595991489477456 0.628328627441078
0.611289626453072 0.616777222603559
0.620840166229755 0.614880902692676
0.656507521402091 0.579247246962041
0.661131820641458 0.569672777317464
0.655637398827821 0.553056403528899
0.650333077181131 0.555749818682671
0.68075757753104 0.515840576030314
0.656711282208562 0.448249048087746
0.67343464680016 0.413309203926474
0.657021727412939 0.348908997606486
0.679662832990289 0.362867258489132
0.68950484180823 0.36331761488691
0.703745125792921 0.352247919887304
0.742114939261228 0.441698758862913
0.68540296331048 0.441661688964814
0.701572378631681 0.479538830928504
0.731242532841861 0.48649351624772
0.741722422651947 0.50995174003765
0.726764581631869 0.524885797407478
0.75000458676368 0.543505102861673
0.750789168290794 0.545627506449819
0.750115178991109 0.561009198892862
0.73597129015252 0.54474203614518
0.677931062411517 0.649589881300926
0.687887643929571 0.6490452834405
0.705216319300234 0.623966597951949
0.68141996441409 0.674187420867383
0.667968256864697 0.687019709032029
0.660428846254945 0.683732822071761
0.665650364477187 0.649205002468079
0.671954170800745 0.604478330817074
0.612607813905925 0.650715104304254
0.623201232403517 0.655517084989697
0.658497917465866 0.637591519858688
0.644696111325175 0.675736458972096
0.621379125397652 0.675154567230493
0.620963924564421 0.680775458458811
0.612332832999527 0.743268438149244
0.664804061409086 0.733891861978918
0.676414200104773 0.733617172576487
0.650143533945084 0.772697852458805
0.598224202636629 0.765969571191818
0.611598437651992 0.789245408028364
0.588500615675002 0.809030704665929
0.599682106636465 0.817267327103764
0.589061368722469 0.84069348545745
0.631260332651436 0.779623303562403
0.648295409977436 0.806569559499621
0.643963773269206 0.8161028935574
0.620444114785641 0.800870406907052
0.589052640832961 0.850596838630736
0.579792390111834 0.86611457541585
0.625019526109099 0.852260876446962
0.632488789968193 0.854444911703467
0.638237279839814 0.847758044954389
0.643486748915166 0.860677095130086
0.639528515283018 0.859318171162158
0.609087109100074 0.902061236090958
0.603393442928791 0.870779563672841
0.560172512196004 0.936954068019986
0.607163685839623 0.932316892780364
0.566997594665736 0.982650497928262
0.544327361043543 0.981860816944391
0.480201791506261 0.996903865598142
0.517125020734966 0.978857773821801
0.532888702116907 0.971958253998309
0.549782724119723 0.947869873140007
0.47298433072865 0.972403838299215
0.445480160415173 0.980440091341734
0.487103481777012 0.945344139821827
0.491449539083987 0.908465213607997
0.474658170714974 0.923341054935008
0.469260157551616 0.928856351878494
0.455470672342926 0.909873134922236
0.447963311802596 0.907637991476804
0.394578285515308 0.889257405884564
0.400475026573986 0.887684282381088
0.405238534323871 0.885108713526279
0.390882901847363 0.871406158432364
0.387082995846868 0.8625787938945
0.350502204615623 0.853305435739458
0.352063638158143 0.844957620371133
0.393413647543639 0.844555058050901
0.390689452644438 0.8580785933882
0.437343708239496 0.799226681236178
0.449773809406906 0.792687113396823
0.431636429857463 0.769198256544769
0.473133746534586 0.684677883982658
0.43049544794485 0.712550096679479
0.429932836908847 0.738509697839618
0.391255298163742 0.740179779008031
0.395312802866101 0.773520884104073
0.384437380824238 0.777282713446766
0.422472927253693 0.769737123511732
0.428773193154484 0.78747929725796
0.418104239273816 0.808429726399481
0.408497073687613 0.792340744286776
0.397945158649236 0.797027159482241
0.382161706220359 0.795017893891782
0.388354246504605 0.781031625811011
0.336147400084883 0.803991858381778
0.322097425349057 0.807989192195237
0.302002784796059 0.811486036051065
0.283748296555132 0.814206611830741
0.239541211631149 0.888724199030548
0.270397098269314 0.878410577774048
0.271904007066041 0.872850184328854
0.289187367074192 0.841718086507171
0.292039398569614 0.856199118774384
0.289042092394084 0.856167319696397
0.353576020337641 0.880995924118906
0.41712310211733 0.901557610370219
0.386232651770115 0.900204915553331
0.389775815419853 0.904898549430072
0.419886897783726 0.985525139141828
0.329705826938152 0.998188062570989
0.325767708942294 0.999916879925877
0.315028932876885 0.97198684932664
0.359915948472917 0.934017844032496
0.35851534968242 0.925418931990862
0.335974327754229 0.919783819932491
0.328875663224608 0.925088585354388
0.354962879326195 0.927655641920865
0.295421011280268 0.970540122129023
0.274687367491424 0.960170655045658
0.258310140110552 0.967458001803607
0.18553553102538 0.992811424192041
0.248348660767078 0.948376165702939
0.261149284429848 0.91173809254542
0.166084552649409 0.980171879287809
0.185798071324825 0.945241990499198
0.155815063044429 0.996263071894646
0.106608708854765 0.98128379881382
0.126479185651988 0.982667096890509
0.151763413567096 0.946073783095926
0.138601302634925 0.956854202318937
0.0989552163518965 0.972470048815012
0.159987295046449 0.934198884759098
0.176097577437758 0.934749942272902
0.191679219715297 0.910967939533293
0.146352120675147 0.910698652267456
0.203442012891173 0.887159684672952
0.247433254495263 0.854655344970524
0.221275696065277 0.812844261527061
0.191050009801984 0.818898430094123
0.179139828309417 0.841941479127854
0.173732663039118 0.864522833842784
0.147717308718711 0.895704405847937
0.129510041326284 0.89609177550301
0.10719641437754 0.938607500400394
0.0709611917845905 0.962227366864681
0.0650525339879096 0.962006306741387
0.0866850977763534 0.936135908588767
0.113100971560925 0.91764459758997
0.133106279652566 0.882207873743027
0.229168050922453 0.773194855079055
0.283233633264899 0.75783671438694
0.314989897422493 0.767232353333384
0.296492896042764 0.779999825172126
0.348983694799244 0.762498300988227
0.282743044663221 0.740118449553847
0.252010018099099 0.724711124319583
0.255038451869041 0.712668542284518
0.25291840499267 0.706804074347019
0.358371881302446 0.721648397855461
0.398914642166346 0.729528903029859
0.373566231224686 0.70234596543014
0.351590372156352 0.69946471741423
0.331056381110102 0.704150600358844
0.330445181112736 0.698600722942501
0.347825580276549 0.680511724203825
0.283212788403034 0.698771830648184
0.309307497460395 0.665341779123992
0.250556454993784 0.678138737101108
0.136674213223159 0.807950760703534
0.172047541942447 0.811154620721936
0.151759836822748 0.848750568926334
0.0930391899310052 0.916642262600362
0.0625395192764699 0.918753237463534
0.134535017888993 0.834741436410695
0.113545502070338 0.857560712378472
0.0988586330786347 0.872178599238396
0.0823335582390428 0.870641454588622
0.0317920865491033 0.885859986301512
0.0446794116869569 0.903047376777977
0.0226865014992654 0.919241357594728
0.0638850554823875 0.944552382454276
0.0438503576442599 0.977252372540534
0.00867668306455016 0.96621768316254
0.0359898204915226 0.950870533008128
0.00553977116942406 0.924930690322071
6.66542910039425e-05 0.90649348590523
0.0147194275632501 0.88364249933511
0.0133005739189684 0.878600541502237
0.0138766351155937 0.867213352583349
0.0237494008615613 0.884090668987483
0.0980549138039351 0.808270934969187
0.0417501032352448 0.798808310646564
0.0539555265568197 0.827086472418159
0.0161700616590679 0.836393794510514
0.0548873753286898 0.773607316426933
0.0740604330785573 0.768125418573618
0.0834071673452854 0.758516859728843
0.099686031229794 0.761335459072143
0.15364600950852 0.691734749358147
0.147479515522718 0.687280843500048
0.150309373624623 0.676773589570075
0.115261446218938 0.664968930184841
0.11987116932869 0.668315741699189
0.0964730707928538 0.681011982262135
0.0926688686013222 0.708073266781867
0.0822098692879081 0.752668905537575
0.0780396945774555 0.704920209478587
0.0442838952876627 0.73067708639428
0.0194910909049213 0.765264029148966
0.00462453393265605 0.817127439659089
0.00559165794402361 0.717073139268905
0.0217765513807535 0.665336913429201
0.0340136829763651 0.648684825748205
0.0211454615928233 0.64234153367579
0.00664318492636085 0.65267604123801
0.000629272777587175 0.60235321521759
0.0677188937552273 0.615526262205094
0.0533916549757123 0.62633812893182
0.0256965695880353 0.69949095370248
0.0681060277856886 0.639731876552105
0.0826937407255173 0.657638666685671
0.107395276427269 0.633762334473431
0.114144770428538 0.635240007191896
0.153458875138313 0.631180870346725
0.139679679647088 0.646125824190676
0.158538424875587 0.651727457996458
0.195335787255317 0.606432637665421
0.190994690172374 0.580068183131516
0.180045279674232 0.569391555152833
0.177266252692789 0.557442592922598
0.151557774282992 0.560846910346299
0.151274671312422 0.561703633517027
0.121712302789092 0.559415350668132
0.135720013640821 0.586390914861113
0.0812656315974891 0.606335605494678
0.0535074155777693 0.573353367857635
0.0512061817571521 0.582232989836484
0.00418188842013478 0.597677948884666
0.0209165196865797 0.554697591811419
0.0420781564898789 0.553479128982872
0.0632448415271938 0.542569741141051
0.0994548411108553 0.541493103373796
0.101800011005253 0.550655411556363
0.109090643934906 0.525014072656631
0.127310587093234 0.524206099566072
0.164318116847426 0.544476745184511
0.160500708501786 0.517904350999743
0.149507722817361 0.515868708491325
0.243559454102069 0.491680161096156
0.107209975365549 0.511243240907788
0.0669329068623483 0.488214532844722
0.0987755390815437 0.478288008831441
0.0847149346955121 0.451093317009509
0.0564805869944394 0.46732377121225
0.0054477546364069 0.406531648244709
0.0359747684560716 0.382637817878276
0.0331745021976531 0.371600884012878
0.00909588113427162 0.394345694687217
0.00408896850422025 0.303195865824819
0.0105969361029565 0.282378282863647
0.0101793636567891 0.239131623879075
0.0042936815880239 0.0371048147790134
0.026824445463717 0.0527447462081909
0.0522086983546615 0.0539903086610138
0.0251650428399444 0.049580167979002
0.00788653921335936 0.00175849394872785
0.0635039238259196 0.0152171584777534
0.0868919203057885 0.0365630663000047
0.0466261585243046 0.0806972733698785
0.0361190959811211 0.0982527704909444
0.0217639519833028 0.0844081318937242
0.00983349932357669 0.13433861779049
0.0342406635172665 0.121641718316823
0.0268929307349026 0.105912749189883
0.054485552944243 0.129214136395603
0.0963552840985358 0.144188723061234
0.12916595954448 0.173631211742759
0.125029063317925 0.180150789674371
0.0829759980551898 0.216691297478974
0.0610259734094143 0.168814634904265
0.0330103510059416 0.165904127061367
0.0204120725393295 0.167236399836838
0.0462891426868737 0.178029826376587
0.056614397559315 0.180174567271024
0.0476996023207903 0.190363556146622
0.082414526026696 0.218340069521219
0.123165911063552 0.245440894272178
0.109168838709593 0.261027729138732
0.106614260002971 0.259118715766817
0.0786805585958064 0.269706600811332
0.0671641649678349 0.252349303103983
0.0804647584445775 0.289870722685009
0.0633894698694348 0.294381367042661
0.0643927985802293 0.28408709494397
0.0475927293300629 0.289349613711238
0.011856634169817 0.22238221950829
0.0379675324074924 0.328885710332543
0.0576060879975557 0.32971417857334
0.0579346674494445 0.297624932136387
0.0740716261789203 0.352660879958421
0.0851196078583598 0.357171434909105
0.0339702148921788 0.40044517442584
0.123237378895283 0.356595604214817
0.122919524554163 0.357196625322104
0.121656979434192 0.377837404143065
0.0711676958017051 0.428325194399804
0.0783812152221799 0.441698175854981
0.102721167262644 0.411475133616477
0.138686215970665 0.36663976451382
0.147276948671788 0.355374866165221
0.133543713483959 0.354170239530504
0.164153020363301 0.342805453576148
0.177990037016571 0.324988784268498
0.180110404733568 0.319218436721712
0.199055584147573 0.340724666137248
0.206765907816589 0.357654459308833
0.226150460541248 0.378850099630654
0.19435069244355 0.398966064210981
0.230617014225572 0.409192763268948
0.16458152839914 0.416367397177964
0.157804399263114 0.417598091997206
0.104355446528643 0.459576222114265
0.112357767764479 0.474049782380462
0.166578934993595 0.498875092249364
0.246800483670086 0.481598752550781
0.24504918884486 0.512211459688842
0.252316778991371 0.44773616315797
0.242571973707527 0.444811681285501
0.227395606227219 0.473648874554783
0.200546592473984 0.453044716268778
0.156505053862929 0.46005325531587
0.250991898123175 0.428505827207118
0.254793607629836 0.445381413213909
0.266443156637251 0.449208564590663
0.277845999691635 0.474223433993757
0.290174711495638 0.466502364259213
0.266456544399261 0.539672971237451
0.214806739240885 0.616346572060138
0.210630317218602 0.61821401072666
0.227914167568088 0.629389867652208
0.210383270401508 0.664556456264108
0.171086343470961 0.662533785682172
0.155478557106107 0.66563786379993
0.17508641583845 0.693583605345339
0.10225460678339 0.762794031761587
0.0510842930525541 0.794155326671898
0.11809491366148 0.788180242758244
0.144335953053087 0.757503997068852
0.158911784179509 0.739558733068407
0.158519897609949 0.740451924037188
0.18628511717543 0.717228278052062
0.191004956141114 0.697015154641122
0.205068471841514 0.697167865931988
0.233707500621676 0.662716676015407
0.219090443104506 0.671224331017584
0.216406850609928 0.669401854742318
0.248434972949326 0.634071562904865
0.253553333226591 0.640177854336798
0.258769474457949 0.594313079491258
0.273331242613494 0.60655028745532
0.301997524686158 0.58908399939537
0.227726659737527 0.689961930736899
0.279195494018495 0.651024767197669
0.283251733984798 0.649067750666291
0.290855368599296 0.638128899503499
0.29976547928527 0.624189467635006
0.358034390490502 0.677005629520863
0.358354098163545 0.697727421764284
0.456039513461292 0.681235312018543
0.466592745855451 0.675087462645024
0.473939238581806 0.669457684271038
0.466897637583315 0.657392591703683
0.440484222024679 0.661963985767215
0.460677448194474 0.636319065000862
0.474434633273631 0.633628458250314
0.515098916366696 0.625475236214697
0.588200412224978 0.535641571506858
0.568924795370549 0.52883789781481
0.558728204574436 0.535841221921146
0.556030974723399 0.539580479264259
0.518466595560312 0.542796073481441
0.535522248130292 0.572372124530375
0.463493974413723 0.621702917851508
0.482005193363875 0.566667200997472
0.414088293910027 0.570189182646573
0.398390304297209 0.587196583859622
0.352940092328936 0.630824184045196
0.370722406543791 0.616140913683921
0.433550463058054 0.617045925464481
0.361023226287216 0.655408438295126
0.319625711999834 0.636406787671149
0.339592027012259 0.614265340380371
0.352832526434213 0.608866258524358
0.364053038880229 0.586695285048336
0.385785582941025 0.53879853291437
0.338686724659055 0.585342098493129
0.40997178805992 0.509649733547121
0.405397395603359 0.468511621002108
0.380274657160044 0.410227410495281
0.36233718181029 0.378578012809157
0.391238299198449 0.519617848098278
0.369477095082402 0.532997507601976
0.361198215279728 0.547338149975985
0.303717748727649 0.615981171838939
0.311028300318867 0.576014008838683
0.304795291274786 0.562520199455321
0.347823152784258 0.529128511901945
0.357776210643351 0.516277494840324
0.363646822515875 0.501505312509835
0.35500092478469 0.50100394943729
0.382008399814367 0.493624189402908
0.351702782791108 0.436763158999383
0.317018140573055 0.460044130682945
0.295303681865335 0.462243985384703
0.294454822316766 0.449855483137071
0.301980742253363 0.433627670165151
0.275502097792923 0.416694126091897
0.25463553192094 0.396470136474818
0.181918728165329 0.314033628907055
0.123786923475564 0.31099744560197
0.141940754372627 0.334594667423517
0.089806669857353 0.285352580714971
0.20282592670992 0.308654069900513
0.225280574057251 0.302383888978511
0.160689141601324 0.283663648180664
0.153768726158887 0.27597553934902
0.151532809715718 0.267056957352906
0.163929055910558 0.26325961900875
0.188857401721179 0.254684578627348
0.191012687981129 0.245430540759116
0.203364794142544 0.259597399737686
0.207593237515539 0.249079114291817
0.221343479584903 0.242707404773682
0.246869137510657 0.207924126181751
0.213093070778996 0.210817861836404
0.176180202513933 0.219338576775044
0.155208003241569 0.191781122237444
0.184057799633592 0.181727114133537
0.230486196931452 0.196596614085138
0.244902632199228 0.18998587783426
0.281403274275362 0.211982345674187
0.266273380722851 0.196598961949348
0.307081082370132 0.207013646140695
0.33985546277836 0.197963699232787
0.18443923490122 0.161652598995715
0.217694877181202 0.147233802825212
0.236848421394825 0.143303192220628
0.12203597696498 0.14965358749032
0.0968168298713863 0.141595885623246
0.081602128688246 0.118816475849599
0.0777108296751976 0.112062014639378
0.0693743582814932 0.0966575411148369
0.0992068042978644 0.111503656953573
0.0980886681936681 0.0888845096342266
0.144654681906104 0.124487116932869
0.176942938007414 0.137310497928411
0.287438241299242 0.137620909139514
0.309935639146715 0.142223391216248
0.264524686150253 0.147811410482973
0.381597563158721 0.219331964850426
0.373696461785585 0.219837740529329
0.248209016397595 0.259032763075083
0.224284641910344 0.270020920783281
0.276442878413945 0.311769916675985
0.280067919287831 0.308611995540559
0.26386795938015 0.331041716504842
0.241068153642118 0.34935626713559
0.223665420897305 0.351771620102227
0.254338788799942 0.360944263171405
0.251154442317784 0.37518929457292
0.275987957138568 0.367760129738599
0.316674158908427 0.371213166043162
0.333478845190257 0.338527476415038
0.294186579529196 0.311178805772215
0.28609935939312 0.307204154785722
0.261010103859007 0.274957553017884
0.328947861678898 0.295084095094353
0.320472665131092 0.295655271969736
0.378154722973704 0.347231431864202
0.437364049255848 0.307841024827212
0.400702001526952 0.343753106892109
0.384284403640777 0.38140107691288
0.421934523619711 0.369936831761152
0.458070842549205 0.406190720852464
0.448268964886665 0.432533519808203
0.44984122319147 0.43765531340614
0.525244285352528 0.507622089236975
0.481403573881835 0.480981030967087
0.467948569450527 0.481645456049591
0.482662017457187 0.536490746308118
0.455375528894365 0.554463956039399
0.526655562687665 0.559089289046824
0.506034628953785 0.540152533445507
0.526906010694802 0.521147865336388
0.557721557095647 0.500235483050346
0.536016954109073 0.469064488541335
0.513567928224802 0.469136507250369
0.476554391905665 0.446244337595999
0.465120295993984 0.439377988688648
0.489617851097137 0.398544767871499
0.480011459439993 0.369602132122964
0.456254430115223 0.375250855926424
0.452410486061126 0.366359362844378
0.45353940455243 0.357148458715528
0.462056804448366 0.336226760409772
0.46029095351696 0.326120674144477
0.446927077602595 0.294246271718293
0.275312963873148 0.255367242265493
0.297621224541217 0.246321449056268
0.395569369196892 0.282260880805552
0.401444992050529 0.272751322947443
0.400613660458475 0.253725434653461
0.386900193523616 0.255764445289969
0.399620704818517 0.234252704773098
0.400516272522509 0.228595872875303
0.364655515644699 0.187463257927448
0.338372886180878 0.151152838487178
0.380378264933825 0.203259782865644
0.404345068149269 0.185955519787967
0.446453620679677 0.17636840743944
0.43149070488289 0.15208287211135
0.428653363138437 0.151682896539569
0.334725306835026 0.0913481940515339
0.324792928528041 0.084413587115705
0.313989316578954 0.079461962915957
0.345848637633026 0.121027268469334
0.317628983873874 0.0854685860686004
0.326385579071939 0.108452478889376
0.33842562045902 0.124310708604753
0.370607052464038 0.142994513735175
0.255399309098721 0.131532640662044
0.129820160102099 0.0746687701903284
0.0940826768055558 0.00194700853899121
0.134913199115545 0.0728010693565011
0.150536554399878 0.0683787604793906
0.161578048020601 0.0573799810372293
