128
0.394506624434143 0.41446108231321
0.469731550198048 0.403871610760689
0.533126207068563 0.396828718017787
0.460642822552472 0.299451936036348
0.488254361320287 0.356140634045005
0.385872854385525 0.22652669949457
0.433344075921923 0.255170504562557
0.384207937400788 0.212637257296592
0.375366183463484 0.224739048629999
0.43372237868607 0.296100764069706
0.369851008057594 0.263515312690288
0.353907807264477 0.321224254090339
0.343519853428006 0.292485003825277
0.290003261528909 0.269610894378275
0.274601039011031 0.27055795583874
0.242778247687966 0.266915308777243
0.208857670426369 0.296560887712985
0.215710842981935 0.30961013911292
0.177207953762263 0.309212614782155
0.131563459523022 0.296704033389688
0.0354293035343289 0.117043120320886
0.0126207806169987 0.0773660042323172
0.0944402604363859 0.0662266593426466
0.208809975069016 0.214995726943016
0.293417940381914 0.148006466683
0.191356129478663 0.0112821436487138
0.359054138883948 0.0491174561902881
0.408335740212351 0.159525896422565
0.499603827949613 0.224841121584177
0.516472621820867 0.294368369504809
0.647311570122838 0.432075407821685
0.708368499297649 0.428427157923579
0.733794974163175 0.455296907108277
0.835947018582374 0.384998951572925
0.832982349209487 0.313171644229442
0.792591409292072 0.295872980728745
0.869617245160043 0.244282758794725
0.820048270281404 0.115776394959539
0.784660677425563 0.116970198228955
0.722795527428389 0.105164828710258
0.721331704873592 0.104061627294868
0.585915964562446 0.139336119405925
0.562463127076626 0.211250465363264
0.489561868831515 0.177641544956714
0.476587113924325 0.082881179638207
0.478443371132016 0.0578070431947708
0.405071462038904 0.0213805683888495
0.463578538503498 0.0192600409500301
0.786963172256947 0.0286750579252839
0.485553682781756 0.017349221277982
0.931517228484154 0.0189465046860278
0.940460561774671 0.0626088697463274
0.96816860884428 0.0596368410624564
0.890125233214349 0.267258852254599
0.973497368395329 0.0677043762989342
0.978198126889765 0.605313077103347
0.939756807871163 0.373380448669195
0.900158050470054 0.534142544027418
0.964314474258572 0.628230598755181
0.917938515543938 0.764455216936767
0.886838649399579 0.964553709607571
0.727205155882984 0.92023508483544
0.804578894749284 0.871274036820978
0.839481064118445 0.604014344047755
0.848949372768402 0.797879372723401
0.854720605071634 0.612499704118818
0.87562958477065 0.510145822074264
0.862187390215695 0.495770431589335
0.843355158809572 0.540374963544309
0.741604014765471 0.782777021639049
0.709352160803974 0.907276151701808
0.694661479908973 0.928474664222449
0.698883073870093 0.805810618214309
0.673795848153532 0.671607721131295
0.752969352062792 0.659854270052165
0.810917321592569 0.483411014080048
0.653437030036002 0.459640344139189
0.686115877702832 0.841500951442868
0.690554225817323 0.918561285361648
0.625790108460933 0.933168108575046
0.538831497076899 0.923198253847659
0.517150999978185 0.929216953925788
0.579905917868018 0.894354719668627
0.590099775232375 0.879687020555139
0.390125151723623 0.96090827928856
0.392326953355223 0.886017609387636
0.378582362551242 0.87366361124441
0.371806094422936 0.840557076502591
0.105262554716319 0.976260332390666
0.0106058749370277 0.912165749818087
0.0584819037467241 0.888278716243804
0.125863500405103 0.8826535185799
0.113119837827981 0.857720973435789
0.00751607026904821 0.820106967352331
0.00788595480844378 0.650430351961404
0.0583716984838247 0.721829949412495
0.0881157321855426 0.57995415199548
0.114805416204035 0.58798222662881
0.100190310738981 0.511428479105234
0.0848028599284589 0.469119548331946
0.0189430057071149 0.445871994365007
0.0683929193764925 0.395080260932446
0.00244049029424787 0.227925254032016
0.134925446007401 0.394438998773694
0.0994107057340443 0.444354758132249
0.138549824245274 0.442093308549374
0.161093362607062 0.419200568459928
0.170367644634098 0.406510036438704
0.189297159668058 0.431967764627188
0.226783993653953 0.41221671178937
0.383833123836666 0.60430687200278
0.4457032000646 0.558085731696337
0.453056780621409 0.66404290497303
0.348138337954879 0.656752413138747
0.208029182627797 0.707945114932954
0.176247601862997 0.74521719198674
0.125850434880704 0.964055409189314
0.332431685179472 0.753560763318092
0.426255735103041 0.843832973390818
0.486649268772453 0.689381620381027
0.442920981440693 0.545113905798644
0.487966595683247 0.658722835127264
0.525728460401297 0.793568100314587
0.54452484799549 0.752574124839157
0.568100548349321 0.595207148697227
0.532489008735865 0.526777601335198
0.420160153415054 0.472245816607028
0.392980867531151 0.462935719639063
