256
0.218977525830269 0.166264663916081
0.165099336765707 0.0961014628410339
0.170870563946664 0.141575402580202
0.110567912459373 0.122938835062087
0.145968072116375 0.185423695016652
0.102517841849476 0.194501363672316
0.026789880823344 0.112138823140413
0.0664344546385109 0.0717083122581244
0.11336645623669 0.0608937353827059
0.360549163538963 0.0286700101569295
0.36896430561319 0.0196098182350397
0.426290237344801 0.0177567759528756
0.564160554669797 0.0550541235134006
0.537182591389865 0.0202423026785254
0.727296960540116 0.00165769597515464
0.788933688774705 0.0309705003164709
0.575849427375942 0.0223043886944652
0.588235381059349 0.0626438460312784
0.571369148790836 0.0733288326300681
0.634113199543208 0.136773421429098
0.728388133924454 0.0891196201555431
0.739323822781444 0.116781793534756
0.755416085477918 0.126488265115768
0.766754165291786 0.137420292943716
0.728568368125707 0.148526125121862
0.683886998333037 0.176362411584705
0.723312366288155 0.182090378366411
0.777097311802208 0.230980880558491
0.810469597112387 0.251636817120016
0.841729041188955 0.260430344380438
0.873828256502748 0.198968604207039
0.907287903130054 0.151189252734184
0.903677319642156 0.147640254814178
0.875927339773625 0.186286394950002
0.866011024452746 0.184988120105118
0.849115737713873 0.150806511286646
0.763566336128861 0.0873178616166115
0.824477207381278 0.0844206595793366
0.906650194432586 0.110111268702894
0.951733946334571 0.0345510272309184
0.995778958313167 0.125755695160478
0.95629431353882 0.207436063326895
0.860144876874983 0.405847329646349
0.790225333534181 0.523569227196276
0.80057976860553 0.491909244097769
0.845375884324312 0.371333459857851
0.866641409229487 0.341988313011825
0.877974139526486 0.301461217459291
0.850734876934439 0.335621329490095
0.792928256560117 0.33920318307355
0.705298637505621 0.333151034545153
0.778135928791016 0.350136156659573
0.747189056128263 0.37830828782171
0.741888695396483 0.35478101298213
0.697001103777438 0.343840747140348
0.661192262545228 0.322383256163448
0.755906593054533 0.445727838203311
0.819025615230203 0.385225746314973
0.788404458668083 0.435162981972098
0.707911078818142 0.519846144597977
0.734290207270533 0.586088366806507
0.760198274161667 0.579754631500691
0.818678897805512 0.489440863952041
0.786826374474913 0.567447011359036
0.782224947120994 0.577662566676736
0.848711751401424 0.533887261524796
0.89383750082925 0.390730825252831
0.909317371901125 0.438485748600215
0.914572555106133 0.315419082995504
0.950011323206127 0.225359023083001
0.965645272284746 0.202781298663467
0.997270823456347 0.124502233695239
0.96503044012934 0.722943994216621
0.965512567665428 0.551783400587738
0.924336467403919 0.925144217442721
0.960946901235729 0.782524450216442
0.923595378641039 0.951171489898115
0.897355547174811 0.971889553125948
0.906838531140238 0.927206682506949
0.828129989560694 0.98559256317094
0.833952200133353 0.968600813299417
0.796082243323326 0.931010688189417
0.78047406161204 0.943296392913908
0.891877282876521 0.701105713378638
0.872226106934249 0.917529847007245
0.873379909433424 0.915381398051977
0.911016729660332 0.837593017145991
0.915071099996567 0.827119109686464
0.934762701857835 0.687541861552745
0.978423582389951 0.2321209423244
0.949236283544451 0.322730495128781
0.874874758999795 0.615716583561152
0.883332840166986 0.649406081531197
0.830953584518284 0.646101066842675
0.745306481607258 0.631208938546479
0.681638493202627 0.596009047236294
0.650322108529508 0.630150897894055
0.684612017124891 0.706253382842988
0.543846399988979 0.820013672113419
0.425085552968085 0.874134248588234
0.550886534620076 0.761982643976808
0.687273302581161 0.545232578646392
0.693276550620794 0.494964527897537
0.630161478649825 0.574932208284736
0.660349819809198 0.49857559427619
0.599074873141944 0.56631205463782
0.537375963758677 0.661475840490311
0.46052804030478 0.764108645729721
0.381935613695532 0.86010028840974
0.296329653356224 0.964902210514992
0.4020513179712 0.861072321888059
0.555791390128434 0.669988640584052
0.598281025420874 0.624177533667535
0.550912490580231 0.705318111926317
0.517542736139148 0.772984446026385
0.420977062545717 0.860577146988362
0.329269564244896 0.941692108288407
0.320182418450713 0.966295713558793
0.597272384911776 0.819218777120113
0.628145780414343 0.788451009429991
0.683052257634699 0.733391625341028
0.688620800152421 0.770020728930831
0.691487945616245 0.827028256841004
0.695049663074315 0.820884671527892
0.71635718876496 0.855722674634308
0.742500507738441 0.826200980693102
0.729197551030666 0.69746623467654
0.752113185822964 0.683982649352401
0.777359643951058 0.75630159676075
0.727198347914964 0.969803903717548
0.591641789767891 0.996485834475607
0.531214265152812 0.996277090162039
0.632284563500434 0.90016979072243
0.492170040495694 0.978015608154237
0.475878898054361 0.991614517290145
0.177238922100514 0.980746566783637
0.0301187369041145 0.98406041180715
0.026112746912986 0.967464255634695
0.0769155477173626 0.952145392075181
0.139474783092737 0.932049267925322
0.260765546932817 0.969347700476646
0.30207088869065 0.881894754711539
0.336732063442469 0.851262089330703
0.364121534861624 0.817340236157179
0.349775115959346 0.81069004163146
0.399031314533204 0.825791892595589
0.391049998812377 0.771176912821829
0.395843069069088 0.739346078131348
0.382529329508543 0.752218444366008
0.438234638888389 0.684600218199193
0.485926698427647 0.70079886727035
0.475179109722376 0.721061357762665
0.561588044278324 0.59435665095225
0.504315793979913 0.620265416800976
0.438416943885386 0.622158522251993
0.439214962534606 0.654570833779871
0.402347674593329 0.670652702450752
0.343357103411108 0.655507963616401
0.360946505330503 0.62439377233386
0.295521694235504 0.564523845911026
0.315730300266296 0.610416554380208
0.278413058724254 0.66282934229821
0.31834671087563 0.660062075592577
0.336430777329952 0.659585334826261
0.249627474229783 0.74483257997781
0.346457207109779 0.690309387166053
0.278917722869664 0.775958781130612
0.321537916082889 0.793642557226121
0.275826628319919 0.905930392909795
0.231205359101295 0.84687320375815
0.204850919544697 0.854673303663731
0.243532731197774 0.89540452696383
0.0733592212200165 0.896241173613816
0.0845397040247917 0.879398310091347
0.0441880910657346 0.830339763779193
0.00586255639791489 0.942369221244007
0.00205038860440254 0.922714631073177
0.0275202211923897 0.801944799721241
0.0724483565427363 0.767434269655496
0.0745939612388611 0.666553704999387
0.0080934944562614 0.644892990589142
0.00435434561222792 0.433854585979134
0.0407107947394252 0.323588305152953
0.0235293628647923 0.37808377109468
0.0245003225281835 0.457199377939105
0.0629085064865649 0.512087339069694
0.066932980902493 0.525572535581887
0.0445212949998677 0.586889834608883
0.0564330900087953 0.607791791670024
0.071669839322567 0.595628747250885
0.0244093551300466 0.633880732581019
0.078807523008436 0.593787444289774
0.104757333640009 0.638695813715458
0.111692433711141 0.755055255256593
0.092286535538733 0.775071344338357
0.187910364475101 0.686941789928824
0.16667863773182 0.650087005458772
0.12472576694563 0.608406495302916
0.199803412891924 0.610864259302616
0.234310606028885 0.663539107423276
0.204788142815232 0.599231626372784
0.106112755369395 0.582368213217705
0.0809872029349208 0.557307544630021
0.171742980834097 0.57912689447403
0.208812940865755 0.578142640646547
0.16797692887485 0.565709952265024
0.178393175825477 0.494232326745987
0.305262644309551 0.549912543036044
0.406280282884836 0.539683269802481
0.522439265623689 0.580946824047714
0.441907348576933 0.533487001433969
0.399987110868096 0.502842182293534
0.22083566011861 0.388637762051076
0.339859816711396 0.411908977665007
0.325192639604211 0.410320687573403
0.513970046769828 0.476133208256215
0.525724025908858 0.47167554916814
0.559404873289168 0.45979541959241
0.565895258914679 0.310465712100267
0.532119638752192 0.361052939202636
0.478867694735527 0.394824873656034
0.486909578088671 0.375430109910667
0.46155472099781 0.313038132619113
0.600119249895215 0.265023751184344
0.639038784895092 0.236077172681689
0.543350999243557 0.183309867512435
0.522117604501545 0.156484438572079
0.425810241140425 0.159765896387398
0.413733388762921 0.14492874732241
0.462524596136063 0.0957104195840657
0.345096836332232 0.0880691260099411
0.401218015700579 0.145496747456491
0.402443328406662 0.15434039849788
0.32936288183555 0.0706558907404542
0.289258621167392 0.0648490260355175
0.210256696678698 0.0703045395202935
0.333683588542044 0.144551826175302
0.333738303277642 0.188874717336148
0.36073417076841 0.223331871442497
0.42160896025598 0.178461105097085
0.275928684975952 0.314128485042602
0.294379802886397 0.288786392193288
0.245467708446085 0.302543232217431
0.0945846415124834 0.332754147239029
0.109297060873359 0.336193623486906
0.177362024784088 0.369016610551625
0.282036185730249 0.348722002469003
0.229242881760001 0.364460670854896
0.220212653279305 0.364903509616852
0.111792183481157 0.406185111962259
0.0600303285755217 0.412249128334224
0.0445431438274682 0.261778626125306
0.0515560288913548 0.239325679372996
0.140136249363422 0.251656167209148
0.174103846307844 0.247255640570074
0.254688624292612 0.270461437292397
