16
0.749634083360434 0.543802403844893
0.853975926525891 0.309227533172816
0.86775831039995 0.87569876620546
0.241642009932548 0.884365549311042
0.414226192515343 0.503038551192731
0.473048425279558 0.440406550187618
0.271678663324565 0.538212793879211
0.0998335522599518 0.0620753401890397
0.998895844444633 0.049322972074151
0.22113707056269 0.065174974501133
0.514183334540576 0.0852341237477958
0.719789328519255 0.13460983382538
0.840483969543129 0.183509303256869
0.661466843448579 0.518594595603645
0.4912453815341 0.67054319055751
0.67523713875562 0.594096819870174
