32
0.895517757628113 0.589122934266925
0.639825493562967 0.406789107713848
0.809643719810992 0.74162791389972
0.855521314777434 0.860921359620988
0.8587257694453 0.868558512069285
0.980747262015939 0.924352836795151
0.988518105819821 0.923392436932772
0.842937123496085 0.973440264817327
0.800791863817722 0.870922311209142
0.63339289650321 0.885290883015841
0.114714495372027 0.928374113049358
0.666196530684829 0.850580510217696
0.590039635077119 0.69275626540184
0.624027690850198 0.809435457456857
0.20353321172297 0.847241931129247
0.3262859294191 0.731520326342434
0.0536478850990534 0.742797703947872
0.0297695682384074 0.672037269454449
0.108257940039039 0.616956658661366
0.208669284358621 0.600415375549346
0.10776160703972 0.432976759038866
0.231096817646176 0.135929649695754
0.299347555730492 0.243792184162885
0.137459763325751 0.440646633505821
0.473148240707815 0.614140158519149
0.542718757409602 0.581406180746853
0.385655355174094 0.219385683070868
0.532958629541099 0.0329775209538639
0.502191722858697 0.257181096822023
0.683519163634628 0.214067325927317
0.796932625118643 0.100139419548213
0.938454910647124 0.426338066812605
