64
0.46734532341361 0.240539516787976
0.40769879380241 0.0546501213684678
0.282129150349647 0.13251140806824
0.366513890214264 0.160809535067528
0.395947556011379 0.152609684038907
0.408714651595801 0.303567027207464
0.412279554642737 0.396057088859379
0.460727751255035 0.483803804032505
0.352799133397639 0.504741072189063
0.315461331512779 0.502059869468212
0.221125825308263 0.5242481934838
0.278372827917337 0.277833019848913
0.244464550632983 0.298149012029171
0.135417519137263 0.53939101472497
0.0785863162018359 0.604573560878634
0.0889219022355974 0.460322032682598
0.0413321182131767 0.312953875865787
0.0194290415383875 0.101960222702473
0.0293509336188436 0.466801270376891
0.0291562867350876 0.552016928326339
0.000167754478752613 0.0418637795373797
0.0533337155357003 0.0797449871897697
0.349782487843186 0.0886144172400236
0.331383750773966 0.0500832204706967
0.301038567442447 0.0334572964347899
0.577009635977447 0.0116000561974943
0.773275908548385 0.0737039493396878
0.837148352526128 0.130254020448774
0.976400760933757 0.253792122006416
0.879162027034909 0.825346289202571
0.834584905765951 0.295183295384049
0.700081783812493 0.545352482702583
0.643298434093595 0.710256741847843
0.589474235661328 0.708883324638009
0.459238931536674 0.814496961887926
0.473430611658841 0.85615418991074
0.392038644757122 0.888726979028434
0.629375485237688 0.830589204095304
0.666939859744161 0.79813546128571
0.796757679898292 0.76344440318644
0.853883962146938 0.772022707853466
0.662869405001402 0.825913967099041
0.82435441436246 0.913886448834091
0.805480004288256 0.925784870516509
0.475390138570219 0.940897523425519
0.498087022919208 0.907188255339861
0.383143360726535 0.891318821813911
0.107522899284959 0.88410479016602
0.341066349763423 0.843927593901753
0.192294006235898 0.809373887255788
0.205430976115167 0.800753296352923
0.314309185836464 0.681975221727043
0.388845862355083 0.652163344901055
0.566111973021179 0.631911638192832
0.632313890382648 0.570033588912338
0.64508616598323 0.524436198640615
0.684858086518943 0.436758557334542
0.693575277924538 0.348115138709545
0.685245733708143 0.488395218737423
0.872451154980808 0.221293579787016
0.832973126322031 0.154922529589385
0.689454283099622 0.229423528071493
0.46517588570714 0.320467608980834
0.535848249681294 0.0350282215513289
