512
0.0738167 1
0.0738167 0.992674
0.0481301 0.992674
0.0481301 0.946807
0.0947792 0.946807
0.0947792 0.862484
0.112682 0.862484
0.112682 0.917929
0.0972543 0.917929
0.0972543 0.923299
0.129369 0.923299
0.129369 0.80479
0.175507 0.80479
0.175507 0.807514
0.153834 0.807514
0.153834 0.856904
0.19738 0.856904
0.19738 0.881307
0.198931 0.881307
0.198931 0.561295
0.173746 0.561295
0.173746 0.471113
0.164071 0.471113
0.164071 0.650405
0.0845475 0.650405
0.0845475 0.624295
0.0329183 0.624295
0.0329183 0.569807
0.0761306 0.569807
0.0761306 0.545731
0.000137355 0.545731
0.000137355 0.28173
0.0199155 0.28173
0.0199155 0.494249
0.000673311 0.494249
0.000673311 0.536416
0.0179027 0.536416
0.0179027 0.495718
0.0338096 0.495718
0.0338096 0.510617
0.11054 0.510617
0.11054 0.570486
0.112432 0.570486
0.112432 0.588799
0.121145 0.588799
0.121145 0.599183
0.115627 0.599183
0.115627 0.614166
0.121818 0.614166
0.121818 0.582154
0.121731 0.582154
0.121731 0.498774
0.121565 0.498774
0.121565 0.464035
0.126546 0.464035
0.126546 0.415635
0.143048 0.415635
0.143048 0.404766
0.0295994 0.404766
0.0295994 0.381513
0.0540024 0.381513
0.0540024 0.382077
0.215869 0.382077
0.215869 0.384
0.20745 0.384
0.20745 0.625208
0.270525 0.625208
0.270525 0.577133
0.302555 0.577133
0.302555 0.448399
0.36686 0.448399
0.36686 0.443653
0.369379 0.443653
0.369379 0.373175
0.373733 0.373175
0.373733 0.440269
0.498562 0.440269
0.498562 0.439925
0.376723 0.439925
0.376723 0.355952
0.411429 0.355952
0.411429 0.357121
0.463021 0.357121
0.463021 0.372034
0.48143 0.372034
0.48143 0.378972
0.496659 0.378972
0.496659 0.370927
0.515148 0.370927
0.515148 0.438831
0.525359 0.438831
0.525359 0.477051
0.538233 0.477051
0.538233 0.491557
0.597188 0.491557
0.597188 0.309072
0.598434 0.309072
0.598434 0.408308
0.603252 0.408308
0.603252 0.408856
0.600156 0.408856
0.600156 0.544754
0.460719 0.544754
0.460719 0.539239
0.477716 0.539239
0.477716 0.521674
0.503024 0.521674
0.503024 0.510587
0.495482 0.510587
0.495482 0.507309
0.410441 0.507309
0.410441 0.546869
0.416628 0.546869
0.416628 0.605562
0.47246 0.605562
0.47246 0.60055
0.500279 0.60055
0.500279 0.597396
0.522061 0.597396
0.522061 0.597639
0.917323 0.597639
0.917323 0.554131
0.811916 0.554131
0.811916 0.459723
0.7425 0.459723
0.7425 0.460715
0.657254 0.460715
0.657254 0.438854
0.618224 0.438854
0.618224 0.373101
0.677165 0.373101
0.677165 0.364203
0.631421 0.364203
0.631421 0.293363
0.667273 0.293363
0.667273 0.359085
0.671954 0.359085
0.671954 0.279798
0.637451 0.279798
0.637451 0.270032
0.684025 0.270032
0.684025 0.26622
0.557606 0.26622
0.557606 0.261579
0.697847 0.261579
0.697847 0.260152
0.702501 0.260152
0.702501 0.238545
0.127929 0.238545
0.127929 0.24779
0 0.24779
0 0.237154
0.591438 0.237154
0.591438 0.224364
0.544193 0.224364
0.544193 0.215864
0.960033 0.215864
0.960033 0.150489
0.913781 0.150489
0.913781 0.130328
0.811514 0.130328
0.811514 0.190606
0.787954 0.190606
0.787954 0.211071
0.766994 0.211071
0.766994 0.170118
0.545848 0.170118
0.545848 0.205039
0.46333 0.205039
0.46333 0.200471
0.44849 0.200471
0.44849 0.206954
0.225351 0.206954
0.225351 0.214262
0.188846 0.214262
0.188846 0.20277
0.0260183 0.20277
0.0260183 0.202456
0.334993 0.202456
0.334993 0.157908
0.415523 0.157908
0.415523 0.13969
0.02148 0.13969
0.02148 0.135382
0.00929973 0.135382
0.00929973 0.108038
0.153531 0.108038
0.153531 0.0880148
0.220439 0.0880148
0.220439 0.0794887
0.100629 0.0794887
0.100629 0.0716934
0.0428497 0.0716934
0.0428497 0.0811842
0.0391761 0.0811842
0.0391761 0.0707754
0.250814 0.0707754
0.250814 0.0601394
0.604738 0.0601394
0.604738 0.052407
0.575442 0.052407
0.575442 0.0498264
0.309461 0.0498264
0.309461 0.0262503
0.296365 0.0262503
0.296365 0.0161081
0.0699292 0.0161081
0.0699292 0.0153932
0.312779 0.0153932
0.312779 0.0201501
0.410304 0.0201501
0.410304 0.0216692
0.574505 0.0216692
0.574505 0.00876313
0.473794 0.00876313
0.473794 0
0.992345 0
0.992345 0.00649481
0.713453 0.00649481
0.713453 0.00935409
0.787793 0.00935409
0.787793 0.0242018
0.749958 0.0242018
0.749958 0.0746894
0.850885 0.0746894
0.850885 0.0770727
0.730872 0.0770727
0.730872 0.0284534
0.501626 0.0284534
0.501626 0.0319481
0.716289 0.0319481
0.716289 0.0460586
0.680041 0.0460586
0.680041 0.0621885
0.261726 0.0621885
0.261726 0.131077
0.417797 0.131077
0.417797 0.106126
0.303532 0.106126
0.303532 0.0903297
0.430082 0.0903297
0.430082 0.165461
0.457493 0.165461
0.457493 0.112837
0.527526 0.112837
0.527526 0.129922
0.731095 0.129922
0.731095 0.0960259
0.785674 0.0960259
0.785674 0.0924471
0.945337 0.0924471
0.945337 0.0882518
0.964772 0.0882518
0.964772 0.232461
0.832345 0.232461
0.832345 0.228429
0.947574 0.228429
0.947574 0.21749
0.647096 0.21749
0.647096 0.235193
0.92778 0.235193
0.92778 0.235273
0.724186 0.235273
0.724186 0.267141
0.969656 0.267141
0.969656 0.281497
0.672248 0.281497
0.672248 0.294674
0.682636 0.294674
0.682636 0.445499
0.738367 0.445499
0.738367 0.367892
0.684636 0.367892
0.684636 0.366476
0.755173 0.366476
0.755173 0.358867
0.691453 0.358867
0.691453 0.35259
0.733184 0.35259
0.733184 0.352346
0.694108 0.352346
0.694108 0.352279
0.745434 0.352279
0.745434 0.302375
0.918183 0.302375
0.918183 0.301064
0.815002 0.301064
0.815002 0.288811
0.887482 0.288811
0.887482 0.286402
0.923739 0.286402
0.923739 0.281847
1 0.281847
1 0.28377
0.985218 0.28377
0.985218 0.28516
0.966752 0.28516
0.966752 0.377271
0.96592 0.377271
0.96592 0.291004
0.962475 0.291004
0.962475 0.306287
0.758599 0.306287
0.758599 0.402748
0.762122 0.402748
0.762122 0.345299
0.776808 0.345299
0.776808 0.318526
0.847875 0.318526
0.847875 0.413251
0.816785 0.413251
0.816785 0.475694
0.888421 0.475694
0.888421 0.527872
0.95939 0.527872
0.95939 0.563631
0.965294 0.563631
0.965294 0.566527
0.949646 0.566527
0.949646 0.613928
0.621893 0.613928
0.621893 0.609943
0.396958 0.609943
0.396958 0.586141
0.385654 0.586141
0.385654 0.560114
0.359234 0.560114
0.359234 0.687999
0.394757 0.687999
0.394757 0.695113
0.444924 0.695113
0.444924 0.698717
0.510172 0.698717
0.510172 0.708903
0.492167 0.708903
0.492167 0.710162
0.565556 0.710162
0.565556 0.693624
0.63848 0.693624
0.63848 0.984373
0.651573 0.984373
0.651573 0.706731
0.654733 0.706731
0.654733 0.971217
0.668929 0.971217
0.668929 0.799838
0.674695 0.799838
0.674695 0.908928
0.747667 0.908928
0.747667 0.833779
0.760195 0.833779
0.760195 0.721844
0.706764 0.721844
0.706764 0.749341
0.704854 0.749341
0.704854 0.797903
0.690581 0.797903
0.690581 0.746607
0.697925 0.746607
0.697925 0.709509
0.72016 0.709509
0.72016 0.669184
0.724662 0.669184
0.724662 0.653662
0.980222 0.653662
0.980222 0.600345
0.989612 0.600345
0.989612 0.659001
0.809182 0.659001
0.809182 0.759924
0.764322 0.759924
0.764322 0.771689
0.790891 0.771689
0.790891 0.834304
0.750012 0.834304
0.750012 0.843904
0.888921 0.843904
0.888921 0.761006
0.906972 0.761006
0.906972 0.718474
0.981138 0.718474
0.981138 0.740944
0.990614 0.740944
0.990614 0.743747
0.909311 0.743747
0.909311 0.949987
0.922634 0.949987
0.922634 0.985803
0.938546 0.985803
0.938546 0.970141
0.959397 0.970141
0.959397 0.79349
0.971628 0.79349
0.971628 0.899938
0.985614 0.899938
0.985614 0.760585
0.989941 0.760585
0.989941 0.978116
0.948674 0.978116
0.948674 0.989721
0.888145 0.989721
0.888145 0.866956
0.869398 0.866956
0.869398 0.925428
0.778352 0.925428
0.778352 0.930041
0.70412 0.930041
0.70412 0.976449
0.766337 0.976449
0.766337 0.966155
0.826143 0.966155
0.826143 0.982981
0.862285 0.982981
0.862285 0.98819
0.636393 0.98819
0.636393 0.805061
0.574025 0.805061
0.574025 0.785534
0.573103 0.785534
0.573103 0.718322
0.516892 0.718322
0.516892 0.762096
0.424283 0.762096
0.424283 0.718261
0.419572 0.718261
0.419572 0.805341
0.534117 0.805341
0.534117 0.872104
0.520754 0.872104
0.520754 0.888103
0.510384 0.888103
0.510384 0.890507
0.498678 0.890507
0.498678 0.805521
0.403627 0.805521
0.403627 0.706388
0.358156 0.706388
0.358156 0.820218
0.413196 0.820218
0.413196 0.884723
0.373995 0.884723
0.373995 0.92046
0.31494 0.92046
0.31494 0.773302
0.348069 0.773302
0.348069 0.745765
0.300582 0.745765
0.300582 0.68505
0.287514 0.68505
0.287514 0.865501
0.276487 0.865501
0.276487 0.85276
0.246229 0.85276
0.246229 0.97961
0.263001 0.97961
0.263001 0.878602
0.276413 0.878602
0.276413 0.969741
0.266774 0.969741
0.266774 0.975121
0.291195 0.975121
0.291195 0.994425
0.251229 0.994425
0.251229 0.998545
0.222398 0.998545
0.222398 0.778097
0.2339 0.778097
0.2339 0.943734
0.236214 0.943734
0.236214 0.789789
0.269452 0.789789
0.269452 0.663755
0.311187 0.663755
0.311187 0.675831
0.348708 0.675831
0.348708 0.62398
0.334855 0.62398
0.334855 0.564911
0.334041 0.564911
0.334041 0.668495
0.3192 0.668495
0.3192 0.526021
0.312792 0.526021
0.312792 0.522111
0.375478 0.522111
0.375478 0.495788
0.463848 0.495788
0.463848 0.506782
0.486855 0.506782
0.486855 0.456519
0.36307 0.456519
0.36307 0.458472
0.310641 0.458472
0.310641 0.449444
0.303116 0.449444
0.303116 0.636772
0.205399 0.636772
0.205399 0.660089
0.209662 0.660089
0.209662 0.670984
0.213033 0.670984
0.213033 0.689618
0.212163 0.689618
0.212163 0.936296
0.18627 0.936296
0.18627 0.891175
0.145375 0.891175
0.145375 0.948335
0.173392 0.948335
0.173392 0.980193
0.102862 0.980193
0.102862 1
