1024
0.281539 1
0.281539 0.980133
0.236144 0.980133
0.236144 0.976314
0.306657 0.976314
0.306657 0.965323
0.298088 0.965323
0.298088 0.954186
0.471711 0.954186
0.471711 0.947699
0.315005 0.947699
0.315005 0.940734
0.235329 0.940734
0.235329 0.9417
0.168227 0.9417
0.168227 0.942908
0.116301 0.942908
0.116301 0.878354
0.115565 0.878354
0.115565 0.871934
0.111823 0.871934
0.111823 0.859701
0.150063 0.859701
0.150063 0.861494
0.153544 0.861494
0.153544 0.849691
0.145776 0.849691
0.145776 0.84873
0.188704 0.84873
0.188704 0.609048
0.181729 0.609048
0.181729 0.700362
0.182579 0.700362
0.182579 0.714161
0.143436 0.714161
0.143436 0.778352
0.124051 0.778352
0.124051 0.765058
0.105648 0.765058
0.105648 0.701662
0.106829 0.701662
0.106829 0.707941
0.111847 0.707941
0.111847 0.678202
0.111432 0.678202
0.111432 0.697507
0.108709 0.697507
0.108709 0.658251
0.0941643 0.658251
0.0941643 0.650914
0.11282 0.650914
0.11282 0.597446
0.0828807 0.597446
0.0828807 0.511716
0.076747 0.511716
0.076747 0.595089
0.0390559 0.595089
0.0390559 0.587508
0.0732232 0.587508
0.0732232 0.492645
0.0864988 0.492645
0.0864988 0.491313
0.113058 0.491313
0.113058 0.654861
0.118294 0.654861
0.118294 0.640645
0.121396 0.640645
0.121396 0.704596
0.130523 0.704596
0.130523 0.759221
0.132803 0.759221
0.132803 0.653979
0.131806 0.653979
0.131806 0.558813
0.131207 0.558813
0.131207 0.513851
0.135119 0.513851
0.135119 0.686253
0.175022 0.686253
0.175022 0.657038
0.16298 0.657038
0.16298 0.664484
0.139642 0.664484
0.139642 0.456636
0.137696 0.456636
0.137696 0.414625
0.136849 0.414625
0.136849 0.60734
0.135329 0.60734
0.135329 0.413983
0.104604 0.413983
0.104604 0.418167
0.0601593 0.418167
0.0601593 0.426576
0.0537018 0.426576
0.0537018 0.447163
0.0398071 0.447163
0.0398071 0.420347
0.0406682 0.420347
0.0406682 0.389365
0.0719195 0.389365
0.0719195 0.413543
0.149645 0.413543
0.149645 0.484703
0.177555 0.484703
0.177555 0.478136
0.188344 0.478136
0.188344 0.407403
0.195762 0.407403
0.195762 0.527275
0.211476 0.527275
0.211476 0.53984
0.191034 0.53984
0.191034 0.485747
0.158654 0.485747
0.158654 0.49987
0.147205 0.49987
0.147205 0.5133
0.149846 0.5133
0.149846 0.588004
0.225331 0.588004
0.225331 0.366036
0.223456 0.366036
0.223456 0.230366
0.220714 0.230366
0.220714 0.341375
0.214754 0.341375
0.214754 0.368959
0.203746 0.368959
0.203746 0.287509
0.160576 0.287509
0.160576 0.264615
0.151662 0.264615
0.151662 0.27195
0.149318 0.27195
0.149318 0.293919
0.146426 0.293919
0.146426 0.266657
0.143153 0.266657
0.143153 0.276469
0.0893045 0.276469
0.0893045 0.270501
0.0373801 0.270501
0.0373801 0.25853
0.08267 0.25853
0.08267 0.247115
0.0628778 0.247115
0.0628778 0.229071
0.0697785 0.229071
0.0697785 0.178379
0.0653392 0.178379
0.0653392 0.226168
0.0333682 0.226168
0.0333682 0.382225
0.033129 0.382225
0.033129 0.447845
0.0242096 0.447845
0.0242096 0.370598
0.0233257 0.370598
0.0233257 0.342639
0.0239247 0.342639
0.0239247 0.300425
0.023597 0.300425
0.023597 0.334462
0.0166597 0.334462
0.0166597 0.448829
0.0110684 0.448829
0.0110684 0.224994
0.044239 0.224994
0.044239 0.212459
0.0387903 0.212459
0.0387903 0.175876
0.0785612 0.175876
0.0785612 0.172016
0.035786 0.172016
0.035786 0.171869
0 0.171869
0 0.0934569
0.00754183 0.0934569
0.00754183 0.0529332
0.00865128 0.0529332
0.00865128 0.0777561
0.0542829 0.0777561
0.0542829 0.097576
0.0444924 0.097576
0.0444924 0.0856913
0.0348385 0.0856913
0.0348385 0.121384
0.0112415 0.121384
0.0112415 0.157279
0.0413893 0.157279
0.0413893 0.141528
0.0812785 0.141528
0.0812785 0.24034
0.0918251 0.24034
0.0918251 0.12132
0.0936118 0.12132
0.0936118 0.242009
0.0936349 0.242009
0.0936349 0.24523
0.123713 0.24523
0.123713 0.264227
0.219111 0.264227
0.219111 0.210301
0.204815 0.210301
0.204815 0.20407
0.210397 0.20407
0.210397 0.0922136
0.236558 0.0922136
0.236558 0.0655176
0.237317 0.0655176
0.237317 0.0833416
0.239232 0.0833416
0.239232 0.069915
0.273776 0.069915
0.273776 0.119125
0.27887 0.119125
0.27887 0.226987
0.271585 0.226987
0.271585 0.210747
0.249643 0.210747
0.249643 0.358262
0.250165 0.358262
0.250165 0.335561
0.251023 0.335561
0.251023 0.592637
0.268566 0.592637
0.268566 0.403173
0.264337 0.403173
0.264337 0.521268
0.26077 0.521268
0.26077 0.481773
0.260204 0.481773
0.260204 0.260763
0.275879 0.260763
0.275879 0.245001
0.286347 0.245001
0.286347 0.27681
0.277741 0.27681
0.277741 0.366024
0.270714 0.366024
0.270714 0.616987
0.281241 0.616987
0.281241 0.655494
0.248149 0.655494
0.248149 0.303856
0.243598 0.303856
0.243598 0.204133
0.242407 0.204133
0.242407 0.137963
0.254187 0.137963
0.254187 0.13358
0.238798 0.13358
0.238798 0.0927482
0.237309 0.0927482
0.237309 0.0959115
0.222967 0.0959115
0.222967 0.175084
0.231358 0.175084
0.231358 0.134092
0.233603 0.134092
0.233603 0.144536
0.233598 0.144536
0.233598 0.254609
0.226633 0.254609
0.226633 0.346128
0.230574 0.346128
0.230574 0.605241
0.204467 0.605241
0.204467 0.674313
0.18972 0.674313
0.18972 0.736381
0.192556 0.736381
0.192556 0.834722
0.216984 0.834722
0.216984 0.868298
0.200229 0.868298
0.200229 0.860761
0.165662 0.860761
0.165662 0.868925
0.144018 0.868925
0.144018 0.929624
0.221294 0.929624
0.221294 0.930115
0.223526 0.930115
0.223526 0.922416
0.464428 0.922416
0.464428 0.930032
0.446105 0.930032
0.446105 0.933923
0.23508 0.933923
0.23508 0.934271
0.331729 0.934271
0.331729 0.942371
0.365119 0.942371
0.365119 0.944892
0.513629 0.944892
0.513629 0.960598
0.521009 0.960598
0.521009 0.962065
0.546745 0.962065
0.546745 0.898293
0.568657 0.898293
0.568657 0.883077
0.49545 0.883077
0.49545 0.890319
0.520713 0.890319
0.520713 0.906197
0.494606 0.906197
0.494606 0.907886
0.288298 0.907886
0.288298 0.878958
0.345762 0.878958
0.345762 0.87981
0.436376 0.87981
0.436376 0.869742
0.520188 0.869742
0.520188 0.854786
0.484959 0.854786
0.484959 0.850048
0.552269 0.850048
0.552269 0.854492
0.58479 0.854492
0.58479 0.863167
0.67529 0.863167
0.67529 0.862581
0.645566 0.862581
0.645566 0.856821
0.651349 0.856821
0.651349 0.842733
0.488577 0.842733
0.488577 0.839558
0.464285 0.839558
0.464285 0.83717
0.697748 0.83717
0.697748 0.853423
0.701459 0.853423
0.701459 0.862282
0.694515 0.862282
0.694515 0.865647
0.782293 0.865647
0.782293 0.858865
0.793475 0.858865
0.793475 0.865638
0.820867 0.865638
0.820867 0.867795
0.827125 0.867795
0.827125 0.867996
0.679089 0.867996
0.679089 0.871978
0.437207 0.871978
0.437207 0.896452
0.366631 0.896452
0.366631 0.901081
0.439476 0.901081
0.439476 0.89564
0.445744 0.89564
0.445744 0.880564
0.53587 0.880564
0.53587 0.872948
0.572071 0.872948
0.572071 0.948378
0.590976 0.948378
0.590976 0.922105
0.760626 0.922105
0.760626 0.916781
0.830841 0.916781
0.830841 0.914357
0.896419 0.914357
0.896419 0.745519
0.89465 0.745519
0.89465 0.661637
0.913302 0.661637
0.913302 0.658215
0.887973 0.658215
0.887973 0.675993
0.877196 0.675993
0.877196 0.689767
0.858401 0.689767
0.858401 0.675296
0.858705 0.675296
0.858705 0.659374
0.851692 0.659374
0.851692 0.613103
0.848437 0.613103
0.848437 0.594663
0.888039 0.594663
0.888039 0.553001
0.840289 0.553001
0.840289 0.464218
0.835814 0.464218
0.835814 0.258325
0.834425 0.258325
0.834425 0.172809
0.836996 0.172809
0.836996 0.255938
0.84631 0.255938
0.84631 0.293966
0.868432 0.293966
0.868432 0.302153
0.859353 0.302153
0.859353 0.372481
0.841067 0.372481
0.841067 0.433158
0.852457 0.433158
0.852457 0.42042
0.853852 0.42042
0.853852 0.535233
0.870441 0.535233
0.870441 0.128757
0.842136 0.128757
0.842136 0.0728584
0.825251 0.0728584
0.825251 0.125688
0.81969 0.125688
0.81969 0.179302
0.806298 0.179302
0.806298 0.244171
0.815143 0.244171
0.815143 0.34443
0.800801 0.34443
0.800801 0.342096
0.795598 0.342096
0.795598 0.347548
0.791596 0.347548
0.791596 0.417439
0.765894 0.417439
0.765894 0.421192
0.758836 0.421192
0.758836 0.353468
0.715076 0.353468
0.715076 0.377891
0.735069 0.377891
0.735069 0.46017
0.780473 0.46017
0.780473 0.617449
0.790499 0.617449
0.790499 0.622793
0.766358 0.622793
0.766358 0.640315
0.690056 0.640315
0.690056 0.655839
0.756487 0.655839
0.756487 0.67868
0.676053 0.67868
0.676053 0.657454
0.674527 0.657454
0.674527 0.657773
0.667989 0.657773
0.667989 0.676487
0.653154 0.676487
0.653154 0.677104
0.582342 0.677104
0.582342 0.678832
0.624288 0.678832
0.624288 0.697139
0.620599 0.697139
0.620599 0.749194
0.609752 0.749194
0.609752 0.762329
0.571542 0.762329
0.571542 0.779541
0.600589 0.779541
0.600589 0.792173
0.647082 0.792173
0.647082 0.822789
0.633806 0.822789
0.633806 0.825684
0.554011 0.825684
0.554011 0.820702
0.591367 0.820702
0.591367 0.816328
0.553042 0.816328
0.553042 0.770672
0.55682 0.770672
0.55682 0.745012
0.569951 0.745012
0.569951 0.745436
0.596098 0.745436
0.596098 0.741873
0.58157 0.741873
0.58157 0.725058
0.559542 0.725058
0.559542 0.706656
0.608607 0.706656
0.608607 0.681418
0.523419 0.681418
0.523419 0.683526
0.518203 0.683526
0.518203 0.712072
0.510518 0.712072
0.510518 0.767011
0.478818 0.767011
0.478818 0.774451
0.486073 0.774451
0.486073 0.772213
0.503625 0.772213
0.503625 0.783455
0.512468 0.783455
0.512468 0.814853
0.500458 0.814853
0.500458 0.814613
0.436083 0.814613
0.436083 0.821751
0.431803 0.821751
0.431803 0.827817
0.529515 0.827817
0.529515 0.833952
0.36046 0.833952
0.36046 0.817501
0.355336 0.817501
0.355336 0.722123
0.372593 0.722123
0.372593 0.690097
0.379675 0.690097
0.379675 0.720351
0.378825 0.720351
0.378825 0.829769
0.383259 0.829769
0.383259 0.235951
0.381906 0.235951
0.381906 0.281792
0.366344 0.281792
0.366344 0.30063
0.320272 0.30063
0.320272 0.303825
0.359576 0.303825
0.359576 0.546292
0.362006 0.546292
0.362006 0.578798
0.351673 0.578798
0.351673 0.430648
0.336783 0.430648
0.336783 0.422742
0.353217 0.422742
0.353217 0.457089
0.356483 0.457089
0.356483 0.31082
0.317051 0.31082
0.317051 0.299048
0.354604 0.299048
0.354604 0.298405
0.294454 0.298405
0.294454 0.215829
0.288412 0.215829
0.288412 0.210071
0.295172 0.210071
0.295172 0.169788
0.289214 0.169788
0.289214 0.140698
0.289094 0.140698
0.289094 0.132467
0.2885 0.132467
0.2885 0.129969
0.304696 0.129969
0.304696 0.165575
0.301493 0.165575
0.301493 0.242112
0.303169 0.242112
0.303169 0.243537
0.309893 0.243537
0.309893 0.00842015
0.257066 0.00842015
0.257066 0.0280516
0.277375 0.0280516
0.277375 0.0311372
0.113327 0.0311372
0.113327 0.0464886
0.0979409 0.0464886
0.0979409 0.0341503
0.0995798 0.0341503
0.0995798 0.0338614
0.0727731 0.0338614
0.0727731 0.0280317
0.113022 0.0280317
0.113022 0.0279384
0.124249 0.0279384
0.124249 0.0231847
0.190599 0.0231847
0.190599 0.00636669
0.298726 0.00636669
0.298726 0.00357056
0.381681 0.00357056
0.381681 0.00567094
0.379768 0.00567094
0.379768 0.00833231
0.377921 0.00833231
0.377921 0.0190789
0.339038 0.0190789
0.339038 0.11891
0.314656 0.11891
0.314656 0.286466
0.295422 0.286466
0.295422 0.29626
0.364173 0.29626
0.364173 0.264764
0.376184 0.264764
0.376184 0.246373
0.372414 0.246373
0.372414 0.231358
0.387922 0.231358
0.387922 0.702541
0.391696 0.702541
0.391696 0.423991
0.409148 0.423991
0.409148 0.436643
0.398897 0.436643
0.398897 0.526724
0.392185 0.526724
0.392185 0.70656
0.384852 0.70656
0.384852 0.745308
0.395605 0.745308
0.395605 0.765767
0.400612 0.765767
0.400612 0.801667
0.403709 0.801667
0.403709 0.515036
0.404412 0.515036
0.404412 0.456554
0.404761 0.456554
0.404761 0.48361
0.411825 0.48361
0.411825 0.687357
0.413092 0.687357
0.413092 0.74977
0.433233 0.74977
0.433233 0.670351
0.428363 0.670351
0.428363 0.510366
0.427179 0.510366
0.427179 0.369407
0.422958 0.369407
0.422958 0.500096
0.422662 0.500096
0.422662 0.281551
0.417616 0.281551
0.417616 0.130355
0.417573 0.130355
0.417573 0.216665
0.416852 0.216665
0.416852 0.471848
0.416081 0.471848
0.416081 0.0336094
0.436213 0.0336094
0.436213 0.0122774
0.516256 0.0122774
0.516256 0.0157911
0.546538 0.0157911
0.546538 0.0254456
0.474703 0.0254456
0.474703 0.0494682
0.469425 0.0494682
0.469425 0.052771
0.51274 0.052771
0.51274 0.085942
0.483322 0.085942
0.483322 0.0598654
0.466568 0.0598654
0.466568 0.111079
0.503646 0.111079
0.503646 0.290837
0.563405 0.290837
0.563405 0.292936
0.550703 0.292936
0.550703 0.313389
0.537445 0.313389
0.537445 0.326076
0.5117 0.326076
0.5117 0.316538
0.49324 0.316538
0.49324 0.160919
0.462697 0.160919
0.462697 0.0277377
0.460275 0.0277377
0.460275 0.314266
0.459002 0.314266
0.459002 0.128365
0.454813 0.128365
0.454813 0.0320329
0.451854 0.0320329
0.451854 0.0334305
0.442978 0.0334305
0.442978 0.038085
0.443032 0.038085
0.443032 0.0586042
0.441392 0.0586042
0.441392 0.0354358
0.422166 0.0354358
0.422166 0.212582
0.436043 0.212582
0.436043 0.393651
0.432752 0.393651
0.432752 0.482893
0.440503 0.482893
0.440503 0.610954
0.442141 0.610954
0.442141 0.66985
0.446557 0.66985
0.446557 0.417866
0.454265 0.417866
0.454265 0.563348
0.453136 0.563348
0.453136 0.763122
0.445386 0.763122
0.445386 0.794165
0.418703 0.794165
0.418703 0.750946
0.413153 0.750946
0.413153 0.82148
0.417728 0.82148
0.417728 0.79552
0.440865 0.79552
0.440865 0.800903
0.460993 0.800903
0.460993 0.792204
0.46093 0.792204
0.46093 0.752874
0.461984 0.752874
0.461984 0.757266
0.48513 0.757266
0.48513 0.683388
0.521411 0.683388
0.521411 0.677924
0.504283 0.677924
0.504283 0.676216
0.654998 0.676216
0.654998 0.613431
0.698148 0.613431
0.698148 0.612816
0.650467 0.612816
0.650467 0.672154
0.615548 0.672154
0.615548 0.562772
0.604749 0.562772
0.604749 0.650179
0.600113 0.650179
0.600113 0.537455
0.611366 0.537455
0.611366 0.537578
0.615097 0.537578
0.615097 0.516989
0.625836 0.516989
0.625836 0.571559
0.647007 0.571559
0.647007 0.584693
0.668064 0.584693
0.668064 0.476893
0.631548 0.476893
0.631548 0.534858
0.629207 0.534858
0.629207 0.473963
0.634088 0.473963
0.634088 0.460152
0.673344 0.460152
0.673344 0.533276
0.677285 0.533276
0.677285 0.46858
0.677365 0.46858
0.677365 0.575861
0.677862 0.575861
0.677862 0.487931
0.689773 0.487931
0.689773 0.499572
0.698153 0.499572
0.698153 0.604915
0.676975 0.604915
0.676975 0.611087
0.713906 0.611087
0.713906 0.627077
0.762608 0.627077
0.762608 0.621012
0.770696 0.621012
0.770696 0.579118
0.747113 0.579118
0.747113 0.472548
0.733328 0.472548
0.733328 0.522947
0.70569 0.522947
0.70569 0.447397
0.7068 0.447397
0.7068 0.331346
0.699884 0.331346
0.699884 0.324788
0.71828 0.324788
0.71828 0.322145
0.777053 0.322145
0.777053 0.380181
0.786623 0.380181
0.786623 0.268391
0.781278 0.268391
0.781278 0.257407
0.703213 0.257407
0.703213 0.243735
0.706546 0.243735
0.706546 0.250024
0.763832 0.250024
0.763832 0.235892
0.740071 0.235892
0.740071 0.162665
0.74955 0.162665
0.74955 0.221766
0.770907 0.221766
0.770907 0.0842795
0.720002 0.0842795
0.720002 0.116982
0.740641 0.116982
0.740641 0.136809
0.676436 0.136809
0.676436 0.177592
0.683773 0.177592
0.683773 0.203495
0.665229 0.203495
0.665229 0.189063
0.671187 0.189063
0.671187 0.164981
0.65277 0.164981
0.65277 0.16028
0.64636 0.16028
0.64636 0.143728
0.628811 0.143728
0.628811 0.132131
0.662053 0.132131
0.662053 0.110991
0.608539 0.110991
0.608539 0.0794214
0.578167 0.0794214
0.578167 0.0619666
0.592264 0.0619666
0.592264 0.0718867
0.597285 0.0718867
0.597285 0.00384406
0.593783 0.00384406
0.593783 5.87469e-05
0.599107 5.87469e-05
0.599107 0
0.600244 0
0.600244 0.0392732
0.603525 0.0392732
0.603525 0.0740765
0.620576 0.0740765
0.620576 0.0716138
0.688371 0.0716138
0.688371 0.0442237
0.705893 0.0442237
0.705893 0.00439737
0.708907 0.00439737
0.708907 0.0476775
0.707801 0.0476775
0.707801 0.0551619
0.786003 0.0551619
0.786003 0.0662487
0.770983 0.0662487
0.770983 0.230103
0.772654 0.230103
0.772654 0.234368
0.787485 0.234368
0.787485 0.277168
0.78946 0.277168
0.78946 0.341473
0.802328 0.341473
0.802328 0.113915
0.821946 0.113915
0.821946 0.0524218
0.803098 0.0524218
0.803098 0.0457824
0.82593 0.0457824
0.82593 0.072266
0.831559 0.072266
0.831559 0.0500181
0.87487 0.0500181
0.87487 0.334219
0.871366 0.334219
0.871366 0.411387
0.873463 0.411387
0.873463 0.476301
0.878056 0.476301
0.878056 0.0879356
0.891725 0.0879356
0.891725 0.597065
0.892286 0.597065
0.892286 0.613143
0.900792 0.613143
0.900792 0.59678
0.90703 0.59678
0.90703 0.586072
0.916598 0.586072
0.916598 0.586463
0.921725 0.586463
0.921725 0.641636
0.937705 0.641636
0.937705 0.526016
0.93641 0.526016
0.93641 0.517589
0.935559 0.517589
0.935559 0.486396
0.969233 0.486396
0.969233 0.462338
0.927165 0.462338
0.927165 0.386884
0.943462 0.386884
0.943462 0.367737
0.925041 0.367737
0.925041 0.356326
0.907342 0.356326
0.907342 0.309162
0.914418 0.309162
0.914418 0.257978
0.91659 0.257978
0.91659 0.345422
0.928821 0.345422
0.928821 0.339132
0.918463 0.339132
0.918463 0.230612
0.925463 0.230612
0.925463 0.253235
0.975192 0.253235
0.975192 0.234177
0.932657 0.234177
0.932657 0.195582
0.951216 0.195582
0.951216 0.0776008
0.948854 0.0776008
0.948854 0.12818
0.943419 0.12818
0.943419 0.0875574
0.943671 0.0875574
0.943671 0.00139818
0.944368 0.00139818
0.944368 0.0506316
0.972444 0.0506316
0.972444 0.0780955
0.970484 0.0780955
0.970484 0.143523
0.975522 0.143523
0.975522 0.337075
0.974229 0.337075
0.974229 0.423194
0.987806 0.423194
0.987806 0.438437
0.973675 0.438437
0.973675 0.294534
0.95207 0.294534
0.95207 0.28063
0.922959 0.28063
0.922959 0.336074
0.945031 0.336074
0.945031 0.40499
0.939459 0.40499
0.939459 0.452023
0.97244 0.452023
0.97244 0.485955
0.993143 0.485955
0.993143 0.469064
1 0.469064
1 0.558701
0.996446 0.558701
0.996446 0.667565
0.994427 0.667565
0.994427 0.771119
0.993241 0.771119
0.993241 0.562687
0.981458 0.562687
0.981458 0.615135
0.989509 0.615135
0.989509 0.7899
0.995476 0.7899
0.995476 0.878572
0.995074 0.878572
0.995074 0.966961
0.981346 0.966961
0.981346 0.605956
0.950203 0.605956
0.950203 0.640798
0.977903 0.640798
0.977903 0.663828
0.9086 0.663828
0.9086 0.710143
0.912773 0.710143
0.912773 0.81551
0.89752 0.81551
0.89752 0.90826
0.905065 0.90826
0.905065 0.901854
0.91029 0.901854
0.91029 0.919141
0.795168 0.919141
0.795168 0.929566
0.789001 0.929566
0.789001 0.954081
0.788549 0.954081
0.788549 0.947168
0.78113 0.947168
0.78113 0.932811
0.73164 0.932811
0.73164 0.929469
0.655308 0.929469
0.655308 0.955536
0.608848 0.955536
0.608848 0.948858
0.553265 0.948858
0.553265 0.961975
0.570806 0.961975
0.570806 0.979891
0.576663 0.979891
0.576663 0.991809
0.529049 0.991809
0.529049 0.975722
0.51148 0.975722
0.51148 0.971364
0.522556 0.971364
0.522556 0.962413
0.486506 0.962413
0.486506 0.965014
0.460046 0.965014
0.460046 0.956105
0.399883 0.956105
0.399883 0.971867
0.372328 0.971867
0.372328 0.993767
0.37103 0.993767
0.37103 0.999559
0.397275 0.999559
0.397275 1
