512
0.894401 1
0.894401 0.998021
0.843017 0.998021
0.843017 0.993604
0.542107 0.993604
0.542107 0.936972
0.377268 0.936972
0.377268 0.961317
0.36822 0.961317
0.36822 0.951013
0.364024 0.951013
0.364024 0.934551
0.372315 0.934551
0.372315 0.930071
0.582342 0.930071
0.582342 0.921869
0.404553 0.921869
0.404553 0.908017
0.346934 0.908017
0.346934 0.95279
0.32432 0.95279
0.32432 0.96663
0.0552466 0.96663
0.0552466 0.950097
0.302226 0.950097
0.302226 0.904082
0.203111 0.904082
0.203111 0.908994
0.0656742 0.908994
0.0656742 0.904921
0 0.904921
0 0.864349
0.00322385 0.864349
0.00322385 0.878052
0.0120752 0.878052
0.0120752 0.866054
0.11037 0.866054
0.11037 0.887859
0.115185 0.887859
0.115185 0.881463
0.330224 0.881463
0.330224 0.897553
0.141756 0.897553
0.141756 0.90111
0.352319 0.90111
0.352319 0.906965
0.587968 0.906965
0.587968 0.974791
0.648904 0.974791
0.648904 0.986788
0.847156 0.986788
0.847156 0.968969
0.895142 0.968969
0.895142 0.997686
0.907001 0.997686
0.907001 0.995088
0.907949 0.995088
0.907949 0.857908
0.6654 0.857908
0.6654 0.84633
0.652072 0.84633
0.652072 0.856456
0.640821 0.856456
0.640821 0.846771
0.589527 0.846771
0.589527 0.840218
0.495143 0.840218
0.495143 0.847953
0.545688 0.847953
0.545688 0.853148
0.503081 0.853148
0.503081 0.85006
0.404546 0.85006
0.404546 0.849231
0.373018 0.849231
0.373018 0.605147
0.472904 0.605147
0.472904 0.596955
0.372553 0.596955
0.372553 0.593169
0.274644 0.593169
0.274644 0.760992
0.274651 0.760992
0.274651 0.60482
0.302041 0.60482
0.302041 0.619849
0.346611 0.619849
0.346611 0.62106
0.358502 0.62106
0.358502 0.609625
0.370262 0.609625
0.370262 0.634847
0.368998 0.634847
0.368998 0.65283
0.346098 0.65283
0.346098 0.749212
0.340788 0.749212
0.340788 0.684086
0.329393 0.684086
0.329393 0.672868
0.285002 0.672868
0.285002 0.72859
0.295068 0.72859
0.295068 0.77041
0.277163 0.77041
0.277163 0.771159
0.298926 0.771159
0.298926 0.689649
0.306956 0.689649
0.306956 0.72423
0.330793 0.72423
0.330793 0.819534
0.235557 0.819534
0.235557 0.798796
0.186022 0.798796
0.186022 0.781842
0.181119 0.781842
0.181119 0.760285
0.161207 0.760285
0.161207 0.757187
0.160912 0.757187
0.160912 0.813608
0.0240252 0.813608
0.0240252 0.76571
0.0146033 0.76571
0.0146033 0.504508
0.0265713 0.504508
0.0265713 0.785787
0.151954 0.785787
0.151954 0.740582
0.165504 0.740582
0.165504 0.728279
0.0291094 0.728279
0.0291094 0.551594
0.0613764 0.551594
0.0613764 0.535218
0.0751238 0.535218
0.0751238 0.568417
0.0832711 0.568417
0.0832711 0.575759
0.0694053 0.575759
0.0694053 0.718721
0.0759287 0.718721
0.0759287 0.665093
0.109837 0.665093
0.109837 0.629448
0.195329 0.629448
0.195329 0.516696
0.221064 0.516696
0.221064 0.510647
0.117844 0.510647
0.117844 0.50303
0.247003 0.50303
0.247003 0.510364
0.241034 0.510364
0.241034 0.638135
0.182582 0.638135
0.182582 0.653294
0.120326 0.653294
0.120326 0.68163
0.178685 0.68163
0.178685 0.685297
0.21118 0.685297
0.21118 0.707174
0.163888 0.707174
0.163888 0.724526
0.272175 0.724526
0.272175 0.514445
0.32649 0.514445
0.32649 0.516146
0.430795 0.516146
0.430795 0.512837
0.774138 0.512837
0.774138 0.499623
0.710958 0.499623
0.710958 0.478281
0.706781 0.478281
0.706781 0.486064
0.524576 0.486064
0.524576 0.497052
0.385705 0.497052
0.385705 0.423661
0.43841 0.423661
0.43841 0.416644
0.450209 0.416644
0.450209 0.410127
0.389595 0.410127
0.389595 0.409436
0.528361 0.409436
0.528361 0.432641
0.541702 0.432641
0.541702 0.41246
0.637122 0.41246
0.637122 0.400023
0.641942 0.400023
0.641942 0.423712
0.551814 0.423712
0.551814 0.462193
0.516796 0.462193
0.516796 0.444915
0.512055 0.444915
0.512055 0.438089
0.486301 0.438089
0.486301 0.436228
0.42066 0.436228
0.42066 0.483293
0.655117 0.483293
0.655117 0.361546
0.65878 0.361546
0.65878 0.229118
0.711781 0.229118
0.711781 0.218323
0.88808 0.218323
0.88808 0.312732
0.939277 0.312732
0.939277 0.291182
0.957712 0.291182
0.957712 0.213866
0.93002 0.213866
0.93002 0.216179
0.675393 0.216179
0.675393 0.205092
0.651852 0.205092
0.651852 0.170878
0.653222 0.170878
0.653222 0.170012
0.668511 0.170012
0.668511 0.202082
0.971809 0.202082
0.971809 0.166323
0.969012 0.166323
0.969012 0.142157
0.936242 0.142157
0.936242 0.0799182
0.865221 0.0799182
0.865221 0.0832529
0.931852 0.0832529
0.931852 0.10886
0.852001 0.10886
0.852001 0.0223828
0.790211 0.0223828
0.790211 0.0138512
0.699634 0.0138512
0.699634 0.159157
0.911984 0.159157
0.911984 0.16347
0.692178 0.16347
0.692178 0.138648
0.696752 0.138648
0.696752 0.043103
0.606554 0.043103
0.606554 0.0478803
0.563459 0.0478803
0.563459 0.0241046
0.464347 0.0241046
0.464347 0.211887
0.511291 0.211887
0.511291 0.266398
0.491662 0.266398
0.491662 0.291216
0.564395 0.291216
0.564395 0.160232
0.53376 0.160232
0.53376 0.11991
0.558556 0.11991
0.558556 0.142486
0.568002 0.142486
0.568002 0.34031
0.552546 0.34031
0.552546 0.336236
0.549447 0.336236
0.549447 0.303876
0.530461 0.303876
0.530461 0.294143
0.520338 0.294143
0.520338 0.340983
0.458723 0.340983
0.458723 0.360937
0.442504 0.360937
0.442504 0.355319
0.37363 0.355319
0.37363 0.37576
0.357619 0.37576
0.357619 0.3634
0.215465 0.3634
0.215465 0.297909
0.108017 0.297909
0.108017 0.367527
0.0408255 0.367527
0.0408255 0.37095
0.00917956 0.37095
0.00917956 0.378247
0.00752446 0.378247
0.00752446 0.362335
0.0142542 0.362335
0.0142542 0.341467
0.0173272 0.341467
0.0173272 0.365985
0.0429849 0.365985
0.0429849 0.316635
0.087199 0.316635
0.087199 0.217188
0.0239024 0.217188
0.0239024 0.0965453
0.187127 0.0965453
0.187127 0.106864
0.26506 0.106864
0.26506 0.0894013
0.107447 0.0894013
0.107447 0.0697553
0.0875009 0.0697553
0.0875009 0.0195898
0.175005 0.0195898
0.175005 0.0110246
0.0415579 0.0110246
0.0415579 0.00199598
0.0550128 0.00199598
0.0550128 0
0.193892 0
0.193892 0.0835239
0.241969 0.0835239
0.241969 0.079064
0.264567 0.079064
0.264567 0.00048418
0.266716 0.00048418
0.266716 0.0704458
0.336121 0.0704458
0.336121 0.110304
0.301521 0.110304
0.301521 0.119634
0.188643 0.119634
0.188643 0.129627
0.170503 0.129627
0.170503 0.126338
0.140203 0.126338
0.140203 0.188268
0.190306 0.188268
0.190306 0.225681
0.173887 0.225681
0.173887 0.234984
0.235466 0.234984
0.235466 0.34726
0.263082 0.34726
0.263082 0.237062
0.370996 0.237062
0.370996 0.255965
0.281393 0.255965
0.281393 0.270859
0.269018 0.270859
0.269018 0.279567
0.336008 0.279567
0.336008 0.301268
0.299593 0.301268
0.299593 0.324029
0.358414 0.324029
0.358414 0.327039
0.365465 0.327039
0.365465 0.321565
0.460261 0.321565
0.460261 0.202778
0.382756 0.202778
0.382756 0.17326
0.407777 0.17326
0.407777 0.0614581
0.408114 0.0614581
0.408114 0.169336
0.420019 0.169336
0.420019 0.155769
0.452736 0.155769
0.452736 0.118965
0.460676 0.118965
0.460676 0.0687942
0.463112 0.0687942
0.463112 0.00973267
0.600713 0.00973267
0.600713 0.00121114
0.938834 0.00121114
0.938834 0.0963475
0.971937 0.0963475
0.971937 0.296696
0.96561 0.296696
0.96561 0.29843
0.981014 0.29843
0.981014 0.156161
0.992542 0.156161
0.992542 0.37635
0.944607 0.37635
0.944607 0.373306
0.947856 0.373306
0.947856 0.371275
0.945236 0.371275
0.945236 0.329159
0.978887 0.329159
0.978887 0.314103
0.937958 0.314103
0.937958 0.342371
0.92141 0.342371
0.92141 0.350924
0.853028 0.350924
0.853028 0.322531
0.705119 0.322531
0.705119 0.299272
0.693359 0.299272
0.693359 0.258903
0.767761 0.258903
0.767761 0.261073
0.751779 0.261073
0.751779 0.282435
0.875048 0.282435
0.875048 0.25104
0.675671 0.25104
0.675671 0.39029
0.667506 0.39029
0.667506 0.423111
0.660047 0.423111
0.660047 0.441139
0.683187 0.441139
0.683187 0.4615
0.768168 0.4615
0.768168 0.398162
0.777224 0.398162
0.777224 0.381165
0.995202 0.381165
0.995202 0.384818
1 0.384818
1 0.448065
0.989888 0.448065
0.989888 0.467801
0.979395 0.467801
0.979395 0.485155
0.99283 0.485155
0.99283 0.501382
0.915929 0.501382
0.915929 0.449934
0.922137 0.449934
0.922137 0.422861
0.998537 0.422861
0.998537 0.418443
0.96156 0.418443
0.96156 0.39287
0.878109 0.39287
0.878109 0.385431
0.805559 0.385431
0.805559 0.528496
0.780369 0.528496
0.780369 0.514324
0.627794 0.514324
0.627794 0.525331
0.343177 0.525331
0.343177 0.534758
0.457177 0.534758
0.457177 0.541153
0.627077 0.541153
0.627077 0.552388
0.33239 0.552388
0.33239 0.555884
0.30114 0.555884
0.30114 0.576661
0.586659 0.576661
0.586659 0.588875
0.59925 0.588875
0.59925 0.628531
0.617916 0.628531
0.617916 0.619365
0.723812 0.619365
0.723812 0.603834
0.731935 0.603834
0.731935 0.607646
0.838018 0.607646
0.838018 0.638779
0.852843 0.638779
0.852843 0.699534
0.83021 0.699534
0.83021 0.661482
0.824943 0.661482
0.824943 0.702143
0.885606 0.702143
0.885606 0.710514
0.615795 0.710514
0.615795 0.703899
0.766545 0.703899
0.766545 0.676027
0.63353 0.676027
0.63353 0.687585
0.631984 0.687585
0.631984 0.659336
0.534281 0.659336
0.534281 0.637084
0.519472 0.637084
0.519472 0.651313
0.500842 0.651313
0.500842 0.71691
0.4278 0.71691
0.4278 0.657871
0.491921 0.657871
0.491921 0.610641
0.373818 0.610641
0.373818 0.785259
0.376605 0.785259
0.376605 0.841966
0.418809 0.841966
0.418809 0.827047
0.457107 0.827047
0.457107 0.827783
0.635208 0.827783
0.635208 0.838087
0.760029 0.838087
0.760029 0.832885
0.874972 0.832885
0.874972 0.851028
0.911378 0.851028
0.911378 1
