1024
0.227541 1
0.227541 0.98943
0.354866 0.98943
0.354866 0.992903
0.41777 0.992903
0.41777 0.92006
0.369021 0.92006
0.369021 0.926548
0.345634 0.926548
0.345634 0.906392
0.424438 0.906392
0.424438 0.889369
0.397771 0.889369
0.397771 0.888533
0.274347 0.888533
0.274347 0.853185
0.342932 0.853185
0.342932 0.845048
0.275398 0.845048
0.275398 0.82638
0.269085 0.82638
0.269085 0.844561
0.188944 0.844561
0.188944 0.812174
0.18485 0.812174
0.18485 0.811629
0.177363 0.811629
0.177363 0.806077
0.156638 0.806077
0.156638 0.822304
0.153754 0.822304
0.153754 0.853509
0.127616 0.853509
0.127616 0.894448
0.129875 0.894448
0.129875 0.915129
0.139813 0.915129
0.139813 0.984401
0.142604 0.984401
0.142604 0.853936
0.169435 0.853936
0.169435 0.859198
0.166046 0.859198
0.166046 0.892245
0.204936 0.892245
0.204936 0.896206
0.16628 0.896206
0.16628 0.896479
0.160502 0.896479
0.160502 0.906209
0.150989 0.906209
0.150989 0.909359
0.153988 0.909359
0.153988 0.933645
0.161648 0.933645
0.161648 0.974011
0.150262 0.974011
0.150262 0.997436
0.129452 0.997436
0.129452 0.97222
0.136585 0.97222
0.136585 0.949528
0.125773 0.949528
0.125773 0.990128
0.121513 0.990128
0.121513 0.985764
0.123159 0.985764
0.123159 0.97363
0.119992 0.97363
0.119992 0.942238
0.115509 0.942238
0.115509 0.960378
0.118158 0.960378
0.118158 0.976382
0.0794248 0.976382
0.0794248 0.977382
0.108089 0.977382
0.108089 0.978029
0.0758898 0.978029
0.0758898 0.942055
0.0863254 0.942055
0.0863254 0.97068
0.102562 0.97068
0.102562 0.961307
0.0994195 0.961307
0.0994195 0.941288
0.11678 0.941288
0.11678 0.920229
0.0133163 0.920229
0.0133163 0.714437
0.00987726 0.714437
0.00987726 0.657745
0.010248 0.657745
0.010248 0.655143
0.0244202 0.655143
0.0244202 0.64724
0.0287053 0.64724
0.0287053 0.671132
0.0294041 0.671132
0.0294041 0.549848
0.0387393 0.549848
0.0387393 0.536579
0.042957 0.536579
0.042957 0.578317
0.0547355 0.578317
0.0547355 0.543754
0.0576918 0.543754
0.0576918 0.497829
0.0539849 0.497829
0.0539849 0.358191
0.045958 0.358191
0.045958 0.339935
0.0372312 0.339935
0.0372312 0.313431
0.0633299 0.313431
0.0633299 0.328035
0.0686695 0.328035
0.0686695 0.378652
0.063081 0.378652
0.063081 0.640757
0.060859 0.640757
0.060859 0.554232
0.0594922 0.554232
0.0594922 0.521841
0.0598927 0.521841
0.0598927 0.33588
0.0592715 0.33588
0.0592715 0.732395
0.0782535 0.732395
0.0782535 0.631345
0.0846836 0.631345
0.0846836 0.264021
0.0851711 0.264021
0.0851711 0.606246
0.0861497 0.606246
0.0861497 0.0554709
0.0787276 0.0554709
0.0787276 0.055227
0.00756011 0.055227
0.00756011 0.030589
0 0.030589
0 0.0213088
0.000476706 0.0213088
0.000476706 0
0.000866118 0
0.000866118 0.00497269
0.00367939 0.00497269
0.00367939 0.024866
0.0291834 0.024866
0.0291834 0.0116917
0.00418501 0.0116917
0.00418501 0.0103546
0.0419587 0.0103546
0.0419587 0.0149587
0.05905 0.0149587
0.05905 0.0177531
0.0298732 0.0177531
0.0298732 0.0228463
0.0712642 0.0228463
0.0712642 0.0221938
0.0735303 0.0221938
0.0735303 0.0422625
0.0723898 0.0422625
0.0723898 0.0533074
0.0771266 0.0533074
0.0771266 0.0449782
0.079477 0.0449782
0.079477 0.0099332
0.00874693 0.0099332
0.00874693 0.0074966
0.0836982 0.0074966
0.0836982 0.00512416
0.116374 0.00512416
0.116374 0.0533624
0.0779376 0.0533624
0.0779376 0.0549482
0.097469 0.0549482
0.097469 0.178994
0.100048 0.178994
0.100048 0.19516
0.094496 0.19516
0.094496 0.737602
0.0802909 0.737602
0.0802909 0.738043
0.0548055 0.738043
0.0548055 0.591208
0.0469218 0.591208
0.0469218 0.622836
0.0371657 0.622836
0.0371657 0.695234
0.0253286 0.695234
0.0253286 0.669618
0.0239387 0.669618
0.0239387 0.762056
0.021038 0.762056
0.021038 0.83716
0.0202168 0.83716
0.0202168 0.770362
0.0144084 0.770362
0.0144084 0.840834
0.0271836 0.840834
0.0271836 0.919929
0.0979955 0.919929
0.0979955 0.908878
0.120218 0.908878
0.120218 0.945631
0.125901 0.945631
0.125901 0.863254
0.125948 0.863254
0.125948 0.928483
0.135052 0.928483
0.135052 0.922818
0.126681 0.922818
0.126681 0.853357
0.127028 0.853357
0.127028 0.792333
0.160476 0.792333
0.160476 0.80036
0.190114 0.80036
0.190114 0.785524
0.247049 0.785524
0.247049 0.784366
0.22095 0.784366
0.22095 0.770419
0.218563 0.770419
0.218563 0.760894
0.164932 0.760894
0.164932 0.753206
0.162728 0.753206
0.162728 0.778392
0.143075 0.778392
0.143075 0.743271
0.151616 0.743271
0.151616 0.743601
0.146523 0.743601
0.146523 0.746618
0.180321 0.746618
0.180321 0.736155
0.180034 0.736155
0.180034 0.540747
0.167343 0.540747
0.167343 0.532326
0.180479 0.532326
0.180479 0.467794
0.184 0.467794
0.184 0.245348
0.161636 0.245348
0.161636 0.208661
0.163581 0.208661
0.163581 0.236959
0.16367 0.236959
0.16367 0.175632
0.191718 0.175632
0.191718 0.12943
0.159178 0.12943
0.159178 0.102172
0.170492 0.102172
0.170492 0.108255
0.237461 0.108255
0.237461 0.153162
0.254746 0.153162
0.254746 0.133354
0.323472 0.133354
0.323472 0.153089
0.432206 0.153089
0.432206 0.176192
0.368081 0.176192
0.368081 0.176748
0.306672 0.176748
0.306672 0.182293
0.369161 0.182293
0.369161 0.183617
0.494359 0.183617
0.494359 0.657245
0.494563 0.657245
0.494563 0.762246
0.499745 0.762246
0.499745 0.83242
0.499384 0.83242
0.499384 0.867207
0.506709 0.867207
0.506709 0.857285
0.514696 0.857285
0.514696 0.814944
0.505617 0.814944
0.505617 0.806058
0.502979 0.806058
0.502979 0.797215
0.525381 0.797215
0.525381 0.812692
0.51686 0.812692
0.51686 0.872845
0.497999 0.872845
0.497999 0.861472
0.492702 0.861472
0.492702 0.403055
0.49014 0.403055
0.49014 0.322696
0.492834 0.322696
0.492834 0.253333
0.465718 0.253333
0.465718 0.280842
0.468779 0.280842
0.468779 0.303899
0.461314 0.303899
0.461314 0.336684
0.473198 0.336684
0.473198 0.340283
0.476801 0.340283
0.476801 0.355815
0.460986 0.355815
0.460986 0.390522
0.473691 0.390522
0.473691 0.428521
0.463301 0.428521
0.463301 0.489808
0.448562 0.489808
0.448562 0.620151
0.450484 0.620151
0.450484 0.6233
0.466938 0.6233
0.466938 0.560781
0.470548 0.560781
0.470548 0.654296
0.470137 0.654296
0.470137 0.69302
0.460886 0.69302
0.460886 0.689656
0.462537 0.689656
0.462537 0.62695
0.457443 0.62695
0.457443 0.660861
0.455225 0.660861
0.455225 0.640096
0.449905 0.640096
0.449905 0.666556
0.44369 0.666556
0.44369 0.410359
0.447486 0.410359
0.447486 0.391911
0.443155 0.391911
0.443155 0.372205
0.448693 0.372205
0.448693 0.379582
0.451009 0.379582
0.451009 0.236876
0.477876 0.236876
0.477876 0.232791
0.26387 0.232791
0.26387 0.219042
0.454182 0.219042
0.454182 0.225116
0.478488 0.225116
0.478488 0.187741
0.354784 0.187741
0.354784 0.185024
0.338113 0.185024
0.338113 0.198312
0.261619 0.198312
0.261619 0.202696
0.253948 0.202696
0.253948 0.200106
0.247966 0.200106
0.247966 0.183353
0.285072 0.183353
0.285072 0.180193
0.210761 0.180193
0.210761 0.17678
0.254678 0.17678
0.254678 0.173929
0.231779 0.173929
0.231779 0.164092
0.202765 0.164092
0.202765 0.175659
0.200738 0.175659
0.200738 0.200829
0.204935 0.200829
0.204935 0.271099
0.204537 0.271099
0.204537 0.55244
0.202345 0.55244
0.202345 0.498406
0.195378 0.498406
0.195378 0.229813
0.191908 0.229813
0.191908 0.261428
0.187555 0.261428
0.187555 0.254249
0.185105 0.254249
0.185105 0.396234
0.184158 0.396234
0.184158 0.740727
0.185143 0.740727
0.185143 0.740839
0.228741 0.740839
0.228741 0.741494
0.207756 0.741494
0.207756 0.751422
0.205067 0.751422
0.205067 0.75768
0.290462 0.75768
0.290462 0.746654
0.294611 0.746654
0.294611 0.721407
0.295769 0.721407
0.295769 0.668895
0.29649 0.668895
0.29649 0.711519
0.307997 0.711519
0.307997 0.588686
0.299676 0.588686
0.299676 0.575876
0.312019 0.575876
0.312019 0.592873
0.314048 0.592873
0.314048 0.685211
0.314813 0.685211
0.314813 0.595226
0.314946 0.595226
0.314946 0.332167
0.291802 0.332167
0.291802 0.498286
0.287148 0.498286
0.287148 0.492193
0.280427 0.492193
0.280427 0.310675
0.269078 0.310675
0.269078 0.612767
0.25442 0.612767
0.25442 0.627648
0.246878 0.627648
0.246878 0.629554
0.244639 0.629554
0.244639 0.402356
0.249032 0.402356
0.249032 0.391101
0.236772 0.391101
0.236772 0.386332
0.251217 0.386332
0.251217 0.565508
0.26462 0.565508
0.26462 0.296695
0.259398 0.296695
0.259398 0.295101
0.272041 0.295101
0.272041 0.287139
0.404289 0.287139
0.404289 0.286201
0.22013 0.286201
0.22013 0.256822
0.410301 0.256822
0.410301 0.258294
0.413583 0.258294
0.413583 0.290966
0.398565 0.290966
0.398565 0.302514
0.436048 0.302514
0.436048 0.312981
0.283078 0.312981
0.283078 0.326275
0.322758 0.326275
0.322758 0.345543
0.383985 0.345543
0.383985 0.35615
0.385981 0.35615
0.385981 0.393825
0.37354 0.393825
0.37354 0.470512
0.3638 0.470512
0.3638 0.661079
0.3928 0.661079
0.3928 0.373253
0.411603 0.373253
0.411603 0.370513
0.424083 0.370513
0.424083 0.401805
0.430805 0.401805
0.430805 0.441772
0.435756 0.441772
0.435756 0.503544
0.428772 0.503544
0.428772 0.447806
0.418927 0.447806
0.418927 0.381342
0.393091 0.381342
0.393091 0.424343
0.393587 0.424343
0.393587 0.403214
0.414529 0.403214
0.414529 0.525521
0.407034 0.525521
0.407034 0.682387
0.411168 0.682387
0.411168 0.721223
0.359107 0.721223
0.359107 0.481751
0.357316 0.481751
0.357316 0.456695
0.358412 0.456695
0.358412 0.417643
0.358644 0.417643
0.358644 0.375222
0.368159 0.375222
0.368159 0.358565
0.368276 0.358565
0.368276 0.349769
0.322412 0.349769
0.322412 0.434174
0.337063 0.434174
0.337063 0.642431
0.335135 0.642431
0.335135 0.566812
0.326746 0.566812
0.326746 0.653216
0.332857 0.653216
0.332857 0.706569
0.317176 0.706569
0.317176 0.692171
0.318312 0.692171
0.318312 0.574306
0.315418 0.574306
0.315418 0.760924
0.297021 0.760924
0.297021 0.759399
0.264582 0.759399
0.264582 0.763579
0.273605 0.763579
0.273605 0.790654
0.190185 0.790654
0.190185 0.801033
0.230267 0.801033
0.230267 0.818632
0.226974 0.818632
0.226974 0.824723
0.216914 0.824723
0.216914 0.815398
0.193074 0.815398
0.193074 0.825318
0.23546 0.825318
0.23546 0.821822
0.283596 0.821822
0.283596 0.828999
0.305657 0.828999
0.305657 0.84415
0.340426 0.84415
0.340426 0.828451
0.356868 0.828451
0.356868 0.869131
0.347431 0.869131
0.347431 0.874665
0.525858 0.874665
0.525858 0.748368
0.529201 0.748368
0.529201 0.711041
0.526584 0.711041
0.526584 0.662521
0.528017 0.662521
0.528017 0.585631
0.54408 0.585631
0.54408 0.563216
0.546031 0.563216
0.546031 0.552335
0.637942 0.552335
0.637942 0.559273
0.615374 0.559273
0.615374 0.581589
0.612072 0.581589
0.612072 0.587668
0.650888 0.587668
0.650888 0.721532
0.652131 0.721532
0.652131 0.558846
0.670761 0.558846
0.670761 0.747984
0.678415 0.747984
0.678415 0.697549
0.685123 0.697549
0.685123 0.644182
0.690604 0.644182
0.690604 0.665566
0.700875 0.665566
0.700875 0.656904
0.718764 0.656904
0.718764 0.601049
0.718992 0.601049
0.718992 0.617056
0.721967 0.617056
0.721967 0.681165
0.756877 0.681165
0.756877 0.541583
0.749071 0.541583
0.749071 0.42973
0.723844 0.42973
0.723844 0.479333
0.716961 0.479333
0.716961 0.480678
0.716423 0.480678
0.716423 0.486251
0.697863 0.486251
0.697863 0.469879
0.568381 0.469879
0.568381 0.445751
0.569881 0.445751
0.569881 0.302627
0.557344 0.302627
0.557344 0.255242
0.579385 0.255242
0.579385 0.28123
0.574546 0.28123
0.574546 0.388502
0.575055 0.388502
0.575055 0.352188
0.590979 0.352188
0.590979 0.346942
0.591225 0.346942
0.591225 0.32253
0.595332 0.32253
0.595332 0.430257
0.604389 0.430257
0.604389 0.442974
0.593782 0.442974
0.593782 0.467137
0.683301 0.467137
0.683301 0.46306
0.667681 0.46306
0.667681 0.446761
0.640345 0.446761
0.640345 0.438579
0.626908 0.438579
0.626908 0.398398
0.615905 0.398398
0.615905 0.376917
0.632799 0.376917
0.632799 0.34166
0.633932 0.34166
0.633932 0.392767
0.721697 0.392767
0.721697 0.397214
0.744081 0.397214
0.744081 0.379329
0.724883 0.379329
0.724883 0.21615
0.710404 0.21615
0.710404 0.215644
0.705463 0.215644
0.705463 0.123484
0.644419 0.123484
0.644419 0.138916
0.557172 0.138916
0.557172 0.139437
0.688212 0.139437
0.688212 0.146606
0.697769 0.146606
0.697769 0.201453
0.6887 0.201453
0.6887 0.174462
0.549777 0.174462
0.549777 0.129652
0.543907 0.129652
0.543907 0.119181
0.622713 0.119181
0.622713 0.13232
0.631332 0.13232
0.631332 0.103962
0.559877 0.103962
0.559877 0.114014
0.550515 0.114014
0.550515 0.0837867
0.610323 0.0837867
0.610323 0.10011
0.622488 0.10011
0.622488 0.0651286
0.539947 0.0651286
0.539947 0.0645231
0.639372 0.0645231
0.639372 0.113852
0.640471 0.113852
0.640471 0.0688617
0.641988 0.0688617
0.641988 0.109908
0.6826 0.109908
0.6826 0.0832484
0.71688 0.0832484
0.71688 0.0845906
0.71641 0.0845906
0.71641 0.0860749
0.702251 0.0860749
0.702251 0.0912292
0.730696 0.0912292
0.730696 0.139499
0.729312 0.139499
0.729312 0.245187
0.758774 0.245187
0.758774 0.503203
0.763567 0.503203
0.763567 0.401456
0.760167 0.401456
0.760167 0.270077
0.780797 0.270077
0.780797 0.330588
0.783982 0.330588
0.783982 0.727562
0.761984 0.727562
0.761984 0.716543
0.781776 0.716543
0.781776 0.334825
0.781645 0.334825
0.781645 0.360326
0.774405 0.360326
0.774405 0.284012
0.773317 0.284012
0.773317 0.484657
0.771611 0.484657
0.771611 0.30721
0.770731 0.30721
0.770731 0.566187
0.762301 0.566187
0.762301 0.704808
0.713986 0.704808
0.713986 0.723923
0.706425 0.723923
0.706425 0.728964
0.785495 0.728964
0.785495 0.726107
0.793301 0.726107
0.793301 0.672429
0.792537 0.672429
0.792537 0.396883
0.790605 0.396883
0.790605 0.359031
0.795337 0.359031
0.795337 0.0810879
0.784708 0.0810879
0.784708 0.0773311
0.800316 0.0773311
0.800316 0.157027
0.799573 0.157027
0.799573 0.324209
0.79915 0.324209
0.79915 0.531235
0.796688 0.531235
0.796688 0.644145
0.799606 0.644145
0.799606 0.666896
0.800733 0.666896
0.800733 0.513444
0.804135 0.513444
0.804135 0.677553
0.797443 0.677553
0.797443 0.717865
0.805026 0.717865
0.805026 0.310584
0.805085 0.310584
0.805085 0.491839
0.808501 0.491839
0.808501 0.496257
0.810258 0.496257
0.810258 0.336806
0.814202 0.336806
0.814202 0.17732
0.834441 0.17732
0.834441 0.0994093
0.846274 0.0994093
0.846274 0.10571
0.852869 0.10571
0.852869 0.0556568
0.853457 0.0556568
0.853457 0.197856
0.828466 0.197856
0.828466 0.203393
0.890375 0.203393
0.890375 0.200675
0.891474 0.200675
0.891474 0.198408
0.85476 0.198408
0.85476 0.0706351
0.856124 0.0706351
0.856124 0.166361
0.863625 0.166361
0.863625 0.0776224
0.86634 0.0776224
0.86634 0.1398
0.879132 0.1398
0.879132 0.131826
0.926885 0.131826
0.926885 0.135063
0.922227 0.135063
0.922227 0.152048
0.916893 0.152048
0.916893 0.233695
0.968977 0.233695
0.968977 0.0970998
0.946846 0.0970998
0.946846 0.0604297
0.860898 0.0604297
0.860898 0.059803
0.899636 0.059803
0.899636 0.0447505
0.927222 0.0447505
0.927222 0.0405172
0.957843 0.0405172
0.957843 0.0401489
0.982487 0.0401489
0.982487 0.0448341
0.975692 0.0448341
0.975692 0.0480636
0.965425 0.0480636
0.965425 0.0472981
0.959444 0.0472981
0.959444 0.0556622
0.934151 0.0556622
0.934151 0.0503887
0.909986 0.0503887
0.909986 0.0564772
0.983986 0.0564772
0.983986 0.071583
0.975658 0.071583
0.975658 0.0738751
0.989555 0.0738751
0.989555 0.0150468
1 0.0150468
1 0.0749579
0.998866 0.0749579
0.998866 0.0570265
0.99501 0.0570265
0.99501 0.0254206
0.990988 0.0254206
0.990988 0.0794042
0.997383 0.0794042
0.997383 0.0873213
0.970358 0.0873213
0.970358 0.348221
0.973547 0.348221
0.973547 0.315893
0.980128 0.315893
0.980128 0.333794
0.992537 0.333794
0.992537 0.368124
0.908623 0.368124
0.908623 0.422871
0.93129 0.422871
0.93129 0.415415
0.939249 0.415415
0.939249 0.414175
0.935735 0.414175
0.935735 0.390841
0.973628 0.390841
0.973628 0.478199
0.986057 0.478199
0.986057 0.37658
0.989966 0.37658
0.989966 0.496778
0.953303 0.496778
0.953303 0.502836
0.946442 0.502836
0.946442 0.523395
0.940184 0.523395
0.940184 0.52345
0.938396 0.52345
0.938396 0.503168
0.928212 0.503168
0.928212 0.495123
0.977716 0.495123
0.977716 0.485719
0.957096 0.485719
0.957096 0.479365
0.970156 0.479365
0.970156 0.453694
0.966766 0.453694
0.966766 0.443832
0.949126 0.443832
0.949126 0.447335
0.871804 0.447335
0.871804 0.492967
0.854763 0.492967
0.854763 0.468149
0.867967 0.468149
0.867967 0.429669
0.891898 0.429669
0.891898 0.424172
0.881898 0.424172
0.881898 0.424422
0.861068 0.424422
0.861068 0.387418
0.865481 0.387418
0.865481 0.411476
0.867301 0.411476
0.867301 0.360865
0.921317 0.360865
0.921317 0.365645
0.956099 0.365645
0.956099 0.347763
0.958191 0.347763
0.958191 0.324348
0.950117 0.324348
0.950117 0.240227
0.922704 0.240227
0.922704 0.320494
0.907001 0.320494
0.907001 0.318233
0.877239 0.318233
0.877239 0.286146
0.875695 0.286146
0.875695 0.277357
0.871874 0.277357
0.871874 0.319394
0.866739 0.319394
0.866739 0.261165
0.867675 0.261165
0.867675 0.261586
0.901313 0.261586
0.901313 0.253135
0.915168 0.253135
0.915168 0.230582
0.894684 0.230582
0.894684 0.228006
0.887811 0.228006
0.887811 0.22515
0.915653 0.22515
0.915653 0.216749
0.83319 0.216749
0.83319 0.488937
0.851773 0.488937
0.851773 0.411938
0.851932 0.411938
0.851932 0.562614
0.843032 0.562614
0.843032 0.501988
0.827081 0.501988
0.827081 0.222753
0.818479 0.222753
0.818479 0.370262
0.819345 0.370262
0.819345 0.381995
0.811529 0.381995
0.811529 0.414502
0.81076 0.414502
0.81076 0.493024
0.818506 0.493024
0.818506 0.567139
0.825978 0.567139
0.825978 0.614251
0.815164 0.614251
0.815164 0.516073
0.808867 0.516073
0.808867 0.721652
0.805341 0.721652
0.805341 0.732082
0.704918 0.732082
0.704918 0.728704
0.703771 0.728704
0.703771 0.7299
0.691709 0.7299
0.691709 0.775867
0.693547 0.775867
0.693547 0.753526
0.704034 0.753526
0.704034 0.74591
0.706848 0.74591
0.706848 0.781348
0.66799 0.781348
0.66799 0.710114
0.660632 0.710114
0.660632 0.662498
0.656397 0.662498
0.656397 0.685149
0.656031 0.685149
0.656031 0.724131
0.650517 0.724131
0.650517 0.653291
0.573464 0.653291
0.573464 0.653937
0.635923 0.653937
0.635923 0.74019
0.572593 0.74019
0.572593 0.659178
0.555043 0.659178
0.555043 0.697992
0.552262 0.697992
0.552262 0.650076
0.61402 0.650076
0.61402 0.620483
0.617991 0.620483
0.617991 0.589069
0.536168 0.589069
0.536168 0.637704
0.533462 0.637704
0.533462 0.685736
0.535439 0.685736
0.535439 0.781868
0.542844 0.781868
0.542844 0.786367
0.530441 0.786367
0.530441 0.802617
0.532626 0.802617
0.532626 0.880285
0.41458 0.880285
0.41458 0.884514
0.52849 0.884514
0.52849 0.889465
0.443556 0.889465
0.443556 0.936553
0.473337 0.936553
0.473337 0.922207
0.512835 0.922207
0.512835 0.922434
0.522737 0.922434
0.522737 0.930051
0.524649 0.930051
0.524649 0.939753
0.520157 0.939753
0.520157 0.943706
0.50509 0.943706
0.50509 0.941965
0.50282 0.941965
0.50282 0.948603
0.422804 0.948603
0.422804 0.97453
0.440825 0.97453
0.440825 0.975532
0.435902 0.975532
0.435902 0.993226
0.368505 0.993226
0.368505 1
