2048
0.89477 1
0.89477 0.931563
0.793352 0.931563
0.793352 0.945333
0.8549 0.945333
0.8549 0.939673
0.870631 0.939673
0.870631 0.954533
0.869601 0.954533
0.869601 0.977053
0.884286 0.977053
0.884286 0.988224
0.876986 0.988224
0.876986 0.999366
0.869138 0.999366
0.869138 0.98837
0.866636 0.98837
0.866636 0.9939
0.845132 0.9939
0.845132 0.992564
0.859945 0.992564
0.859945 0.987177
0.86345 0.987177
0.86345 0.967861
0.796483 0.967861
0.796483 0.967459
0.784957 0.967459
0.784957 0.964922
0.771516 0.964922
0.771516 0.961596
0.750592 0.961596
0.750592 0.949163
0.718995 0.949163
0.718995 0.950757
0.698798 0.950757
0.698798 0.967989
0.70104 0.967989
0.70104 0.969174
0.708124 0.969174
0.708124 0.975674
0.792363 0.975674
0.792363 0.981449
0.720527 0.981449
0.720527 0.985952
0.673057 0.985952
0.673057 0.962847
0.653749 0.962847
0.653749 0.970537
0.593171 0.970537
0.593171 0.967154
0.643997 0.967154
0.643997 0.960441
0.556917 0.960441
0.556917 0.985421
0.496749 0.985421
0.496749 0.99889
0.465254 0.99889
0.465254 0.994011
0.478215 0.994011
0.478215 0.989851
0.488995 0.989851
0.488995 0.98798
0.454332 0.98798
0.454332 0.992359
0.453704 0.992359
0.453704 0.991501
0.446836 0.991501
0.446836 0.946089
0.441629 0.946089
0.441629 0.916107
0.433639 0.916107
0.433639 0.898074
0.428239 0.898074
0.428239 0.915359
0.426431 0.915359
0.426431 0.896989
0.405632 0.896989
0.405632 0.91068
0.364687 0.91068
0.364687 0.910428
0.339102 0.910428
0.339102 0.90099
0.38773 0.90099
0.38773 0.900643
0.214895 0.900643
0.214895 0.908241
0.192459 0.908241
0.192459 0.903014
0.135447 0.903014
0.135447 0.905935
0.1338 0.905935
0.1338 0.907515
0.0990579 0.907515
0.0990579 0.911336
0.144388 0.911336
0.144388 0.912969
0.130232 0.912969
0.130232 0.911424
0.0876982 0.911424
0.0876982 0.890151
0.093336 0.890151
0.093336 0.898098
0.0942911 0.898098
0.0942911 0.899733
0.125402 0.899733
0.125402 0.883493
0.10449 0.883493
0.10449 0.881342
0.107236 0.881342
0.107236 0.861154
0.0836858 0.861154
0.0836858 0.856338
0.0991341 0.856338
0.0991341 0.849031
0.104328 0.849031
0.104328 0.817458
0.0913716 0.817458
0.0913716 0.812223
0.105648 0.812223
0.105648 0.831224
0.114385 0.831224
0.114385 0.843346
0.11426 0.843346
0.11426 0.850154
0.116221 0.850154
0.116221 0.821447
0.12482 0.821447
0.12482 0.752277
0.0827154 0.752277
0.0827154 0.599717
0.0824822 0.599717
0.0824822 0.504563
0.0731454 0.504563
0.0731454 0.481911
0.0683052 0.481911
0.0683052 0.491943
0.0663073 0.491943
0.0663073 0.483849
0.0681641 0.483849
0.0681641 0.480298
0.071949 0.480298
0.071949 0.455413
0.238181 0.455413
0.238181 0.454459
0.126972 0.454459
0.126972 0.450112
0.164682 0.450112
0.164682 0.450298
0.18568 0.450298
0.18568 0.44341
0.207738 0.44341
0.207738 0.448094
0.221263 0.448094
0.221263 0.450764
0.354528 0.450764
0.354528 0.449653
0.364875 0.449653
0.364875 0.461421
0.381167 0.461421
0.381167 0.4569
0.382019 0.4569
0.382019 0.465586
0.576641 0.465586
0.576641 0.464994
0.489329 0.464994
0.489329 0.45934
0.590108 0.45934
0.590108 0.463809
0.594236 0.463809
0.594236 0.445995
0.588375 0.445995
0.588375 0.421729
0.586783 0.421729
0.586783 0.40682
0.588217 0.40682
0.588217 0.366342
0.604036 0.366342
0.604036 0.391442
0.611315 0.391442
0.611315 0.329278
0.602311 0.329278
0.602311 0.290418
0.591479 0.290418
0.591479 0.271012
0.575801 0.271012
0.575801 0.257859
0.551267 0.257859
0.551267 0.370068
0.568838 0.370068
0.568838 0.401485
0.558812 0.401485
0.558812 0.405554
0.545118 0.405554
0.545118 0.254258
0.49869 0.254258
0.49869 0.2534
0.486459 0.2534
0.486459 0.289778
0.485265 0.289778
0.485265 0.35293
0.470322 0.35293
0.470322 0.346009
0.427292 0.346009
0.427292 0.355989
0.464639 0.355989
0.464639 0.358665
0.443596 0.358665
0.443596 0.358804
0.413747 0.358804
0.413747 0.361029
0.335226 0.361029
0.335226 0.306201
0.327908 0.306201
0.327908 0.303169
0.324715 0.303169
0.324715 0.271742
0.354727 0.271742
0.354727 0.271397
0.322072 0.271397
0.322072 0.271108
0.29514 0.271108
0.29514 0.276476
0.298216 0.276476
0.298216 0.292909
0.220887 0.292909
0.220887 0.303927
0.191299 0.303927
0.191299 0.308948
0.178506 0.308948
0.178506 0.335383
0.186066 0.335383
0.186066 0.331673
0.188051 0.331673
0.188051 0.31448
0.211971 0.31448
0.211971 0.324526
0.280484 0.324526
0.280484 0.32854
0.304847 0.32854
0.304847 0.330931
0.302751 0.330931
0.302751 0.332935
0.209814 0.332935
0.209814 0.347699
0.109758 0.347699
0.109758 0.34642
0.167953 0.34642
0.167953 0.340767
0.111801 0.340767
0.111801 0.343606
0.017397 0.343606
0.017397 0.368034
0.017467 0.368034
0.017467 0.395695
0.0165521 0.395695
0.0165521 0.398216
0.0242165 0.398216
0.0242165 0.40696
0.0322413 0.40696
0.0322413 0.387046
0.0582615 0.387046
0.0582615 0.386453
0.136569 0.386453
0.136569 0.38263
0.179165 0.38263
0.179165 0.375268
0.107482 0.375268
0.107482 0.375871
0.168588 0.375871
0.168588 0.378353
0.083407 0.378353
0.083407 0.367714
0.0959898 0.367714
0.0959898 0.374081
0.150317 0.374081
0.150317 0.374464
0.217601 0.374464
0.217601 0.380121
0.226146 0.380121
0.226146 0.391454
0.213119 0.391454
0.213119 0.394429
0.206269 0.394429
0.206269 0.38626
0.205775 0.38626
0.205775 0.419435
0.154819 0.419435
0.154819 0.410663
0.180444 0.410663
0.180444 0.410399
0.184191 0.410399
0.184191 0.395467
0.200018 0.395467
0.200018 0.379791
0.189059 0.379791
0.189059 0.379031
0.184529 0.379031
0.184529 0.387088
0.0964873 0.387088
0.0964873 0.391059
0.0966278 0.391059
0.0966278 0.440126
0.138345 0.440126
0.138345 0.437578
0.142573 0.437578
0.142573 0.441051
0.0794415 0.441051
0.0794415 0.43842
0.0733192 0.43842
0.0733192 0.398245
0.0637856 0.398245
0.0637856 0.404571
0.0409691 0.404571
0.0409691 0.415525
0.0162931 0.415525
0.0162931 0.403074
0.0156591 0.403074
0.0156591 0.390425
0.0161966 0.390425
0.0161966 0.338507
0.173594 0.338507
0.173594 0.334868
0.157459 0.334868
0.157459 0.33433
0.176798 0.33433
0.176798 0.322245
0.159186 0.322245
0.159186 0.309939
0.106854 0.309939
0.106854 0.326506
0.0764616 0.326506
0.0764616 0.32675
0.0637739 0.32675
0.0637739 0.334503
0.029604 0.334503
0.029604 0.308547
0.0241994 0.308547
0.0241994 0.284703
0.0205847 0.284703
0.0205847 0.232909
0.0183921 0.232909
0.0183921 0.0976087
0.0224648 0.0976087
0.0224648 0.130357
0.0366666 0.130357
0.0366666 0.110502
0.0274315 0.110502
0.0274315 0.0876485
0.00770098 0.0876485
0.00770098 0.0865111
0.000248387 0.0865111
0.000248387 0.140627
0.000286691 0.140627
0.000286691 0.148638
0.000806211 0.148638
0.000806211 0.150826
0.00673085 0.150826
0.00673085 0.179703
0.00730579 0.179703
0.00730579 0.120195
0.00751526 0.120195
0.00751526 0.150732
0.0147482 0.150732
0.0147482 0.156248
0.00792856 0.156248
0.00792856 0.218262
0.0042757 0.218262
0.0042757 0.174585
0.000958026 0.174585
0.000958026 0.16791
0.000364558 0.16791
0.000364558 0.158208
0 0.158208
0 0.0767876
0.0131391 0.0767876
0.0131391 0.071193
0.0165444 0.071193
0.0165444 0.0691086
0.0791525 0.0691086
0.0791525 0.0756898
0.0661054 0.0756898
0.0661054 0.0705662
0.057032 0.0705662
0.057032 0.0726918
0.0250647 0.0726918
0.0250647 0.0763713
0.013288 0.0763713
0.013288 0.0799178
0.0530005 0.0799178
0.0530005 0.0809496
0.0546306 0.0809496
0.0546306 0.0873463
0.0539343 0.0873463
0.0539343 0.0977635
0.053221 0.0977635
0.053221 0.112878
0.0433827 0.112878
0.0433827 0.157955
0.0446251 0.157955
0.0446251 0.152562
0.0501336 0.152562
0.0501336 0.162119
0.0463371 0.162119
0.0463371 0.21637
0.0494278 0.21637
0.0494278 0.219918
0.0450962 0.219918
0.0450962 0.236165
0.0447446 0.236165
0.0447446 0.241122
0.0411225 0.241122
0.0411225 0.121484
0.0374349 0.121484
0.0374349 0.160671
0.0269215 0.160671
0.0269215 0.21185
0.0266929 0.21185
0.0266929 0.170462
0.0226488 0.170462
0.0226488 0.194829
0.0215826 0.194829
0.0215826 0.194707
0.0213909 0.194707
0.0213909 0.137661
0.0208146 0.137661
0.0208146 0.283331
0.0431951 0.283331
0.0431951 0.296943
0.0451141 0.296943
0.0451141 0.255645
0.0450987 0.255645
0.0450987 0.236218
0.0542711 0.236218
0.0542711 0.24467
0.0537321 0.24467
0.0537321 0.313712
0.0478333 0.313712
0.0478333 0.323702
0.0662868 0.323702
0.0662868 0.319994
0.0542761 0.319994
0.0542761 0.24742
0.058834 0.24742
0.058834 0.277263
0.0549215 0.277263
0.0549215 0.278236
0.0847874 0.278236
0.0847874 0.312058
0.0964248 0.312058
0.0964248 0.299659
0.118007 0.299659
0.118007 0.303354
0.214107 0.303354
0.214107 0.301734
0.218521 0.301734
0.218521 0.289315
0.160033 0.289315
0.160033 0.291804
0.140059 0.291804
0.140059 0.288496
0.2548 0.288496
0.2548 0.289625
0.243016 0.289625
0.243016 0.292113
0.289784 0.292113
0.289784 0.262091
0.352554 0.262091
0.352554 0.246729
0.235694 0.246729
0.235694 0.250188
0.220217 0.250188
0.220217 0.244679
0.388958 0.244679
0.388958 0.297272
0.383661 0.297272
0.383661 0.354322
0.366811 0.354322
0.366811 0.281442
0.370327 0.281442
0.370327 0.276032
0.345159 0.276032
0.345159 0.35681
0.345998 0.35681
0.345998 0.356843
0.401912 0.356843
0.401912 0.343847
0.467499 0.343847
0.467499 0.287701
0.48287 0.287701
0.48287 0.258991
0.463109 0.258991
0.463109 0.248506
0.506924 0.248506
0.506924 0.242829
0.521729 0.242829
0.521729 0.226452
0.504989 0.226452
0.504989 0.181218
0.426023 0.181218
0.426023 0.1758
0.412221 0.1758
0.412221 0.198349
0.310495 0.198349
0.310495 0.193261
0.18221 0.193261
0.18221 0.202033
0.201756 0.202033
0.201756 0.199813
0.239664 0.199813
0.239664 0.213533
0.236356 0.213533
0.236356 0.228485
0.225146 0.228485
0.225146 0.202171
0.171789 0.202171
0.171789 0.204167
0.162701 0.204167
0.162701 0.19604
0.150022 0.19604
0.150022 0.189637
0.158806 0.189637
0.158806 0.191755
0.162719 0.191755
0.162719 0.200418
0.17007 0.200418
0.17007 0.192131
0.323616 0.192131
0.323616 0.190235
0.240583 0.190235
0.240583 0.166519
0.237557 0.166519
0.237557 0.171668
0.220583 0.171668
0.220583 0.137185
0.22733 0.137185
0.22733 0.137673
0.243993 0.137673
0.243993 0.154175
0.28571 0.154175
0.28571 0.15942
0.365751 0.15942
0.365751 0.134966
0.385891 0.134966
0.385891 0.159654
0.347223 0.159654
0.347223 0.1688
0.30864 0.1688
0.30864 0.18815
0.326906 0.18815
0.326906 0.178103
0.377808 0.178103
0.377808 0.192688
0.411319 0.192688
0.411319 0.166046
0.407453 0.166046
0.407453 0.153073
0.422971 0.153073
0.422971 0.134473
0.181617 0.134473
0.181617 0.132959
0.146098 0.132959
0.146098 0.0790093
0.149142 0.0790093
0.149142 0.0718667
0.153651 0.0718667
0.153651 0.0556666
0.1553 0.0556666
0.1553 0.0530504
0.162752 0.0530504
0.162752 0.0661374
0.198092 0.0661374
0.198092 0.064033
0.282231 0.064033
0.282231 0.0614176
0.292765 0.0614176
0.292765 0.0550216
0.297353 0.0550216
0.297353 0.0533234
0.642823 0.0533234
0.642823 0.0368842
0.631694 0.0368842
0.631694 0.0526298
0.613298 0.0526298
0.613298 0.0302748
0.703025 0.0302748
0.703025 0.0110775
0.697412 0.0110775
0.697412 0.00734307
0.646454 0.00734307
0.646454 0.0167815
0.614129 0.0167815
0.614129 0.00903861
0.578197 0.00903861
0.578197 0.0175651
0.424741 0.0175651
0.424741 0.0199136
0.368062 0.0199136
0.368062 0.0215156
0.504669 0.0215156
0.504669 0.0217577
0.59809 0.0217577
0.59809 0.0293413
0.375311 0.0293413
0.375311 0.0348313
0.340408 0.0348313
0.340408 0.0307799
0.339384 0.0307799
0.339384 0.0463411
0.292017 0.0463411
0.292017 0.0506067
0.217899 0.0506067
0.217899 0.0427747
0.206032 0.0427747
0.206032 0.0320316
0.23535 0.0320316
0.23535 0.0371609
0.250598 0.0371609
0.250598 0.0285433
0.452484 0.0285433
0.452484 0.0273319
0.481302 0.0273319
0.481302 0.0252972
0.316808 0.0252972
0.316808 0.010907
0.0988962 0.010907
0.0988962 0.00399286
0.0890874 0.00399286
0.0890874 0.0818585
0.132625 0.0818585
0.132625 0.0775755
0.14495 0.0775755
0.14495 0.101102
0.122686 0.101102
0.122686 0.106071
0.127458 0.106071
0.127458 0.12011
0.139522 0.12011
0.139522 0.165236
0.139387 0.165236
0.139387 0.123719
0.121469 0.123719
0.121469 0.142595
0.12999 0.142595
0.12999 0.186796
0.114344 0.186796
0.114344 0.159409
0.0984223 0.159409
0.0984223 0.155129
0.114872 0.155129
0.114872 0.121367
0.110277 0.121367
0.110277 0.141068
0.101758 0.141068
0.101758 0.135677
0.0990083 0.135677
0.0990083 0.115929
0.102558 0.115929
0.102558 0.0990206
0.0873003 0.0990206
0.0873003 0.0995392
0.084796 0.0995392
0.084796 0.0954296
0.141928 0.0954296
0.141928 0.0890379
0.087094 0.0890379
0.087094 0
0.117755 0
0.117755 0.00143074
0.134459 0.00143074
0.134459 0.00506299
0.125695 0.00506299
0.125695 0.00978058
0.309288 0.00978058
0.309288 0.00869372
0.456939 0.00869372
0.456939 0.00799325
0.214453 0.00799325
0.214453 0.00707872
0.40294 0.00707872
0.40294 0.00626528
0.468147 0.00626528
0.468147 0.00249076
0.59885 0.00249076
0.59885 0.00281393
0.501944 0.00281393
0.501944 0.00709265
0.717682 0.00709265
0.717682 0.0071006
0.758574 0.0071006
0.758574 0.0125083
0.922002 0.0125083
0.922002 0.0149561
0.956098 0.0149561
0.956098 0.0166947
0.904673 0.0166947
0.904673 0.0146122
0.790429 0.0146122
0.790429 0.0250546
0.717123 0.0250546
0.717123 0.0275623
0.825702 0.0275623
0.825702 0.0294101
0.948656 0.0294101
0.948656 0.0272153
0.954239 0.0272153
0.954239 0.0309902
0.925778 0.0309902
0.925778 0.0338494
0.984534 0.0338494
0.984534 0.034355
0.984959 0.034355
0.984959 0.0353537
0.971606 0.0353537
0.971606 0.0364681
0.949049 0.0364681
0.949049 0.0434698
0.919398 0.0434698
0.919398 0.031135
0.668705 0.031135
0.668705 0.0335601
0.715599 0.0335601
0.715599 0.0523271
0.657019 0.0523271
0.657019 0.0544705
0.310279 0.0544705
0.310279 0.0594691
0.488746 0.0594691
0.488746 0.0566522
0.957213 0.0566522
0.957213 0.0574076
0.69973 0.0574076
0.69973 0.0624344
0.430295 0.0624344
0.430295 0.0653178
0.543722 0.0653178
0.543722 0.0681969
0.162015 0.0681969
0.162015 0.0684811
0.163139 0.0684811
0.163139 0.112785
0.220949 0.112785
0.220949 0.107018
0.233455 0.107018
0.233455 0.101643
0.24142 0.101643
0.24142 0.106606
0.28491 0.106606
0.28491 0.0875574
0.280192 0.0875574
0.280192 0.0926569
0.248522 0.0926569
0.248522 0.0891142
0.229533 0.0891142
0.229533 0.0815782
0.287271 0.0815782
0.287271 0.0854415
0.294117 0.0854415
0.294117 0.0875813
0.301101 0.0875813
0.301101 0.0919559
0.31002 0.0919559
0.31002 0.105147
0.289436 0.105147
0.289436 0.107167
0.260796 0.107167
0.260796 0.115557
0.316621 0.115557
0.316621 0.125518
0.235167 0.125518
0.235167 0.120383
0.31458 0.120383
0.31458 0.119252
0.224408 0.119252
0.224408 0.117823
0.15361 0.117823
0.15361 0.0794603
0.148463 0.0794603
0.148463 0.130563
0.204977 0.130563
0.204977 0.132749
0.435798 0.132749
0.435798 0.136551
0.451998 0.136551
0.451998 0.139492
0.426447 0.139492
0.426447 0.139786
0.436705 0.139786
0.436705 0.145279
0.513556 0.145279
0.513556 0.152631
0.452287 0.152631
0.452287 0.157554
0.420501 0.157554
0.420501 0.158232
0.436262 0.158232
0.436262 0.176969
0.438073 0.176969
0.438073 0.162503
0.445585 0.162503
0.445585 0.177759
0.482033 0.177759
0.482033 0.159106
0.538115 0.159106
0.538115 0.165699
0.635517 0.165699
0.635517 0.159377
0.643703 0.159377
0.643703 0.171796
0.625053 0.171796
0.625053 0.170845
0.527853 0.170845
0.527853 0.25261
0.589192 0.25261
0.589192 0.199414
0.656435 0.199414
0.656435 0.262568
0.670615 0.262568
0.670615 0.223206
0.69192 0.223206
0.69192 0.236139
0.67478 0.236139
0.67478 0.285316
0.664457 0.285316
0.664457 0.35057
0.692802 0.35057
0.692802 0.361948
0.691354 0.361948
0.691354 0.364028
0.656005 0.364028
0.656005 0.237302
0.646249 0.237302
0.646249 0.375925
0.640391 0.375925
0.640391 0.383415
0.657538 0.383415
0.657538 0.375692
0.685039 0.375692
0.685039 0.364175
0.692427 0.364175
0.692427 0.428664
0.689196 0.428664
0.689196 0.405533
0.631418 0.405533
0.631418 0.331132
0.64207 0.331132
0.64207 0.211818
0.600041 0.211818
0.600041 0.274258
0.613821 0.274258
0.613821 0.349152
0.617482 0.349152
0.617482 0.392585
0.626331 0.392585
0.626331 0.411881
0.593195 0.411881
0.593195 0.401954
0.589631 0.401954
0.589631 0.431921
0.611905 0.431921
0.611905 0.43959
0.594688 0.43959
0.594688 0.469777
0.544579 0.469777
0.544579 0.474111
0.532717 0.474111
0.532717 0.469321
0.508946 0.469321
0.508946 0.469107
0.496505 0.469107
0.496505 0.473526
0.477872 0.473526
0.477872 0.469607
0.326796 0.469607
0.326796 0.456156
0.10206 0.456156
0.10206 0.455835
0.0822816 0.455835
0.0822816 0.499853
0.0832089 0.499853
0.0832089 0.751617
0.125778 0.751617
0.125778 0.793982
0.135834 0.793982
0.135834 0.794698
0.125376 0.794698
0.125376 0.802042
0.125243 0.802042
0.125243 0.804141
0.126145 0.804141
0.126145 0.823773
0.125284 0.823773
0.125284 0.83199
0.124321 0.83199
0.124321 0.867113
0.114061 0.867113
0.114061 0.832467
0.107849 0.832467
0.107849 0.880714
0.109693 0.880714
0.109693 0.861388
0.111706 0.861388
0.111706 0.87582
0.111401 0.87582
0.111401 0.88199
0.140389 0.88199
0.140389 0.887413
0.140482 0.887413
0.140482 0.887436
0.225016 0.887436
0.225016 0.886497
0.221873 0.886497
0.221873 0.874454
0.166992 0.874454
0.166992 0.873955
0.220751 0.873955
0.220751 0.869188
0.225857 0.869188
0.225857 0.867741
0.211324 0.867741
0.211324 0.700474
0.21036 0.700474
0.21036 0.699267
0.19915 0.699267
0.19915 0.70639
0.196028 0.70639
0.196028 0.711391
0.19369 0.711391
0.19369 0.714916
0.192304 0.714916
0.192304 0.743642
0.185028 0.743642
0.185028 0.741446
0.18989 0.741446
0.18989 0.706011
0.196233 0.706011
0.196233 0.695935
0.211454 0.695935
0.211454 0.666557
0.198921 0.666557
0.198921 0.662454
0.146009 0.662454
0.146009 0.662341
0.172637 0.662341
0.172637 0.660308
0.213276 0.660308
0.213276 0.834249
0.213368 0.834249
0.213368 0.861866
0.213596 0.861866
0.213596 0.864717
0.217302 0.864717
0.217302 0.861584
0.228013 0.861584
0.228013 0.873975
0.242119 0.873975
0.242119 0.875638
0.228261 0.875638
0.228261 0.8871
0.264925 0.8871
0.264925 0.880303
0.244394 0.880303
0.244394 0.859751
0.248506 0.859751
0.248506 0.878414
0.24937 0.878414
0.24937 0.864355
0.251623 0.864355
0.251623 0.799404
0.259597 0.799404
0.259597 0.720393
0.271622 0.720393
0.271622 0.715384
0.285032 0.715384
0.285032 0.699593
0.306475 0.699593
0.306475 0.690518
0.304331 0.690518
0.304331 0.689274
0.330128 0.689274
0.330128 0.692639
0.343394 0.692639
0.343394 0.675357
0.330154 0.675357
0.330154 0.675231
0.345579 0.675231
0.345579 0.666102
0.341334 0.666102
0.341334 0.660108
0.3622 0.660108
0.3622 0.662351
0.371717 0.662351
0.371717 0.689545
0.345593 0.689545
0.345593 0.68981
0.374578 0.68981
0.374578 0.689778
0.375243 0.689778
0.375243 0.689056
0.45381 0.689056
0.45381 0.680975
0.457837 0.680975
0.457837 0.684451
0.545618 0.684451
0.545618 0.684658
0.654992 0.684658
0.654992 0.674268
0.6343 0.674268
0.6343 0.67151
0.533437 0.67151
0.533437 0.670707
0.519147 0.670707
0.519147 0.668484
0.595067 0.668484
0.595067 0.668087
0.533843 0.668087
0.533843 0.666859
0.570893 0.666859
0.570893 0.667517
0.64737 0.667517
0.64737 0.664977
0.653837 0.664977
0.653837 0.664691
0.626963 0.664691
0.626963 0.659186
0.372058 0.659186
0.372058 0.65896
0.638325 0.65896
0.638325 0.660311
0.657572 0.660311
0.657572 0.687059
0.74004 0.687059
0.74004 0.644786
0.695436 0.644786
0.695436 0.613621
0.684359 0.613621
0.684359 0.568466
0.691244 0.568466
0.691244 0.566596
0.55689 0.566596
0.55689 0.567469
0.574366 0.567469
0.574366 0.594426
0.577615 0.594426
0.577615 0.577723
0.606228 0.577723
0.606228 0.587616
0.588271 0.587616
0.588271 0.615618
0.579088 0.615618
0.579088 0.617447
0.603629 0.617447
0.603629 0.637154
0.612961 0.637154
0.612961 0.619761
0.63136 0.619761
0.63136 0.626146
0.618726 0.626146
0.618726 0.627134
0.620345 0.627134
0.620345 0.651096
0.607486 0.651096
0.607486 0.640215
0.593616 0.640215
0.593616 0.640033
0.591579 0.640033
0.591579 0.656424
0.550895 0.656424
0.550895 0.65551
0.541507 0.65551
0.541507 0.64589
0.577954 0.64589
0.577954 0.651711
0.588682 0.651711
0.588682 0.638282
0.261397 0.638282
0.261397 0.63966
0.328787 0.63966
0.328787 0.642128
0.380028 0.642128
0.380028 0.641951
0.434132 0.641951
0.434132 0.641785
0.480428 0.641785
0.480428 0.642936
0.448831 0.642936
0.448831 0.648936
0.44726 0.648936
0.44726 0.643692
0.410232 0.643692
0.410232 0.648478
0.298161 0.648478
0.298161 0.648221
0.325002 0.648221
0.325002 0.64773
0.304201 0.64773
0.304201 0.6473
0.363403 0.6473
0.363403 0.642768
0.32815 0.642768
0.32815 0.641883
0.250922 0.641883
0.250922 0.637659
0.249216 0.637659
0.249216 0.645783
0.246442 0.645783
0.246442 0.645186
0.241733 0.645186
0.241733 0.613313
0.251207 0.613313
0.251207 0.590713
0.367473 0.590713
0.367473 0.589217
0.385526 0.589217
0.385526 0.5908
0.388695 0.5908
0.388695 0.593588
0.274975 0.593588
0.274975 0.61482
0.321428 0.61482
0.321428 0.620547
0.272101 0.620547
0.272101 0.623489
0.243481 0.623489
0.243481 0.63502
0.583952 0.63502
0.583952 0.632903
0.556404 0.632903
0.556404 0.631558
0.502639 0.631558
0.502639 0.63027
0.515987 0.63027
0.515987 0.627982
0.527361 0.627982
0.527361 0.627267
0.595485 0.627267
0.595485 0.626
0.5727 0.626
0.5727 0.614583
0.47321 0.614583
0.47321 0.614393
0.588132 0.614393
0.588132 0.610955
0.566947 0.610955
0.566947 0.601544
0.565616 0.601544
0.565616 0.610235
0.477663 0.610235
0.477663 0.608184
0.512152 0.608184
0.512152 0.591463
0.527467 0.591463
0.527467 0.571513
0.512666 0.571513
0.512666 0.589972
0.439805 0.589972
0.439805 0.574812
0.435925 0.574812
0.435925 0.558395
0.449218 0.558395
0.449218 0.56285
0.457437 0.56285
0.457437 0.580755
0.472403 0.580755
0.472403 0.554089
0.427382 0.554089
0.427382 0.557455
0.411844 0.557455
0.411844 0.556936
0.343311 0.556936
0.343311 0.555503
0.409465 0.555503
0.409465 0.552342
0.56017 0.552342
0.56017 0.556616
0.581305 0.556616
0.581305 0.562935
0.69073 0.562935
0.69073 0.547885
0.684862 0.547885
0.684862 0.535462
0.673521 0.535462
0.673521 0.533479
0.653281 0.533479
0.653281 0.540358
0.633326 0.540358
0.633326 0.543
0.484493 0.543
0.484493 0.540606
0.605893 0.540606
0.605893 0.540107
0.509952 0.540107
0.509952 0.534757
0.517398 0.534757
0.517398 0.538671
0.527295 0.538671
0.527295 0.533285
0.528637 0.533285
0.528637 0.535697
0.539895 0.535697
0.539895 0.531778
0.557885 0.531778
0.557885 0.523506
0.563558 0.523506
0.563558 0.539672
0.628601 0.539672
0.628601 0.532975
0.644893 0.532975
0.644893 0.532711
0.634268 0.532711
0.634268 0.525854
0.701037 0.525854
0.701037 0.527149
0.732207 0.527149
0.732207 0.527686
0.767625 0.527686
0.767625 0.53059
0.700195 0.53059
0.700195 0.534375
0.700197 0.534375
0.700197 0.588472
0.696261 0.588472
0.696261 0.584151
0.697039 0.584151
0.697039 0.542986
0.693464 0.542986
0.693464 0.571195
0.69612 0.571195
0.69612 0.598354
0.713952 0.598354
0.713952 0.6045
0.731742 0.6045
0.731742 0.599354
0.747378 0.599354
0.747378 0.596744
0.825831 0.596744
0.825831 0.576134
0.823521 0.576134
0.823521 0.574363
0.71424 0.574363
0.71424 0.566207
0.780551 0.566207
0.780551 0.55205
0.792619 0.55205
0.792619 0.563944
0.816268 0.563944
0.816268 0.566399
0.780622 0.566399
0.780622 0.572136
0.831741 0.572136
0.831741 0.561362
0.837887 0.561362
0.837887 0.550674
0.841742 0.550674
0.841742 0.519003
0.839553 0.519003
0.839553 0.523775
0.833231 0.523775
0.833231 0.516748
0.781534 0.516748
0.781534 0.464561
0.774439 0.464561
0.774439 0.463339
0.784602 0.463339
0.784602 0.45043
0.791088 0.45043
0.791088 0.418187
0.784066 0.418187
0.784066 0.447289
0.778785 0.447289
0.778785 0.42655
0.764435 0.42655
0.764435 0.432748
0.72359 0.432748
0.72359 0.48736
0.717948 0.48736
0.717948 0.402543
0.722048 0.402543
0.722048 0.393124
0.758907 0.393124
0.758907 0.407358
0.761662 0.407358
0.761662 0.416163
0.792102 0.416163
0.792102 0.370458
0.727076 0.370458
0.727076 0.345582
0.735125 0.345582
0.735125 0.277221
0.75897 0.277221
0.75897 0.370433
0.812312 0.370433
0.812312 0.394417
0.817133 0.394417
0.817133 0.412316
0.8141 0.412316
0.8141 0.44289
0.821338 0.44289
0.821338 0.434263
0.824881 0.434263
0.824881 0.471038
0.815422 0.471038
0.815422 0.494087
0.810755 0.494087
0.810755 0.487124
0.810296 0.487124
0.810296 0.490331
0.800438 0.490331
0.800438 0.482658
0.803007 0.482658
0.803007 0.475974
0.808854 0.475974
0.808854 0.469909
0.81286 0.469909
0.81286 0.44508
0.801515 0.44508
0.801515 0.380809
0.798099 0.380809
0.798099 0.442753
0.793248 0.442753
0.793248 0.447528
0.797387 0.447528
0.797387 0.497555
0.785841 0.497555
0.785841 0.512589
0.834733 0.512589
0.834733 0.516651
0.844767 0.516651
0.844767 0.600658
0.827844 0.600658
0.827844 0.603734
0.847023 0.603734
0.847023 0.551436
0.854275 0.551436
0.854275 0.546417
0.855027 0.546417
0.855027 0.524965
0.85547 0.524965
0.85547 0.564077
0.861876 0.564077
0.861876 0.524261
0.86044 0.524261
0.86044 0.514306
0.864305 0.514306
0.864305 0.56371
0.87237 0.56371
0.87237 0.512537
0.878156 0.512537
0.878156 0.504333
0.889791 0.504333
0.889791 0.41261
0.890368 0.41261
0.890368 0.263689
0.889761 0.263689
0.889761 0.261987
0.899174 0.261987
0.899174 0.229356
0.882536 0.229356
0.882536 0.241823
0.884899 0.241823
0.884899 0.352247
0.882404 0.352247
0.882404 0.2181
0.863559 0.2181
0.863559 0.351477
0.857486 0.351477
0.857486 0.338333
0.855981 0.338333
0.855981 0.252953
0.852367 0.252953
0.852367 0.243495
0.842575 0.243495
0.842575 0.241517
0.844559 0.241517
0.844559 0.240511
0.854076 0.240511
0.854076 0.20845
0.858673 0.20845
0.858673 0.202071
0.893478 0.202071
0.893478 0.204809
0.910621 0.204809
0.910621 0.195134
0.913792 0.195134
0.913792 0.193129
0.913359 0.193129
0.913359 0.190645
0.947779 0.190645
0.947779 0.193629
0.952616 0.193629
0.952616 0.196495
0.953905 0.196495
0.953905 0.211531
0.899447 0.211531
0.899447 0.213547
0.889541 0.213547
0.889541 0.227083
0.984761 0.227083
0.984761 0.214789
0.983215 0.214789
0.983215 0.208512
0.982903 0.208512
0.982903 0.20432
0.982935 0.20432
0.982935 0.0986506
0.993599 0.0986506
0.993599 0.094534
0.985016 0.094534
0.985016 0.0838882
0.98534 0.0838882
0.98534 0.0938725
1 0.0938725
1 0.124847
0.996374 0.124847
0.996374 0.138737
0.999064 0.138737
0.999064 0.13905
0.985723 0.13905
0.985723 0.116097
0.993618 0.116097
0.993618 0.106004
0.983622 0.106004
0.983622 0.196734
0.990041 0.196734
0.990041 0.205952
0.989774 0.205952
0.989774 0.212503
0.997487 0.212503
0.997487 0.222091
0.997735 0.222091
0.997735 0.362395
0.996551 0.362395
0.996551 0.266753
0.993791 0.266753
0.993791 0.223191
0.987562 0.223191
0.987562 0.224763
0.985285 0.224763
0.985285 0.230522
0.920049 0.230522
0.920049 0.233234
0.946591 0.233234
0.946591 0.246571
0.947924 0.246571
0.947924 0.254792
0.972746 0.254792
0.972746 0.260492
0.975648 0.260492
0.975648 0.268728
0.971787 0.268728
0.971787 0.292678
0.96521 0.292678
0.96521 0.411865
0.97987 0.411865
0.97987 0.465279
0.971978 0.465279
0.971978 0.426346
0.969916 0.426346
0.969916 0.435973
0.965184 0.435973
0.965184 0.477706
0.971028 0.477706
0.971028 0.505471
0.974418 0.505471
0.974418 0.489208
0.974668 0.489208
0.974668 0.484036
0.980276 0.484036
0.980276 0.477338
0.981615 0.477338
0.981615 0.413537
0.980384 0.413537
0.980384 0.409704
0.982585 0.409704
0.982585 0.26953
0.982596 0.26953
0.982596 0.443399
0.982712 0.443399
0.982712 0.484896
0.978912 0.484896
0.978912 0.48636
0.976829 0.48636
0.976829 0.492294
0.975237 0.492294
0.975237 0.493076
0.982177 0.493076
0.982177 0.509614
0.970103 0.509614
0.970103 0.488932
0.962716 0.488932
0.962716 0.524434
0.963629 0.524434
0.963629 0.526101
0.971817 0.526101
0.971817 0.542058
0.979845 0.542058
0.979845 0.546601
0.971502 0.546601
0.971502 0.5492
0.958686 0.5492
0.958686 0.547873
0.95751 0.547873
0.95751 0.544857
0.967602 0.544857
0.967602 0.535128
0.9619 0.535128
0.9619 0.468224
0.958388 0.468224
0.958388 0.517879
0.958046 0.517879
0.958046 0.448278
0.962759 0.448278
0.962759 0.432267
0.964519 0.432267
0.964519 0.285725
0.968337 0.285725
0.968337 0.255056
0.93986 0.255056
0.93986 0.2405
0.907226 0.2405
0.907226 0.287529
0.902318 0.287529
0.902318 0.367224
0.917073 0.367224
0.917073 0.316987
0.918525 0.316987
0.918525 0.355882
0.92289 0.355882
0.92289 0.292208
0.954098 0.292208
0.954098 0.321046
0.950255 0.321046
0.950255 0.352601
0.945593 0.352601
0.945593 0.355632
0.943766 0.355632
0.943766 0.322139
0.948265 0.322139
0.948265 0.307376
0.943282 0.307376
0.943282 0.301965
0.926033 0.301965
0.926033 0.324069
0.929082 0.324069
0.929082 0.351861
0.925084 0.351861
0.925084 0.365568
0.924673 0.365568
0.924673 0.375804
0.914656 0.375804
0.914656 0.377829
0.907584 0.377829
0.907584 0.494886
0.916152 0.494886
0.916152 0.505819
0.918581 0.505819
0.918581 0.512151
0.916303 0.512151
0.916303 0.518416
0.905488 0.518416
0.905488 0.381739
0.904397 0.381739
0.904397 0.368943
0.901191 0.368943
0.901191 0.267866
0.899865 0.267866
0.899865 0.486277
0.899669 0.486277
0.899669 0.535685
0.893802 0.535685
0.893802 0.428648
0.891506 0.428648
0.891506 0.509723
0.884197 0.509723
0.884197 0.536954
0.881049 0.536954
0.881049 0.55216
0.902483 0.55216
0.902483 0.557447
0.920573 0.557447
0.920573 0.496777
0.921916 0.496777
0.921916 0.482833
0.941617 0.482833
0.941617 0.497965
0.944782 0.497965
0.944782 0.502193
0.949343 0.502193
0.949343 0.504158
0.926479 0.504158
0.926479 0.509727
0.931887 0.509727
0.931887 0.504895
0.934103 0.504895
0.934103 0.518082
0.941351 0.518082
0.941351 0.530184
0.935567 0.530184
0.935567 0.519992
0.925249 0.519992
0.925249 0.529852
0.928784 0.529852
0.928784 0.557397
0.922395 0.557397
0.922395 0.578945
0.915491 0.578945
0.915491 0.559905
0.87891 0.559905
0.87891 0.517294
0.876433 0.517294
0.876433 0.588961
0.856213 0.588961
0.856213 0.605435
0.829208 0.605435
0.829208 0.607051
0.718457 0.607051
0.718457 0.607503
0.821234 0.607503
0.821234 0.609837
0.816579 0.609837
0.816579 0.623082
0.777371 0.623082
0.777371 0.610081
0.727196 0.610081
0.727196 0.633345
0.730493 0.633345
0.730493 0.625226
0.764855 0.625226
0.764855 0.630664
0.733857 0.630664
0.733857 0.641561
0.788754 0.641561
0.788754 0.657719
0.75532 0.657719
0.75532 0.642035
0.751401 0.642035
0.751401 0.688054
0.558049 0.688054
0.558049 0.688083
0.588686 0.688083
0.588686 0.693272
0.590452 0.693272
0.590452 0.707726
0.587173 0.707726
0.587173 0.722141
0.581959 0.722141
0.581959 0.728074
0.616822 0.728074
0.616822 0.729959
0.630809 0.729959
0.630809 0.735675
0.61452 0.735675
0.61452 0.738392
0.635378 0.738392
0.635378 0.697045
0.641377 0.697045
0.641377 0.724726
0.642228 0.724726
0.642228 0.738955
0.668476 0.738955
0.668476 0.730157
0.662971 0.730157
0.662971 0.729433
0.698964 0.729433
0.698964 0.711836
0.692355 0.711836
0.692355 0.700663
0.706436 0.700663
0.706436 0.702622
0.839196 0.702622
0.839196 0.704607
0.721239 0.704607
0.721239 0.704256
0.708504 0.704256
0.708504 0.732738
0.725101 0.732738
0.725101 0.740481
0.605223 0.740481
0.605223 0.73534
0.578795 0.73534
0.578795 0.736179
0.576754 0.736179
0.576754 0.696981
0.586327 0.696981
0.586327 0.694978
0.579598 0.694978
0.579598 0.691629
0.529397 0.691629
0.529397 0.688652
0.474141 0.688652
0.474141 0.689176
0.39436 0.689176
0.39436 0.691737
0.439272 0.691737
0.439272 0.693467
0.322732 0.693467
0.322732 0.696895
0.363241 0.696895
0.363241 0.727256
0.363955 0.727256
0.363955 0.738118
0.424777 0.738118
0.424777 0.739952
0.408806 0.739952
0.408806 0.745947
0.430582 0.745947
0.430582 0.742813
0.44985 0.742813
0.44985 0.746699
0.435046 0.746699
0.435046 0.750806
0.43046 0.750806
0.43046 0.752369
0.383585 0.752369
0.383585 0.757373
0.400631 0.757373
0.400631 0.757537
0.497247 0.757537
0.497247 0.75645
0.529209 0.75645
0.529209 0.75561
0.655907 0.75561
0.655907 0.756405
0.669614 0.756405
0.669614 0.771692
0.681771 0.771692
0.681771 0.77299
0.599116 0.77299
0.599116 0.78279
0.669794 0.78279
0.669794 0.77827
0.756029 0.77827
0.756029 0.784418
0.794526 0.784418
0.794526 0.771959
0.797556 0.771959
0.797556 0.755458
0.828632 0.755458
0.828632 0.776914
0.840975 0.776914
0.840975 0.773575
0.862702 0.773575
0.862702 0.788428
0.871371 0.788428
0.871371 0.791109
0.861271 0.791109
0.861271 0.791953
0.858868 0.791953
0.858868 0.788837
0.829211 0.788837
0.829211 0.784717
0.763421 0.784717
0.763421 0.797332
0.75566 0.797332
0.75566 0.805204
0.675827 0.805204
0.675827 0.816892
0.490497 0.816892
0.490497 0.818323
0.523994 0.818323
0.523994 0.850832
0.552092 0.850832
0.552092 0.852389
0.542894 0.852389
0.542894 0.854028
0.596073 0.854028
0.596073 0.845072
0.598787 0.845072
0.598787 0.841832
0.60991 0.841832
0.60991 0.830184
0.620729 0.830184
0.620729 0.836553
0.633172 0.836553
0.633172 0.836494
0.625268 0.836494
0.625268 0.834606
0.719953 0.834606
0.719953 0.83297
0.732806 0.83297
0.732806 0.836722
0.683741 0.836722
0.683741 0.836824
0.610704 0.836824
0.610704 0.84239
0.744384 0.84239
0.744384 0.842449
0.839625 0.842449
0.839625 0.845594
0.632277 0.845594
0.632277 0.857252
0.729355 0.857252
0.729355 0.858324
0.621901 0.858324
0.621901 0.855383
0.588713 0.855383
0.588713 0.856404
0.529211 0.856404
0.529211 0.851436
0.513192 0.851436
0.513192 0.841234
0.515359 0.841234
0.515359 0.827192
0.520082 0.827192
0.520082 0.818923
0.494399 0.818923
0.494399 0.823855
0.496146 0.823855
0.496146 0.826588
0.484017 0.826588
0.484017 0.829877
0.482632 0.829877
0.482632 0.828281
0.470784 0.828281
0.470784 0.828677
0.470609 0.828677
0.470609 0.823557
0.470411 0.823557
0.470411 0.832195
0.461922 0.832195
0.461922 0.821039
0.459971 0.821039
0.459971 0.855734
0.500504 0.855734
0.500504 0.860469
0.453554 0.860469
0.453554 0.860335
0.459879 0.860335
0.459879 0.855149
0.457123 0.855149
0.457123 0.828239
0.451772 0.828239
0.451772 0.813695
0.585293 0.813695
0.585293 0.812114
0.453811 0.812114
0.453811 0.810407
0.499331 0.810407
0.499331 0.809051
0.471651 0.809051
0.471651 0.804818
0.74944 0.804818
0.74944 0.799505
0.716138 0.799505
0.716138 0.79926
0.746338 0.79926
0.746338 0.786302
0.71288 0.786302
0.71288 0.785894
0.743741 0.785894
0.743741 0.783566
0.596192 0.783566
0.596192 0.771446
0.648241 0.771446
0.648241 0.770559
0.559331 0.770559
0.559331 0.766003
0.579917 0.766003
0.579917 0.759564
0.608657 0.759564
0.608657 0.758416
0.540394 0.758416
0.540394 0.793911
0.50371 0.793911
0.50371 0.797068
0.455729 0.797068
0.455729 0.794409
0.480453 0.794409
0.480453 0.792959
0.514804 0.792959
0.514804 0.786467
0.536288 0.786467
0.536288 0.786448
0.519191 0.786448
0.519191 0.777756
0.538756 0.777756
0.538756 0.761718
0.397727 0.761718
0.397727 0.779904
0.391752 0.779904
0.391752 0.800924
0.324132 0.800924
0.324132 0.800301
0.383598 0.800301
0.383598 0.780057
0.369506 0.780057
0.369506 0.767203
0.368883 0.767203
0.368883 0.792291
0.368096 0.792291
0.368096 0.741213
0.359804 0.741213
0.359804 0.731068
0.353744 0.731068
0.353744 0.747517
0.326822 0.747517
0.326822 0.725379
0.349705 0.725379
0.349705 0.710581
0.328175 0.710581
0.328175 0.703477
0.316467 0.703477
0.316467 0.710918
0.291062 0.710918
0.291062 0.722319
0.278803 0.722319
0.278803 0.728965
0.271225 0.728965
0.271225 0.727647
0.260496 0.727647
0.260496 0.807413
0.265152 0.807413
0.265152 0.768633
0.272293 0.768633
0.272293 0.730425
0.272387 0.730425
0.272387 0.760123
0.283054 0.760123
0.283054 0.779457
0.27004 0.779457
0.27004 0.78039
0.314999 0.78039
0.314999 0.797653
0.307731 0.797653
0.307731 0.782043
0.274894 0.782043
0.274894 0.79354
0.273379 0.79354
0.273379 0.815563
0.254932 0.815563
0.254932 0.871476
0.25605 0.871476
0.25605 0.861207
0.278894 0.861207
0.278894 0.87859
0.284117 0.87859
0.284117 0.862714
0.284391 0.862714
0.284391 0.888228
0.272895 0.888228
0.272895 0.890723
0.263183 0.890723
0.263183 0.88872
0.13136 0.88872
0.13136 0.891395
0.12867 0.891395
0.12867 0.89777
0.127578 0.89777
0.127578 0.900404
0.145788 0.900404
0.145788 0.899752
0.371925 0.899752
0.371925 0.89203
0.39115 0.89203
0.39115 0.895793
0.421934 0.895793
0.421934 0.890257
0.428268 0.890257
0.428268 0.875924
0.424426 0.875924
0.424426 0.875783
0.416742 0.875783
0.416742 0.875284
0.386536 0.875284
0.386536 0.869387
0.389989 0.869387
0.389989 0.874993
0.428916 0.874993
0.428916 0.892842
0.425528 0.892842
0.425528 0.892882
0.447094 0.892882
0.447094 0.912624
0.442012 0.912624
0.442012 0.929121
0.446 0.929121
0.446 0.93679
0.450963 0.93679
0.450963 0.946359
0.48554 0.946359
0.48554 0.930809
0.47291 0.930809
0.47291 0.921445
0.484898 0.921445
0.484898 0.920852
0.474676 0.920852
0.474676 0.919656
0.468595 0.919656
0.468595 0.915758
0.475484 0.915758
0.475484 0.915419
0.486439 0.915419
0.486439 0.956121
0.449882 0.956121
0.449882 0.956739
0.471229 0.956739
0.471229 0.976217
0.512209 0.976217
0.512209 0.964075
0.516638 0.964075
0.516638 0.982755
0.524775 0.982755
0.524775 0.984393
0.470144 0.984393
0.470144 0.985217
0.531731 0.985217
0.531731 0.978252
0.541061 0.978252
0.541061 0.937044
0.56597 0.937044
0.56597 0.938471
0.586792 0.938471
0.586792 0.959526
0.594326 0.959526
0.594326 0.947365
0.603034 0.947365
0.603034 0.946122
0.614693 0.946122
0.614693 0.935953
0.634032 0.935953
0.634032 0.923855
0.63612 0.923855
0.63612 0.955902
0.65312 0.955902
0.65312 0.948607
0.743277 0.948607
0.743277 0.938285
0.741514 0.938285
0.741514 0.916174
0.759609 0.916174
0.759609 0.924114
0.7652 0.924114
0.7652 0.917541
0.836398 0.917541
0.836398 0.918794
0.797641 0.918794
0.797641 0.920903
0.809609 0.920903
0.809609 0.924839
0.846482 0.924839
0.846482 0.930771
0.895122 0.930771
0.895122 0.925064
0.898997 0.925064
0.898997 0.94431
0.902252 0.94431
0.902252 0.926919
0.903208 0.926919
0.903208 1
