2048
0.838592 1
0.838592 0.995536
0.759339 0.995536
0.759339 0.995292
0.778664 0.995292
0.778664 0.9937
0.748459 0.9937
0.748459 0.977414
0.669677 0.977414
0.669677 0.976606
0.545171 0.976606
0.545171 0.919823
0.547791 0.919823
0.547791 0.917532
0.544884 0.917532
0.544884 0.910404
0.547931 0.910404
0.547931 0.922975
0.576783 0.922975
0.576783 0.921546
0.593462 0.921546
0.593462 0.8902
0.595064 0.8902
0.595064 0.880742
0.600086 0.880742
0.600086 0.701787
0.592678 0.701787
0.592678 0.693966
0.597489 0.693966
0.597489 0.660524
0.593886 0.660524
0.593886 0.658366
0.592826 0.658366
0.592826 0.650258
0.596546 0.650258
0.596546 0.643496
0.623973 0.643496
0.623973 0.608838
0.63387 0.608838
0.63387 0.597054
0.619518 0.597054
0.619518 0.606353
0.611341 0.606353
0.611341 0.603706
0.573501 0.603706
0.573501 0.57548
0.580061 0.57548
0.580061 0.570673
0.558017 0.570673
0.558017 0.404572
0.554151 0.404572
0.554151 0.428213
0.557738 0.428213
0.557738 0.4414
0.552794 0.4414
0.552794 0.422308
0.550089 0.422308
0.550089 0.419722
0.549337 0.419722
0.549337 0.179785
0.552496 0.179785
0.552496 0.192021
0.555358 0.192021
0.555358 0.151157
0.539231 0.151157
0.539231 0.112892
0.525299 0.112892
0.525299 0.157579
0.513235 0.157579
0.513235 0.153619
0.479625 0.153619
0.479625 0.153896
0.450428 0.153896
0.450428 0.163792
0.440156 0.163792
0.440156 0.170501
0.449443 0.170501
0.449443 0.184875
0.343953 0.184875
0.343953 0.187362
0.385059 0.187362
0.385059 0.189043
0.382748 0.189043
0.382748 0.204656
0.385704 0.204656
0.385704 0.208237
0.377566 0.208237
0.377566 0.237102
0.370791 0.237102
0.370791 0.256085
0.367555 0.256085
0.367555 0.296311
0.447698 0.296311
0.447698 0.28279
0.456599 0.28279
0.456599 0.287924
0.462512 0.287924
0.462512 0.296551
0.371737 0.296551
0.371737 0.299495
0.490843 0.299495
0.490843 0.226269
0.49144 0.226269
0.49144 0.268895
0.501537 0.268895
0.501537 0.302355
0.521176 0.302355
0.521176 0.274706
0.527458 0.274706
0.527458 0.330004
0.52744 0.330004
0.52744 0.340268
0.490258 0.340268
0.490258 0.345809
0.524641 0.345809
0.524641 0.348832
0.438832 0.348832
0.438832 0.331167
0.416554 0.331167
0.416554 0.342494
0.390781 0.342494
0.390781 0.331538
0.410616 0.331538
0.410616 0.327999
0.487388 0.327999
0.487388 0.333072
0.500242 0.333072
0.500242 0.334048
0.520414 0.334048
0.520414 0.302597
0.465284 0.302597
0.465284 0.301117
0.365028 0.301117
0.365028 0.304792
0.389413 0.304792
0.389413 0.32716
0.388889 0.32716
0.388889 0.319348
0.375561 0.319348
0.375561 0.347715
0.374695 0.347715
0.374695 0.358302
0.373458 0.358302
0.373458 0.372136
0.369803 0.372136
0.369803 0.324319
0.363854 0.324319
0.363854 0.255788
0.363291 0.255788
0.363291 0.247507
0.363601 0.247507
0.363601 0.251328
0.369064 0.251328
0.369064 0.222025
0.354016 0.222025
0.354016 0.22977
0.354545 0.22977
0.354545 0.230102
0.354154 0.230102
0.354154 0.333987
0.350864 0.333987
0.350864 0.248979
0.346813 0.248979
0.346813 0.379938
0.340832 0.379938
0.340832 0.364741
0.327032 0.364741
0.327032 0.36693
0.313956 0.36693
0.313956 0.399488
0.318978 0.399488
0.318978 0.401102
0.303643 0.401102
0.303643 0.414138
0.33749 0.414138
0.33749 0.437221
0.310307 0.437221
0.310307 0.436483
0.284853 0.436483
0.284853 0.434623
0.30891 0.434623
0.30891 0.430503
0.283293 0.430503
0.283293 0.453625
0.2861 0.453625
0.2861 0.439276
0.38729 0.439276
0.38729 0.439613
0.312975 0.439613
0.312975 0.447711
0.394155 0.447711
0.394155 0.427702
0.455918 0.427702
0.455918 0.421786
0.489642 0.421786
0.489642 0.42077
0.431359 0.42077
0.431359 0.401947
0.499608 0.401947
0.499608 0.404195
0.466828 0.404195
0.466828 0.419426
0.515884 0.419426
0.515884 0.422246
0.481963 0.422246
0.481963 0.423652
0.492477 0.423652
0.492477 0.49246
0.493748 0.49246
0.493748 0.497341
0.507517 0.497341
0.507517 0.486979
0.498802 0.486979
0.498802 0.473515
0.494025 0.473515
0.494025 0.460907
0.525658 0.460907
0.525658 0.465088
0.522214 0.465088
0.522214 0.481417
0.502364 0.481417
0.502364 0.484808
0.515648 0.484808
0.515648 0.498104
0.495023 0.498104
0.495023 0.513468
0.506456 0.513468
0.506456 0.521282
0.518416 0.521282
0.518416 0.623189
0.509588 0.623189
0.509588 0.653974
0.502596 0.653974
0.502596 0.601687
0.508255 0.601687
0.508255 0.577554
0.504976 0.577554
0.504976 0.570981
0.502808 0.570981
0.502808 0.544671
0.503814 0.544671
0.503814 0.538704
0.491932 0.538704
0.491932 0.478328
0.491308 0.478328
0.491308 0.470092
0.489979 0.470092
0.489979 0.458593
0.484786 0.458593
0.484786 0.512974
0.485591 0.512974
0.485591 0.57348
0.484696 0.57348
0.484696 0.702397
0.485495 0.702397
0.485495 0.727837
0.48561 0.727837
0.48561 0.744464
0.487172 0.744464
0.487172 0.884092
0.480774 0.884092
0.480774 0.88028
0.476963 0.88028
0.476963 0.706017
0.476584 0.706017
0.476584 0.72837
0.473054 0.72837
0.473054 0.731288
0.476333 0.731288
0.476333 0.920069
0.44949 0.920069
0.44949 0.919796
0.446005 0.919796
0.446005 0.882953
0.441494 0.882953
0.441494 0.941032
0.437931 0.941032
0.437931 0.97254
0.43711 0.97254
0.43711 0.909753
0.439857 0.909753
0.439857 0.911717
0.441028 0.911717
0.441028 0.890718
0.421716 0.890718
0.421716 0.883875
0.419627 0.883875
0.419627 0.862344
0.42383 0.862344
0.42383 0.847547
0.407978 0.847547
0.407978 0.832785
0.407295 0.832785
0.407295 0.812943
0.405851 0.812943
0.405851 0.794298
0.429321 0.794298
0.429321 0.808941
0.431924 0.808941
0.431924 0.786614
0.440357 0.786614
0.440357 0.821239
0.427564 0.821239
0.427564 0.801873
0.425989 0.801873
0.425989 0.809442
0.424053 0.809442
0.424053 0.880214
0.431721 0.880214
0.431721 0.874779
0.450817 0.874779
0.450817 0.883138
0.453616 0.883138
0.453616 0.916369
0.468432 0.916369
0.468432 0.892257
0.468888 0.892257
0.468888 0.899462
0.471788 0.899462
0.471788 0.884788
0.470818 0.884788
0.470818 0.84083
0.472923 0.84083
0.472923 0.735177
0.470233 0.735177
0.470233 0.882499
0.468994 0.882499
0.468994 0.826797
0.468937 0.826797
0.468937 0.698784
0.469056 0.698784
0.469056 0.587531
0.464978 0.587531
0.464978 0.460103
0.471687 0.460103
0.471687 0.47037
0.466957 0.47037
0.466957 0.549677
0.469723 0.549677
0.469723 0.701252
0.471812 0.701252
0.471812 0.697314
0.480297 0.697314
0.480297 0.81112
0.478757 0.81112
0.478757 0.829946
0.47808 0.829946
0.47808 0.836438
0.482084 0.836438
0.482084 0.441472
0.459804 0.441472
0.459804 0.445119
0.455316 0.445119
0.455316 0.535009
0.446877 0.535009
0.446877 0.55357
0.442345 0.55357
0.442345 0.525145
0.430462 0.525145
0.430462 0.528014
0.398 0.528014
0.398 0.539871
0.400639 0.539871
0.400639 0.536195
0.428427 0.536195
0.428427 0.55273
0.427523 0.55273
0.427523 0.554207
0.426333 0.554207
0.426333 0.633205
0.4217 0.633205
0.4217 0.643889
0.4188 0.643889
0.4188 0.552171
0.394099 0.552171
0.394099 0.525238
0.40858 0.525238
0.40858 0.518179
0.410463 0.518179
0.410463 0.49029
0.421199 0.49029
0.421199 0.507574
0.412621 0.507574
0.412621 0.512149
0.414398 0.512149
0.414398 0.521043
0.416278 0.521043
0.416278 0.516013
0.439964 0.516013
0.439964 0.524315
0.454039 0.524315
0.454039 0.464488
0.45188 0.464488
0.45188 0.432628
0.447997 0.432628
0.447997 0.438983
0.433081 0.438983
0.433081 0.449063
0.429426 0.449063
0.429426 0.451415
0.401141 0.451415
0.401141 0.449304
0.395341 0.449304
0.395341 0.44947
0.324784 0.44947
0.324784 0.449768
0.328121 0.449768
0.328121 0.451807
0.299006 0.451807
0.299006 0.462576
0.350082 0.462576
0.350082 0.460674
0.358335 0.460674
0.358335 0.473297
0.335668 0.473297
0.335668 0.478875
0.286009 0.478875
0.286009 0.456708
0.27003 0.456708
0.27003 0.491087
0.277509 0.491087
0.277509 0.567828
0.280653 0.567828
0.280653 0.733114
0.27673 0.733114
0.27673 0.740355
0.273435 0.740355
0.273435 0.770399
0.271535 0.770399
0.271535 0.866071
0.2625 0.866071
0.2625 0.828999
0.263906 0.828999
0.263906 0.80523
0.249688 0.80523
0.249688 0.848353
0.255802 0.848353
0.255802 0.932976
0.281058 0.932976
0.281058 0.932722
0.296356 0.932722
0.296356 0.930441
0.338717 0.930441
0.338717 0.92868
0.342972 0.92868
0.342972 0.951459
0.316942 0.951459
0.316942 0.947664
0.331241 0.947664
0.331241 0.941581
0.254923 0.941581
0.254923 0.861535
0.246128 0.861535
0.246128 0.856474
0.241464 0.856474
0.241464 0.89022
0.24037 0.89022
0.24037 0.789576
0.236783 0.789576
0.236783 0.745131
0.239071 0.745131
0.239071 0.700487
0.241593 0.700487
0.241593 0.822786
0.244703 0.822786
0.244703 0.839044
0.248863 0.839044
0.248863 0.721523
0.251305 0.721523
0.251305 0.627016
0.252176 0.627016
0.252176 0.70919
0.2529 0.70919
0.2529 0.795363
0.256503 0.795363
0.256503 0.777322
0.270743 0.777322
0.270743 0.702356
0.256964 0.702356
0.256964 0.697539
0.258818 0.697539
0.258818 0.625345
0.260362 0.625345
0.260362 0.670776
0.266221 0.670776
0.266221 0.604379
0.258201 0.604379
0.258201 0.59656
0.272862 0.59656
0.272862 0.726652
0.277353 0.726652
0.277353 0.543762
0.256307 0.543762
0.256307 0.443842
0.256351 0.443842
0.256351 0.277334
0.256017 0.277334
0.256017 0.415987
0.254122 0.415987
0.254122 0.368523
0.247637 0.368523
0.247637 0.532354
0.225456 0.532354
0.225456 0.457994
0.244042 0.457994
0.244042 0.421027
0.235098 0.421027
0.235098 0.357504
0.222875 0.357504
0.222875 0.375244
0.212941 0.375244
0.212941 0.41645
0.217876 0.41645
0.217876 0.423966
0.212629 0.423966
0.212629 0.496123
0.209089 0.496123
0.209089 0.506451
0.196325 0.506451
0.196325 0.542459
0.207122 0.542459
0.207122 0.58144
0.213753 0.58144
0.213753 0.566124
0.215874 0.566124
0.215874 0.599288
0.203983 0.599288
0.203983 0.606706
0.199486 0.606706
0.199486 0.616254
0.197918 0.616254
0.197918 0.624286
0.198324 0.624286
0.198324 0.744446
0.194416 0.744446
0.194416 0.718221
0.194997 0.718221
0.194997 0.481388
0.198945 0.481388
0.198945 0.49166
0.211668 0.49166
0.211668 0.482984
0.210471 0.482984
0.210471 0.342957
0.232215 0.342957
0.232215 0.321661
0.227554 0.321661
0.227554 0.30573
0.232585 0.30573
0.232585 0.247121
0.249565 0.247121
0.249565 0.241469
0.257454 0.241469
0.257454 0.416493
0.281489 0.416493
0.281489 0.429701
0.286418 0.429701
0.286418 0.418843
0.299625 0.418843
0.299625 0.270163
0.315392 0.270163
0.315392 0.279142
0.32723 0.279142
0.32723 0.328414
0.339754 0.328414
0.339754 0.329272
0.341024 0.329272
0.341024 0.237353
0.329964 0.237353
0.329964 0.269511
0.315937 0.269511
0.315937 0.245315
0.319373 0.245315
0.319373 0.225488
0.325077 0.225488
0.325077 0.220057
0.377132 0.220057
0.377132 0.228108
0.377206 0.228108
0.377206 0.191166
0.37582 0.191166
0.37582 0.217216
0.305697 0.217216
0.305697 0.215754
0.192289 0.215754
0.192289 0.203608
0.191381 0.203608
0.191381 0.200842
0.145004 0.200842
0.145004 0.115321
0.137453 0.115321
0.137453 0.115212
0.109584 0.115212
0.109584 0.0847604
0.110108 0.0847604
0.110108 0.0290542
0.101591 0.0290542
0.101591 0.0340643
0.102184 0.0340643
0.102184 0.0666764
0.109412 0.0666764
0.109412 0.109665
0.107775 0.109665
0.107775 0.112543
0.0990344 0.112543
0.0990344 0.0901027
0.0870377 0.0901027
0.0870377 0.12781
0.0984052 0.12781
0.0984052 0.132152
0.0833129 0.132152
0.0833129 0.16138
0.102001 0.16138
0.102001 0.139361
0.105482 0.139361
0.105482 0.190634
0.111024 0.190634
0.111024 0.198212
0.0965024 0.198212
0.0965024 0.167821
0.0920851 0.167821
0.0920851 0.162679
0.0816981 0.162679
0.0816981 0.113646
0.0764084 0.113646
0.0764084 0.154355
0.0675019 0.154355
0.0675019 0.126807
0.0743643 0.126807
0.0743643 0.127279
0.075764 0.127279
0.075764 0.103452
0.0687107 0.103452
0.0687107 0.116261
0.044334 0.116261
0.044334 0.121168
0.0472174 0.121168
0.0472174 0.217745
0.0462179 0.217745
0.0462179 0.201313
0.0326763 0.201313
0.0326763 0.271146
0.112918 0.271146
0.112918 0.271356
0.0849461 0.271356
0.0849461 0.27241
0.113805 0.27241
0.113805 0.257101
0.105864 0.257101
0.105864 0.252357
0.113608 0.252357
0.113608 0.254775
0.124378 0.254775
0.124378 0.239074
0.170034 0.239074
0.170034 0.223743
0.175999 0.223743
0.175999 0.239517
0.177624 0.239517
0.177624 0.2455
0.180049 0.2455
0.180049 0.245124
0.180594 0.245124
0.180594 0.243644
0.185129 0.243644
0.185129 0.233557
0.186329 0.233557
0.186329 0.22727
0.191198 0.22727
0.191198 0.229936
0.187704 0.229936
0.187704 0.263933
0.176413 0.263933
0.176413 0.29915
0.163585 0.29915
0.163585 0.296483
0.175441 0.296483
0.175441 0.269235
0.172076 0.269235
0.172076 0.258559
0.166656 0.258559
0.166656 0.260908
0.161366 0.260908
0.161366 0.268539
0.162734 0.268539
0.162734 0.270675
0.15581 0.270675
0.15581 0.260877
0.147324 0.260877
0.147324 0.256945
0.154493 0.256945
0.154493 0.243866
0.160228 0.243866
0.160228 0.24025
0.134211 0.24025
0.134211 0.311211
0.12199 0.311211
0.12199 0.313235
0.151621 0.313235
0.151621 0.314173
0.165483 0.314173
0.165483 0.311307
0.178878 0.311307
0.178878 0.314859
0.160558 0.314859
0.160558 0.321336
0.170209 0.321336
0.170209 0.322924
0.171161 0.322924
0.171161 0.356424
0.159218 0.356424
0.159218 0.351609
0.158134 0.351609
0.158134 0.317854
0.132575 0.317854
0.132575 0.33549
0.146573 0.33549
0.146573 0.354621
0.139853 0.354621
0.139853 0.349322
0.128674 0.349322
0.128674 0.371102
0.137596 0.371102
0.137596 0.383956
0.123344 0.383956
0.123344 0.385399
0.161494 0.385399
0.161494 0.376057
0.160524 0.376057
0.160524 0.371748
0.165864 0.371748
0.165864 0.412178
0.171457 0.412178
0.171457 0.415986
0.164795 0.415986
0.164795 0.417463
0.158881 0.417463
0.158881 0.413584
0.15172 0.413584
0.15172 0.440542
0.146361 0.440542
0.146361 0.431941
0.144471 0.431941
0.144471 0.398458
0.160705 0.398458
0.160705 0.386293
0.157084 0.386293
0.157084 0.385949
0.122559 0.385949
0.122559 0.376481
0.124242 0.376481
0.124242 0.343745
0.118438 0.343745
0.118438 0.283495
0.122991 0.283495
0.122991 0.28003
0.0705131 0.28003
0.0705131 0.280686
0.0268882 0.280686
0.0268882 0.241871
0.0234015 0.241871
0.0234015 0.181518
0.0436079 0.181518
0.0436079 0.152972
0.0193391 0.152972
0.0193391 0.115304
0.0178106 0.115304
0.0178106 0.205068
0.0154458 0.205068
0.0154458 0.642418
0.0144118 0.642418
0.0144118 0.720998
0.0174667 0.720998
0.0174667 0.842467
0.0143442 0.842467
0.0143442 0.84956
0.0219612 0.84956
0.0219612 0.6932
0.02236 0.6932
0.02236 0.82715
0.0240522 0.82715
0.0240522 0.863717
0.0193072 0.863717
0.0193072 0.883622
0.0195851 0.883622
0.0195851 0.867561
0.0221346 0.867561
0.0221346 0.864307
0.0309249 0.864307
0.0309249 0.799156
0.0470631 0.799156
0.0470631 0.779465
0.0375515 0.779465
0.0375515 0.789613
0.0355395 0.789613
0.0355395 0.774557
0.0252454 0.774557
0.0252454 0.653291
0.0473386 0.653291
0.0473386 0.578762
0.0541972 0.578762
0.0541972 0.540919
0.0563415 0.540919
0.0563415 0.504657
0.0568744 0.504657
0.0568744 0.471574
0.0424335 0.471574
0.0424335 0.462955
0.0591626 0.462955
0.0591626 0.531235
0.0687807 0.531235
0.0687807 0.459317
0.0707738 0.459317
0.0707738 0.537818
0.0618707 0.537818
0.0618707 0.575131
0.0668024 0.575131
0.0668024 0.587994
0.0501292 0.587994
0.0501292 0.601762
0.0491925 0.601762
0.0491925 0.661165
0.0338215 0.661165
0.0338215 0.690109
0.0259941 0.690109
0.0259941 0.748321
0.0321783 0.748321
0.0321783 0.716297
0.0368806 0.716297
0.0368806 0.696845
0.0383711 0.696845
0.0383711 0.713348
0.0678542 0.713348
0.0678542 0.749227
0.0829686 0.749227
0.0829686 0.694066
0.0834845 0.694066
0.0834845 0.686614
0.103616 0.686614
0.103616 0.683845
0.0971879 0.683845
0.0971879 0.557278
0.0760311 0.557278
0.0760311 0.5423
0.0857806 0.5423
0.0857806 0.550001
0.0935049 0.550001
0.0935049 0.545822
0.0967327 0.545822
0.0967327 0.545104
0.0999371 0.545104
0.0999371 0.622725
0.100063 0.622725
0.100063 0.653954
0.105868 0.653954
0.105868 0.654148
0.1051 0.654148
0.1051 0.679974
0.10766 0.679974
0.10766 0.687569
0.123163 0.687569
0.123163 0.671458
0.114548 0.671458
0.114548 0.670369
0.142564 0.670369
0.142564 0.667522
0.111148 0.667522
0.111148 0.666121
0.111052 0.666121
0.111052 0.664728
0.122386 0.664728
0.122386 0.66576
0.143566 0.66576
0.143566 0.685926
0.140534 0.685926
0.140534 0.693059
0.08462 0.693059
0.08462 0.722086
0.090729 0.722086
0.090729 0.743362
0.0918304 0.743362
0.0918304 0.743936
0.086975 0.743936
0.086975 0.729129
0.0845601 0.729129
0.0845601 0.698001
0.0831923 0.698001
0.0831923 0.751581
0.0550073 0.751581
0.0550073 0.745614
0.0621163 0.745614
0.0621163 0.717475
0.0449791 0.717475
0.0449791 0.771131
0.0405883 0.771131
0.0405883 0.775349
0.0498693 0.775349
0.0498693 0.770744
0.0503976 0.770744
0.0503976 0.789283
0.0472217 0.789283
0.0472217 0.80999
0.0349657 0.80999
0.0349657 0.822792
0.0517042 0.822792
0.0517042 0.833002
0.0737892 0.833002
0.0737892 0.846553
0.056336 0.846553
0.056336 0.850435
0.0559563 0.850435
0.0559563 0.87185
0.0616027 0.87185
0.0616027 0.875128
0.0516034 0.875128
0.0516034 0.835519
0.0422954 0.835519
0.0422954 0.869969
0.0225037 0.869969
0.0225037 0.872996
0.028852 0.872996
0.028852 0.883815
0.0132354 0.883815
0.0132354 0.88508
0.0738931 0.88508
0.0738931 0.894312
0.0699425 0.894312
0.0699425 0.889121
0.0183391 0.889121
0.0183391 0.886227
0.0126678 0.886227
0.0126678 0.686962
0.0134122 0.686962
0.0134122 0.626351
0.012647 0.626351
0.012647 0.587095
0.0134694 0.587095
0.0134694 0.543711
0.0152017 0.543711
0.0152017 0.519787
0.0112068 0.519787
0.0112068 0.646024
0.0108929 0.646024
0.0108929 0.648421
0.0088462 0.648421
0.0088462 0.695874
0.0064589 0.695874
0.0064589 0.715819
0.00578809 0.715819
0.00578809 0.831585
0.000420341 0.831585
0.000420341 0.657236
0.00254388 0.657236
0.00254388 0.604974
0 0.604974
0 0.478249
0.0100281 0.478249
0.0100281 0.632309
0.0108754 0.632309
0.0108754 0.113295
0.0336549 0.113295
0.0336549 0.151108
0.0430877 0.151108
0.0430877 0.0871385
0.0943792 0.0871385
0.0943792 0.0802529
0.0919668 0.0802529
0.0919668 0.02768
0.168118 0.02768
0.168118 0.0273379
0.173617 0.0273379
0.173617 0.0210797
0.175353 0.0210797
0.175353 0.035316
0.170625 0.035316
0.170625 0.0465327
0.17419 0.0465327
0.17419 0.0598631
0.141624 0.0598631
0.141624 0.0769266
0.14182 0.0769266
0.14182 0.0773747
0.166534 0.0773747
0.166534 0.0822826
0.126713 0.0822826
0.126713 0.0651447
0.120416 0.0651447
0.120416 0.0553312
0.160463 0.0553312
0.160463 0.0538715
0.169524 0.0538715
0.169524 0.0491547
0.114024 0.0491547
0.114024 0.114978
0.12016 0.114978
0.12016 0.0983427
0.138878 0.0983427
0.138878 0.112724
0.154611 0.112724
0.154611 0.145489
0.154217 0.145489
0.154217 0.138036
0.150863 0.138036
0.150863 0.15639
0.145221 0.15639
0.145221 0.178897
0.146245 0.178897
0.146245 0.198803
0.191295 0.198803
0.191295 0.198425
0.19427 0.198425
0.19427 0.209107
0.195504 0.209107
0.195504 0.19988
0.21917 0.19988
0.21917 0.199899
0.214273 0.199899
0.214273 0.202963
0.202954 0.202963
0.202954 0.210615
0.285538 0.210615
0.285538 0.203907
0.322512 0.203907
0.322512 0.21607
0.349321 0.21607
0.349321 0.205081
0.355276 0.205081
0.355276 0.21431
0.369478 0.21431
0.369478 0.188883
0.348322 0.188883
0.348322 0.197198
0.33856 0.197198
0.33856 0.194928
0.301606 0.194928
0.301606 0.194573
0.291467 0.194573
0.291467 0.187396
0.202922 0.187396
0.202922 0.18852
0.176667 0.18852
0.176667 0.187338
0.208451 0.187338
0.208451 0.177553
0.213555 0.177553
0.213555 0.176365
0.24026 0.176365
0.24026 0.171543
0.321994 0.171543
0.321994 0.170037
0.362481 0.170037
0.362481 0.176864
0.224949 0.176864
0.224949 0.185651
0.232423 0.185651
0.232423 0.182365
0.369093 0.182365
0.369093 0.177606
0.406388 0.177606
0.406388 0.160046
0.431009 0.160046
0.431009 0.13127
0.4342 0.13127
0.4342 0.133921
0.524305 0.133921
0.524305 0.111677
0.540699 0.111677
0.540699 0.0705338
0.529655 0.0705338
0.529655 0.063521
0.530143 0.063521
0.530143 0.0607685
0.373012 0.0607685
0.373012 0.0626205
0.359601 0.0626205
0.359601 0.0714984
0.353074 0.0714984
0.353074 0.0633222
0.351212 0.0633222
0.351212 0.0880961
0.37661 0.0880961
0.37661 0.069466
0.394261 0.069466
0.394261 0.0980341
0.393687 0.0980341
0.393687 0.0968232
0.383452 0.0968232
0.383452 0.0983343
0.374814 0.0983343
0.374814 0.106489
0.357036 0.106489
0.357036 0.107583
0.176412 0.107583
0.176412 0.104792
0.185046 0.104792
0.185046 0.100581
0.234864 0.100581
0.234864 0.100203
0.299619 0.100203
0.299619 0.100189
0.359168 0.100189
0.359168 0.0986132
0.371103 0.0986132
0.371103 0.0934761
0.351053 0.0934761
0.351053 0.0754882
0.297874 0.0754882
0.297874 0.0752891
0.221513 0.0752891
0.221513 0.0589748
0.196421 0.0589748
0.196421 0.0259522
0.344321 0.0259522
0.344321 0.0458398
0.306694 0.0458398
0.306694 0.0377282
0.323077 0.0377282
0.323077 0.0283293
0.265091 0.0283293
0.265091 0.0551613
0.22229 0.0551613
0.22229 0.0709787
0.290662 0.0709787
0.290662 0.0613547
0.2225 0.0613547
0.2225 0.0607501
0.530799 0.0607501
0.530799 0.0551258
0.479207 0.0551258
0.479207 0.0484
0.534987 0.0484
0.534987 0.0483237
0.544039 0.0483237
0.544039 0.0435316
0.536444 0.0435316
0.536444 0.040958
0.531455 0.040958
0.531455 0.0272538
0.543193 0.0272538
0.543193 0.022857
0.54021 0.022857
0.54021 0.0231567
0.534526 0.0231567
0.534526 0.0148842
0.533218 0.0148842
0.533218 0.0101535
0.433002 0.0101535
0.433002 0.0108609
0.446013 0.0108609
0.446013 0.0149224
0.416415 0.0149224
0.416415 0.0149043
0.436144 0.0149043
0.436144 0.0135978
0.213815 0.0135978
0.213815 0.00751648
0.274073 0.00751648
0.274073 0.00477543
0.19447 0.00477543
0.19447 0.00681091
0.182659 0.00681091
0.182659 0.0066028
0.187089 0.0066028
0.187089 0.00316479
0.191996 0.00316479
0.191996 0
0.361414 0
0.361414 0.000462322
0.370993 0.000462322
0.370993 0.00310416
0.356592 0.00310416
0.356592 0.00374547
0.300878 0.00374547
0.300878 0.0088726
0.230189 0.0088726
0.230189 0.0117783
0.409334 0.0117783
0.409334 0.007958
0.388782 0.007958
0.388782 0.00178327
0.484757 0.00178327
0.484757 0.00980162
0.530162 0.00980162
0.530162 0.00480436
0.525324 0.00480436
0.525324 0.000996684
0.540355 0.000996684
0.540355 0.0165713
0.544179 0.0165713
0.544179 0.0702562
0.541305 0.0702562
0.541305 0.0598757
0.540972 0.0598757
0.540972 0.0924637
0.540818 0.0924637
0.540818 0.128798
0.552752 0.128798
0.552752 0.129003
0.583934 0.129003
0.583934 0.161094
0.57279 0.161094
0.57279 0.181693
0.642822 0.181693
0.642822 0.147546
0.584729 0.147546
0.584729 0.126276
0.738067 0.126276
0.738067 0.181177
0.722324 0.181177
0.722324 0.136181
0.699409 0.136181
0.699409 0.133929
0.648436 0.133929
0.648436 0.19088
0.639789 0.19088
0.639789 0.203133
0.610695 0.203133
0.610695 0.204352
0.591756 0.204352
0.591756 0.187313
0.62533 0.187313
0.62533 0.184316
0.563177 0.184316
0.563177 0.179123
0.57249 0.179123
0.57249 0.166215
0.561186 0.166215
0.561186 0.192231
0.552039 0.192231
0.552039 0.394383
0.558451 0.394383
0.558451 0.482343
0.558402 0.482343
0.558402 0.517183
0.574645 0.517183
0.574645 0.497009
0.585407 0.497009
0.585407 0.514471
0.59116 0.514471
0.59116 0.524083
0.574626 0.524083
0.574626 0.544597
0.561713 0.544597
0.561713 0.569159
0.599256 0.569159
0.599256 0.566619
0.662237 0.566619
0.662237 0.506776
0.661431 0.506776
0.661431 0.377711
0.661269 0.377711
0.661269 0.339133
0.663059 0.339133
0.663059 0.325632
0.693062 0.325632
0.693062 0.354606
0.70049 0.354606
0.70049 0.318827
0.652093 0.318827
0.652093 0.292235
0.629019 0.292235
0.629019 0.357671
0.62124 0.357671
0.62124 0.366281
0.619426 0.366281
0.619426 0.340814
0.618665 0.340814
0.618665 0.438997
0.60875 0.438997
0.60875 0.368006
0.613892 0.368006
0.613892 0.279832
0.568319 0.279832
0.568319 0.357526
0.571789 0.357526
0.571789 0.336067
0.580153 0.336067
0.580153 0.351357
0.574087 0.351357
0.574087 0.361771
0.563336 0.361771
0.563336 0.32799
0.561667 0.32799
0.561667 0.218723
0.57199 0.218723
0.57199 0.25899
0.590786 0.25899
0.590786 0.261549
0.582912 0.261549
0.582912 0.277052
0.602272 0.277052
0.602272 0.262071
0.619935 0.262071
0.619935 0.324432
0.626243 0.324432
0.626243 0.236444
0.744642 0.236444
0.744642 0.165447
0.744967 0.165447
0.744967 0.108167
0.745122 0.108167
0.745122 0.0226672
0.747824 0.0226672
0.747824 0.127628
0.747914 0.127628
0.747914 0.184738
0.744682 0.184738
0.744682 0.238271
0.715692 0.238271
0.715692 0.237264
0.634596 0.237264
0.634596 0.280456
0.6872 0.280456
0.6872 0.287012
0.654302 0.287012
0.654302 0.297753
0.681346 0.297753
0.681346 0.308245
0.702209 0.308245
0.702209 0.364863
0.706442 0.364863
0.706442 0.372833
0.701054 0.372833
0.701054 0.393307
0.685891 0.393307
0.685891 0.348917
0.664831 0.348917
0.664831 0.568345
0.606156 0.568345
0.606156 0.590234
0.583706 0.590234
0.583706 0.596262
0.664545 0.596262
0.664545 0.602774
0.67453 0.602774
0.67453 0.82929
0.675678 0.82929
0.675678 0.858203
0.678408 0.858203
0.678408 0.463305
0.671524 0.463305
0.671524 0.399582
0.680787 0.399582
0.680787 0.774296
0.684554 0.774296
0.684554 0.855373
0.705561 0.855373
0.705561 0.854809
0.717831 0.854809
0.717831 0.853136
0.719354 0.853136
0.719354 0.840222
0.718305 0.840222
0.718305 0.766173
0.716571 0.766173
0.716571 0.777043
0.696287 0.777043
0.696287 0.773905
0.689247 0.773905
0.689247 0.785391
0.687249 0.785391
0.687249 0.584557
0.688169 0.584557
0.688169 0.462371
0.705653 0.462371
0.705653 0.486687
0.707863 0.486687
0.707863 0.420957
0.710549 0.420957
0.710549 0.428843
0.707902 0.428843
0.707902 0.450267
0.721501 0.450267
0.721501 0.313403
0.717461 0.313403
0.717461 0.254609
0.70664 0.254609
0.70664 0.252458
0.665787 0.252458
0.665787 0.246009
0.722486 0.246009
0.722486 0.456941
0.72503 0.456941
0.72503 0.490379
0.726365 0.490379
0.726365 0.460527
0.726821 0.460527
0.726821 0.507122
0.688834 0.507122
0.688834 0.557155
0.688429 0.557155
0.688429 0.747414
0.689888 0.747414
0.689888 0.769916
0.702337 0.769916
0.702337 0.772908
0.696633 0.772908
0.696633 0.775639
0.715335 0.775639
0.715335 0.754935
0.723722 0.754935
0.723722 0.755264
0.728752 0.755264
0.728752 0.743854
0.702588 0.743854
0.702588 0.7403
0.743693 0.7403
0.743693 0.876565
0.744206 0.876565
0.744206 0.885911
0.742361 0.885911
0.742361 0.870365
0.734252 0.870365
0.734252 0.876726
0.734625 0.876726
0.734625 0.911113
0.72984 0.911113
0.72984 0.903395
0.72919 0.903395
0.72919 0.843396
0.732388 0.843396
0.732388 0.867052
0.736394 0.867052
0.736394 0.843547
0.743517 0.843547
0.743517 0.784679
0.725226 0.784679
0.725226 0.776229
0.729921 0.776229
0.729921 0.778879
0.743083 0.778879
0.743083 0.75824
0.725146 0.75824
0.725146 0.764329
0.723607 0.764329
0.723607 0.811675
0.72179 0.811675
0.72179 0.756534
0.720302 0.756534
0.720302 0.857656
0.709889 0.857656
0.709889 0.856661
0.699797 0.856661
0.699797 0.857114
0.691663 0.857114
0.691663 0.907738
0.690797 0.907738
0.690797 0.863962
0.666387 0.863962
0.666387 0.861101
0.659941 0.861101
0.659941 0.849458
0.653657 0.849458
0.653657 0.823203
0.653541 0.823203
0.653541 0.806829
0.650281 0.806829
0.650281 0.806337
0.659166 0.806337
0.659166 0.822449
0.661092 0.822449
0.661092 0.82689
0.672155 0.82689
0.672155 0.607672
0.651907 0.607672
0.651907 0.60931
0.630189 0.60931
0.630189 0.620409
0.638418 0.620409
0.638418 0.62936
0.66795 0.62936
0.66795 0.630444
0.630216 0.630444
0.630216 0.661186
0.603317 0.661186
0.603317 0.646088
0.600727 0.646088
0.600727 0.90951
0.59798 0.90951
0.59798 0.917989
0.607256 0.917989
0.607256 0.914672
0.607503 0.914672
0.607503 0.72017
0.605394 0.72017
0.605394 0.711647
0.624917 0.711647
0.624917 0.71647
0.634105 0.71647
0.634105 0.711377
0.641082 0.711377
0.641082 0.737089
0.643553 0.737089
0.643553 0.74717
0.663124 0.74717
0.663124 0.746864
0.665426 0.746864
0.665426 0.752414
0.659573 0.752414
0.659573 0.759919
0.669988 0.759919
0.669988 0.772973
0.66904 0.772973
0.66904 0.771525
0.648681 0.771525
0.648681 0.793519
0.643097 0.793519
0.643097 0.761192
0.642432 0.761192
0.642432 0.752508
0.638913 0.752508
0.638913 0.730561
0.630367 0.730561
0.630367 0.727393
0.621497 0.727393
0.621497 0.719843
0.610587 0.719843
0.610587 0.797811
0.610242 0.797811
0.610242 0.898372
0.609342 0.898372
0.609342 0.902577
0.647675 0.902577
0.647675 0.914053
0.613575 0.914053
0.613575 0.923303
0.553884 0.923303
0.553884 0.928282
0.548744 0.928282
0.548744 0.939177
0.605749 0.939177
0.605749 0.94012
0.636389 0.94012
0.636389 0.936238
0.6445 0.936238
0.6445 0.947141
0.671981 0.947141
0.671981 0.955348
0.772707 0.955348
0.772707 0.955595
0.870584 0.955595
0.870584 0.938531
0.854897 0.938531
0.854897 0.928014
0.834862 0.928014
0.834862 0.951754
0.825803 0.951754
0.825803 0.901999
0.82425 0.901999
0.82425 0.845806
0.827284 0.845806
0.827284 0.852642
0.848699 0.852642
0.848699 0.872759
0.827515 0.872759
0.827515 0.902025
0.828972 0.902025
0.828972 0.900903
0.839952 0.900903
0.839952 0.901729
0.843689 0.901729
0.843689 0.917414
0.833798 0.917414
0.833798 0.903346
0.834988 0.903346
0.834988 0.901033
0.830638 0.901033
0.830638 0.924833
0.856228 0.924833
0.856228 0.937636
0.859463 0.937636
0.859463 0.791827
0.854259 0.791827
0.854259 0.829749
0.847949 0.829749
0.847949 0.832966
0.846587 0.832966
0.846587 0.7527
0.84755 0.7527
0.84755 0.652854
0.835058 0.652854
0.835058 0.683382
0.835864 0.683382
0.835864 0.776485
0.83566 0.776485
0.83566 0.754183
0.828883 0.754183
0.828883 0.764669
0.828798 0.764669
0.828798 0.737347
0.817939 0.737347
0.817939 0.753347
0.796572 0.753347
0.796572 0.802561
0.795687 0.802561
0.795687 0.779847
0.791587 0.779847
0.791587 0.763353
0.782359 0.763353
0.782359 0.725571
0.782608 0.725571
0.782608 0.71789
0.79246 0.71789
0.79246 0.72167
0.82775 0.72167
0.82775 0.686156
0.772922 0.686156
0.772922 0.68194
0.767446 0.68194
0.767446 0.663241
0.762012 0.663241
0.762012 0.591838
0.752603 0.591838
0.752603 0.588398
0.752458 0.588398
0.752458 0.527096
0.772589 0.527096
0.772589 0.544064
0.777462 0.544064
0.777462 0.540339
0.780681 0.540339
0.780681 0.628098
0.777746 0.628098
0.777746 0.605096
0.777541 0.605096
0.777541 0.628178
0.771933 0.628178
0.771933 0.644448
0.768816 0.644448
0.768816 0.599666
0.766263 0.599666
0.766263 0.655778
0.769465 0.655778
0.769465 0.681795
0.831651 0.681795
0.831651 0.679932
0.808616 0.679932
0.808616 0.667315
0.824614 0.667315
0.824614 0.661664
0.805275 0.661664
0.805275 0.646661
0.801956 0.646661
0.801956 0.614516
0.819558 0.614516
0.819558 0.612004
0.785235 0.612004
0.785235 0.566458
0.784131 0.566458
0.784131 0.552121
0.783225 0.552121
0.783225 0.422364
0.78358 0.422364
0.78358 0.202627
0.791029 0.202627
0.791029 0.437819
0.790056 0.437819
0.790056 0.539874
0.7904 0.539874
0.7904 0.610966
0.796313 0.610966
0.796313 0.55524
0.797726 0.55524
0.797726 0.353204
0.79747 0.353204
0.79747 0.199594
0.78203 0.199594
0.78203 0.109301
0.78115 0.109301
0.78115 0.0544101
0.7739 0.0544101
0.7739 0.173119
0.76887 0.173119
0.76887 0.463286
0.770839 0.463286
0.770839 0.27978
0.77124 0.27978
0.77124 0.485563
0.763388 0.485563
0.763388 0.424583
0.76199 0.424583
0.76199 0.464416
0.759562 0.464416
0.759562 0.378491
0.766372 0.378491
0.766372 0.32688
0.756495 0.32688
0.756495 0.315717
0.753507 0.315717
0.753507 0.239698
0.753894 0.239698
0.753894 0.28422
0.758805 0.28422
0.758805 0.234182
0.756768 0.234182
0.756768 0.166896
0.765141 0.166896
0.765141 0.096132
0.749584 0.096132
0.749584 0.0188982
0.750865 0.0188982
0.750865 0.0292395
0.752533 0.0292395
0.752533 0.0251248
0.755105 0.0251248
0.755105 0.0314243
0.840751 0.0314243
0.840751 0.0785122
0.865211 0.0785122
0.865211 0.0473226
0.875737 0.0473226
0.875737 0.0284854
0.985283 0.0284854
0.985283 0.0178619
0.998183 0.0178619
0.998183 0.0258851
0.998347 0.0258851
0.998347 0.0347154
0.993731 0.0347154
0.993731 0.0368107
0.991429 0.0368107
0.991429 0.0385007
0.987559 0.0385007
0.987559 0.0474138
0.89761 0.0474138
0.89761 0.0620464
0.984935 0.0620464
0.984935 0.0674997
0.954162 0.0674997
0.954162 0.0644737
0.878241 0.0644737
0.878241 0.0796311
0.874585 0.0796311
0.874585 0.128472
0.870929 0.128472
0.870929 0.132088
0.92182 0.132088
0.92182 0.122594
0.984997 0.122594
0.984997 0.156456
0.985055 0.156456
0.985055 0.15799
0.980527 0.15799
0.980527 0.195559
0.989487 0.195559
0.989487 0.201152
0.983777 0.201152
0.983777 0.203465
0.9199 0.203465
0.9199 0.174419
0.912964 0.174419
0.912964 0.198202
0.838742 0.198202
0.838742 0.163825
0.898115 0.163825
0.898115 0.164906
0.911848 0.164906
0.911848 0.143974
0.855042 0.143974
0.855042 0.0949248
0.801175 0.0949248
0.801175 0.149921
0.811006 0.149921
0.811006 0.198329
0.808476 0.198329
0.808476 0.577448
0.806743 0.577448
0.806743 0.585025
0.818139 0.585025
0.818139 0.567381
0.81446 0.567381
0.81446 0.489829
0.822379 0.489829
0.822379 0.619927
0.822796 0.619927
0.822796 0.642468
0.82027 0.642468
0.82027 0.65908
0.827049 0.65908
0.827049 0.620955
0.948313 0.620955
0.948313 0.625377
0.950678 0.625377
0.950678 0.585885
0.932179 0.585885
0.932179 0.589102
0.920883 0.589102
0.920883 0.615392
0.913718 0.615392
0.913718 0.590091
0.872381 0.590091
0.872381 0.573502
0.891098 0.573502
0.891098 0.566619
0.916646 0.566619
0.916646 0.565547
0.924422 0.565547
0.924422 0.555849
0.927489 0.555849
0.927489 0.555103
0.936239 0.555103
0.936239 0.517826
0.94743 0.517826
0.94743 0.492825
0.954037 0.492825
0.954037 0.590381
0.961888 0.590381
0.961888 0.523293
0.969559 0.523293
0.969559 0.557748
0.962725 0.557748
0.962725 0.617271
0.973144 0.617271
0.973144 0.566015
0.970326 0.566015
0.970326 0.31514
0.971931 0.31514
0.971931 0.302618
0.94926 0.302618
0.94926 0.395801
0.953715 0.395801
0.953715 0.456692
0.941611 0.456692
0.941611 0.453018
0.937452 0.453018
0.937452 0.485877
0.919786 0.485877
0.919786 0.450702
0.946495 0.450702
0.946495 0.41753
0.913445 0.41753
0.913445 0.446859
0.911658 0.446859
0.911658 0.416207
0.905199 0.416207
0.905199 0.420317
0.909595 0.420317
0.909595 0.431025
0.903127 0.431025
0.903127 0.33504
0.897412 0.33504
0.897412 0.410091
0.894261 0.410091
0.894261 0.32058
0.887634 0.32058
0.887634 0.289407
0.879553 0.289407
0.879553 0.207426
0.866473 0.207426
0.866473 0.220862
0.877125 0.220862
0.877125 0.269782
0.840398 0.269782
0.840398 0.207396
0.887041 0.207396
0.887041 0.248217
0.892086 0.248217
0.892086 0.241481
0.905394 0.241481
0.905394 0.303362
0.904025 0.303362
0.904025 0.358175
0.910144 0.358175
0.910144 0.409275
0.926352 0.409275
0.926352 0.33513
0.936039 0.33513
0.936039 0.410396
0.948921 0.410396
0.948921 0.304812
0.94007 0.304812
0.94007 0.28177
0.957907 0.28177
0.957907 0.283494
0.978082 0.283494
0.978082 0.492231
0.981539 0.492231
0.981539 0.505719
0.995234 0.505719
0.995234 0.506375
0.973619 0.506375
0.973619 0.521166
0.980817 0.521166
0.980817 0.575327
0.980412 0.575327
0.980412 0.629178
0.95437 0.629178
0.95437 0.63626
0.973707 0.63626
0.973707 0.639209
0.942665 0.639209
0.942665 0.631417
0.929928 0.631417
0.929928 0.637385
0.835443 0.637385
0.835443 0.644078
0.828248 0.644078
0.828248 0.644184
0.875617 0.644184
0.875617 0.656217
0.857845 0.656217
0.857845 0.749468
0.859215 0.749468
0.859215 0.777902
0.860539 0.777902
0.860539 0.809351
0.866053 0.809351
0.866053 0.913393
0.867794 0.913393
0.867794 0.734531
0.899431 0.734531
0.899431 0.728189
0.940075 0.728189
0.940075 0.820432
0.957582 0.820432
0.957582 0.804531
0.968491 0.804531
0.968491 0.886296
0.982457 0.886296
0.982457 0.92838
0.996042 0.92838
0.996042 0.918004
0.991038 0.918004
0.991038 0.91667
0.986874 0.91667
0.986874 0.897041
0.983936 0.897041
0.983936 0.890457
0.996973 0.890457
0.996973 0.92891
0.962451 0.92891
0.962451 0.952093
0.965098 0.952093
0.965098 0.953616
0.99887 0.953616
0.99887 0.913416
0.99986 0.913416
0.99986 0.939548
0.99996 0.939548
0.99996 0.955059
0.95788 0.955059
0.95788 0.952583
0.932346 0.952583
0.932346 0.950676
0.905781 0.950676
0.905781 0.94181
0.94928 0.94181
0.94928 0.941788
0.962173 0.941788
0.962173 0.924158
0.980465 0.924158
0.980465 0.897623
0.967925 0.897623
0.967925 0.876517
0.964887 0.876517
0.964887 0.838522
0.938578 0.838522
0.938578 0.805161
0.931544 0.805161
0.931544 0.734627
0.920402 0.734627
0.920402 0.730504
0.920259 0.730504
0.920259 0.743622
0.868015 0.743622
0.868015 0.796022
0.893472 0.796022
0.893472 0.810123
0.909562 0.810123
0.909562 0.805484
0.91306 0.805484
0.91306 0.813572
0.876682 0.813572
0.876682 0.796037
0.868924 0.796037
0.868924 0.907208
0.872768 0.907208
0.872768 0.934289
0.877415 0.934289
0.877415 0.961636
0.874628 0.961636
0.874628 0.960945
0.876259 0.960945
0.876259 0.959344
0.850662 0.959344
0.850662 0.960225
0.698997 0.960225
0.698997 0.963149
0.636563 0.963149
0.636563 0.942631
0.579818 0.942631
0.579818 0.962179
0.578118 0.962179
0.578118 0.94317
0.57711 0.94317
0.57711 0.965483
0.592438 0.965483
0.592438 0.964319
0.620927 0.964319
0.620927 0.965768
0.591285 0.965768
0.591285 0.969321
0.640162 0.969321
0.640162 0.97007
0.587557 0.97007
0.587557 0.969964
0.558517 0.969964
0.558517 0.942522
0.568931 0.942522
0.568931 0.940999
0.583857 0.940999
0.583857 0.940575
0.570315 0.940575
0.570315 0.940217
0.54789 0.940217
0.54789 0.972961
0.597614 0.972961
0.597614 0.972658
0.7492 0.972658
0.7492 0.972482
0.75059 0.972482
0.75059 0.98439
0.770426 0.98439
0.770426 0.983931
0.766018 0.983931
0.766018 0.977466
0.775378 0.977466
0.775378 0.986806
0.802294 0.986806
0.802294 0.990487
0.960908 0.990487
0.960908 0.990095
0.804073 0.990095
0.804073 0.985944
0.97518 0.985944
0.97518 0.983534
0.878272 0.983534
0.878272 0.982279
0.892105 0.982279
0.892105 0.981959
1 0.981959
1 0.9841
0.99879 0.9841
0.99879 0.986616
0.811166 0.986616
0.811166 0.987862
0.991989 0.987862
0.991989 1
