128
0.370053 1
0.370053 0.960023
0.273494 0.960023
0.273494 0.971877
0.0785271 0.971877
0.0785271 0.582406
0.134246 0.582406
0.134246 0.0973328
0.0486532 0.0973328
0.0486532 0.535278
0.0318818 0.535278
0.0318818 0.409549
0.0167714 0.409549
0.0167714 0.291304
0.00726478 0.291304
0.00726478 0.0410785
0 0.0410785
0 0
0.152915 0
0.152915 0.943663
0.451414 0.943663
0.451414 0.803084
0.258849 0.803084
0.258849 0.801331
0.302832 0.801331
0.302832 0.750483
0.216936 0.750483
0.216936 0.664618
0.199779 0.664618
0.199779 0.58655
0.364777 0.58655
0.364777 0.762006
0.424447 0.762006
0.424447 0.770988
0.472978 0.770988
0.472978 0.545069
0.477056 0.545069
0.477056 0.523571
0.201146 0.523571
0.201146 0.516229
0.353366 0.516229
0.353366 0.512569
0.218638 0.512569
0.218638 0.466438
0.430979 0.466438
0.430979 0.462315
0.253352 0.462315
0.253352 0.424849
0.17745 0.424849
0.17745 0.403973
0.184826 0.403973
0.184826 0.311486
0.196499 0.311486
0.196499 0.300501
0.746471 0.300501
0.746471 0.232268
0.714364 0.232268
0.714364 0.188859
0.722723 0.188859
0.722723 0.159039
0.878546 0.159039
0.878546 0.0324998
0.708524 0.0324998
0.708524 0.217934
0.155741 0.217934
0.155741 0.200891
0.673046 0.200891
0.673046 0.175332
0.223704 0.175332
0.223704 0.165164
0.319072 0.165164
0.319072 0.108596
0.592156 0.108596
0.592156 0.0444139
0.286986 0.0444139
0.286986 0.0434084
0.257094 0.0434084
0.257094 0.0115068
0.403611 0.0115068
0.403611 0.0112632
0.536914 0.0112632
0.536914 0.019259
0.976407 0.019259
0.976407 0.279046
0.7945 0.279046
0.7945 0.367327
0.188545 0.367327
0.188545 0.393266
0.362788 0.393266
0.362788 0.427531
0.308248 0.427531
0.308248 0.454528
0.489886 0.454528
0.489886 0.445994
0.513441 0.445994
0.513441 0.497417
0.654571 0.497417
0.654571 0.61044
0.659585 0.61044
0.659585 0.812838
0.772291 0.812838
0.772291 0.921926
0.85435 0.921926
0.85435 0.715555
0.820666 0.715555
0.820666 0.417871
0.877152 0.417871
0.877152 0.463042
1 0.463042
1 0.762817
0.967914 0.762817
0.967914 0.826582
0.920128 0.826582
0.920128 0.694146
0.889982 0.694146
0.889982 0.658462
0.954595 0.658462
0.954595 0.592696
0.871474 0.592696
0.871474 0.964489
0.680653 0.964489
0.680653 0.870996
0.626482 0.870996
0.626482 0.571224
0.651764 0.571224
0.651764 0.542429
0.489849 0.542429
0.489849 1
