512
0.502903 1
0.502903 0.999361
0.66005 0.999361
0.66005 0.991796
0.47284 0.991796
0.47284 0.997046
0.456821 0.997046
0.456821 0.942586
0.512666 0.942586
0.512666 0.943531
0.519873 0.943531
0.519873 0.970664
0.753718 0.970664
0.753718 0.960679
0.823764 0.960679
0.823764 0.965316
0.947869 0.965316
0.947869 0.941347
0.944501 0.941347
0.944501 0.912585
0.943572 0.912585
0.943572 0.960248
0.849146 0.960248
0.849146 0.928418
0.515677 0.928418
0.515677 0.922177
0.477981 0.922177
0.477981 0.908838
0.528613 0.908838
0.528613 0.886563
0.424628 0.886563
0.424628 0.879804
0.570219 0.879804
0.570219 0.927572
0.758279 0.927572
0.758279 0.92138
0.766439 0.92138
0.766439 0.920749
0.745618 0.920749
0.745618 0.869134
0.847813 0.869134
0.847813 0.797772
0.767783 0.797772
0.767783 0.797133
0.76546 0.797133
0.76546 0.857783
0.627023 0.857783
0.627023 0.863259
0.416389 0.863259
0.416389 0.851071
0.393811 0.851071
0.393811 0.854241
0.122237 0.854241
0.122237 0.688806
0.120258 0.688806
0.120258 0.340028
0.104512 0.340028
0.104512 0.400296
0.116024 0.400296
0.116024 0.412323
0.107546 0.412323
0.107546 0.5432
0.0825331 0.5432
0.0825331 0.274084
0.0816729 0.274084
0.0816729 0.307665
0.0614842 0.307665
0.0614842 0.195503
0.0578019 0.195503
0.0578019 0.313141
0.0813629 0.313141
0.0813629 0.55779
0.0470519 0.55779
0.0470519 0.148168
0.0577488 0.148168
0.0577488 0.122593
0.0432113 0.122593
0.0432113 0.117241
0.0364551 0.117241
0.0364551 0.123256
0.0361837 0.123256
0.0361837 0.127736
0.0237367 0.127736
0.0237367 0.12542
0.0117666 0.12542
0.0117666 0.0181029
0.0221568 0.0181029
0.0221568 0.0018989
0.00676812 0.0018989
0.00676812 0.013421
0 0.013421
0 0
0.0224454 0
0.0224454 0.0918011
0.0318216 0.0918011
0.0318216 0.053422
0.0410263 0.053422
0.0410263 0.0520155
0.0258534 0.0520155
0.0258534 0.00153351
0.0620647 0.00153351
0.0620647 0.0673912
0.057612 0.0673912
0.057612 0.0931661
0.0662996 0.0931661
0.0662996 0.103388
0.0798975 0.103388
0.0798975 0.268373
0.116278 0.268373
0.116278 0.234682
0.0836411 0.234682
0.0836411 0.192378
0.115535 0.192378
0.115535 0.150828
0.18534 0.150828
0.18534 0.197429
0.183939 0.197429
0.183939 0.344816
0.196085 0.344816
0.196085 0.383736
0.208992 0.383736
0.208992 0.0858693
0.202674 0.0858693
0.202674 0.0701184
0.212671 0.0701184
0.212671 0.00729677
0.320579 0.00729677
0.320579 0.00581905
0.416497 0.00581905
0.416497 0.0484824
0.435203 0.0484824
0.435203 0.0721613
0.423305 0.0721613
0.423305 0.0687815
0.40039 0.0687815
0.40039 0.0697891
0.370258 0.0697891
0.370258 0.0558791
0.403021 0.0558791
0.403021 0.0204286
0.323084 0.0204286
0.323084 0.0216556
0.34839 0.0216556
0.34839 0.0273244
0.354324 0.0273244
0.354324 0.0645439
0.336534 0.0645439
0.336534 0.0570998
0.350924 0.0570998
0.350924 0.0558297
0.288289 0.0558297
0.288289 0.0316818
0.214531 0.0316818
0.214531 0.0674982
0.220317 0.0674982
0.220317 0.0959035
0.220741 0.0959035
0.220741 0.149392
0.216621 0.149392
0.216621 0.434838
0.247573 0.434838
0.247573 0.412176
0.233675 0.412176
0.233675 0.323051
0.252232 0.323051
0.252232 0.104361
0.308695 0.104361
0.308695 0.113457
0.254932 0.113457
0.254932 0.283298
0.253834 0.283298
0.253834 0.329882
0.254949 0.329882
0.254949 0.193141
0.343202 0.193141
0.343202 0.23474
0.310004 0.23474
0.310004 0.237282
0.299273 0.237282
0.299273 0.261477
0.286192 0.261477
0.286192 0.352627
0.275233 0.352627
0.275233 0.24924
0.265282 0.24924
0.265282 0.362959
0.265871 0.362959
0.265871 0.456321
0.278086 0.456321
0.278086 0.369772
0.326695 0.369772
0.326695 0.376185
0.329418 0.376185
0.329418 0.398397
0.30035 0.398397
0.30035 0.381534
0.298538 0.381534
0.298538 0.465246
0.210446 0.465246
0.210446 0.442064
0.175614 0.442064
0.175614 0.182275
0.152562 0.182275
0.152562 0.518379
0.277904 0.518379
0.277904 0.523851
0.225718 0.523851
0.225718 0.528961
0.138879 0.528961
0.138879 0.690867
0.130689 0.690867
0.130689 0.637295
0.138508 0.637295
0.138508 0.483549
0.126991 0.483549
0.126991 0.552381
0.128773 0.552381
0.128773 0.846254
0.366325 0.846254
0.366325 0.811509
0.146008 0.811509
0.146008 0.671683
0.169724 0.671683
0.169724 0.673234
0.188187 0.673234
0.188187 0.613622
0.210634 0.613622
0.210634 0.606287
0.240513 0.606287
0.240513 0.604072
0.241696 0.604072
0.241696 0.6009
0.242439 0.6009
0.242439 0.603754
0.285114 0.603754
0.285114 0.630774
0.452799 0.630774
0.452799 0.639596
0.453398 0.639596
0.453398 0.633322
0.462903 0.633322
0.462903 0.634342
0.46999 0.634342
0.46999 0.659027
0.35962 0.659027
0.35962 0.662125
0.577232 0.662125
0.577232 0.664619
0.66239 0.664619
0.66239 0.624182
0.715574 0.624182
0.715574 0.567024
0.716811 0.567024
0.716811 0.559595
0.70778 0.559595
0.70778 0.564564
0.648459 0.564564
0.648459 0.5634
0.64821 0.5634
0.64821 0.545078
0.691962 0.545078
0.691962 0.53683
0.634795 0.53683
0.634795 0.572557
0.622207 0.572557
0.622207 0.576429
0.611146 0.576429
0.611146 0.504358
0.60819 0.504358
0.60819 0.504996
0.599406 0.504996
0.599406 0.547498
0.518585 0.547498
0.518585 0.522436
0.508908 0.522436
0.508908 0.509796
0.530943 0.509796
0.530943 0.501467
0.57249 0.501467
0.57249 0.503619
0.623252 0.503619
0.623252 0.483744
0.589407 0.483744
0.589407 0.473082
0.639086 0.473082
0.639086 0.459798
0.634599 0.459798
0.634599 0.454979
0.505106 0.454979
0.505106 0.477173
0.504684 0.477173
0.504684 0.464174
0.481988 0.464174
0.481988 0.445607
0.435817 0.445607
0.435817 0.366592
0.449413 0.366592
0.449413 0.441965
0.50392 0.441965
0.50392 0.449153
0.644374 0.449153
0.644374 0.535496
0.659682 0.535496
0.659682 0.41654
0.644671 0.41654
0.644671 0.309424
0.574194 0.309424
0.574194 0.359075
0.501212 0.359075
0.501212 0.327871
0.444079 0.327871
0.444079 0.275983
0.481369 0.275983
0.481369 0.271439
0.585751 0.271439
0.585751 0.260631
0.721305 0.260631
0.721305 0.274039
0.645546 0.274039
0.645546 0.414155
0.693253 0.414155
0.693253 0.291377
0.784249 0.291377
0.784249 0.285745
0.917023 0.285745
0.917023 0.249066
0.940331 0.249066
0.940331 0.245547
0.918387 0.245547
0.918387 0.139192
0.893304 0.139192
0.893304 0.239355
0.859157 0.239355
0.859157 0.161355
0.810308 0.161355
0.810308 0.140057
0.80965 0.140057
0.80965 0.187694
0.792127 0.187694
0.792127 0.135225
0.94264 0.135225
0.94264 0.132358
0.963348 0.132358
0.963348 0.147267
0.980907 0.147267
0.980907 0.296314
0.865412 0.296314
0.865412 0.306929
0.842581 0.306929
0.842581 0.392988
0.873581 0.392988
0.873581 0.37638
0.94531 0.37638
0.94531 0.455067
0.924684 0.455067
0.924684 0.529512
0.918825 0.529512
0.918825 0.447582
0.882361 0.447582
0.882361 0.400935
0.80215 0.400935
0.80215 0.425178
0.807914 0.425178
0.807914 0.444
0.844524 0.444
0.844524 0.481845
0.841986 0.481845
0.841986 0.469537
0.826426 0.469537
0.826426 0.48151
0.801022 0.48151
0.801022 0.309095
0.714238 0.309095
0.714238 0.415418
0.716949 0.415418
0.716949 0.572814
0.72875 0.572814
0.72875 0.636239
0.762911 0.636239
0.762911 0.607657
0.78994 0.607657
0.78994 0.667757
0.537678 0.667757
0.537678 0.676837
0.539358 0.676837
0.539358 0.673999
0.784751 0.673999
0.784751 0.669982
0.98749 0.669982
0.98749 0.626138
0.821334 0.626138
0.821334 0.609852
0.972498 0.609852
0.972498 0.579536
0.943101 0.579536
0.943101 0.59899
0.89992 0.59899
0.89992 0.57535
0.986336 0.57535
0.986336 0.58784
1 0.58784
1 0.671824
0.92587 0.671824
0.92587 0.673882
0.989569 0.673882
0.989569 0.683177
0.760571 0.683177
0.760571 0.681291
0.311446 0.681291
0.311446 0.647361
0.216776 0.647361
0.216776 0.69661
0.442272 0.69661
0.442272 0.699453
0.233461 0.699453
0.233461 0.705484
0.159877 0.705484
0.159877 0.691135
0.204819 0.691135
0.204819 0.669703
0.191003 0.669703
0.191003 0.678904
0.151457 0.678904
0.151457 0.689662
0.148232 0.689662
0.148232 0.723083
0.161565 0.723083
0.161565 0.738426
0.188437 0.738426
0.188437 0.777973
0.2383 0.777973
0.2383 0.78381
0.70315 0.78381
0.70315 0.776108
0.319622 0.776108
0.319622 0.757598
0.242549 0.757598
0.242549 0.733686
0.277713 0.733686
0.277713 0.730444
0.491661 0.730444
0.491661 0.759727
0.561622 0.759727
0.561622 0.765766
0.731535 0.765766
0.731535 0.791848
0.582029 0.791848
0.582029 0.786565
0.424987 0.786565
0.424987 0.787934
0.261796 0.787934
0.261796 0.799419
0.764096 0.799419
0.764096 0.757706
0.82616 0.757706
0.82616 0.720592
0.796765 0.720592
0.796765 0.722125
0.360612 0.722125
0.360612 0.725981
0.301916 0.725981
0.301916 0.721584
0.342756 0.721584
0.342756 0.716249
0.348937 0.716249
0.348937 0.723517
0.357231 0.723517
0.357231 0.712024
0.585465 0.712024
0.585465 0.711831
0.634113 0.711831
0.634113 0.708717
0.854581 0.708717
0.854581 0.767557
0.849911 0.767557
0.849911 0.870162
0.817929 0.870162
0.817929 0.876976
0.750967 0.876976
0.750967 0.881947
0.75537 0.881947
0.75537 0.904126
0.773377 0.904126
0.773377 0.894039
0.807196 0.894039
0.807196 0.923586
0.819927 0.923586
0.819927 0.889916
0.872597 0.889916
0.872597 0.867185
0.897708 0.867185
0.897708 0.94899
0.926814 0.94899
0.926814 0.886065
0.947913 0.886065
0.947913 0.892555
0.976685 0.892555
0.976685 0.962344
0.976189 0.962344
0.976189 0.983401
0.999257 0.983401
0.999257 0.992295
0.81841 0.992295
0.81841 0.988878
0.838727 0.988878
0.838727 0.981179
0.904311 0.981179
0.904311 0.975708
0.581681 0.975708
0.581681 0.986998
0.703686 0.986998
0.703686 1
