64
0.912809 1
0.912809 0.840834
0.769138 0.840834
0.769138 0.435543
0.76401 0.435543
0.76401 0.946589
0.599312 0.946589
0.599312 0.868498
0.641068 0.868498
0.641068 0.451377
0.463843 0.451377
0.463843 0.424617
0.363773 0.424617
0.363773 0.7161
0.3538 0.7161
0.3538 0.730528
0 0.730528
0 0.374009
0.0160782 0.374009
0.0160782 0.687381
0.123085 0.687381
0.123085 0.528556
0.154719 0.528556
0.154719 0.274499
0.0834347 0.274499
0.0834347 0.0533324
0.202813 0.0533324
0.202813 0.278156
0.246043 0.278156
0.246043 0.0100507
0.247566 0.0100507
0.247566 0.430049
0.303695 0.430049
0.303695 0.190343
0.311356 0.190343
0.311356 0.478976
0.308394 0.478976
0.308394 0.545426
0.36273 0.545426
0.36273 0.377132
0.407871 0.377132
0.407871 0.0518625
0.471944 0.0518625
0.471944 0.321601
0.55901 0.321601
0.55901 0
0.592823 0
0.592823 0.385205
0.664123 0.385205
0.664123 0.646943
0.727461 0.646943
0.727461 0.220163
0.886849 0.220163
0.886849 0.33372
0.861383 0.33372
0.861383 0.37328
0.849943 0.37328
0.849943 0.739165
0.936087 0.739165
0.936087 0.933942
0.969081 0.933942
0.969081 0.801071
1 0.801071
1 1
