2048
0.47259 1
0.47259 0.996997
0.197258 0.996997
0.197258 0.959586
0.19144 0.959586
0.19144 0.947231
0.200298 0.947231
0.200298 0.932887
0.201919 0.932887
0.201919 0.985534
0.209215 0.985534
0.209215 0.981855
0.203071 0.981855
0.203071 0.961378
0.203545 0.961378
0.203545 0.924538
0.206398 0.924538
0.206398 0.912745
0.190787 0.912745
0.190787 0.942372
0.182425 0.942372
0.182425 0.951469
0.167658 0.951469
0.167658 0.892308
0.166159 0.892308
0.166159 0.886122
0.167084 0.886122
0.167084 0.879363
0.260354 0.879363
0.260354 0.878118
0.191878 0.878118
0.191878 0.877484
0.215214 0.877484
0.215214 0.875887
0.459344 0.875887
0.459344 0.8692
0.438376 0.8692
0.438376 0.865276
0.468344 0.865276
0.468344 0.866172
0.463519 0.866172
0.463519 0.868027
0.498235 0.868027
0.498235 0.867003
0.557132 0.867003
0.557132 0.867932
0.759934 0.867932
0.759934 0.86967
0.808783 0.86967
0.808783 0.883121
0.81217 0.883121
0.81217 0.865086
0.698012 0.865086
0.698012 0.85649
0.691153 0.85649
0.691153 0.857091
0.660888 0.857091
0.660888 0.852948
0.66589 0.852948
0.66589 0.85253
0.615804 0.85253
0.615804 0.851539
0.680241 0.851539
0.680241 0.849646
0.660297 0.849646
0.660297 0.847398
0.58645 0.847398
0.58645 0.833727
0.555841 0.833727
0.555841 0.827579
0.546968 0.827579
0.546968 0.825973
0.558965 0.825973
0.558965 0.820111
0.558378 0.820111
0.558378 0.810718
0.501348 0.810718
0.501348 0.8004
0.531981 0.8004
0.531981 0.801663
0.513391 0.801663
0.513391 0.804944
0.525069 0.804944
0.525069 0.801703
0.545295 0.801703
0.545295 0.799626
0.537272 0.799626
0.537272 0.799032
0.601167 0.799032
0.601167 0.801849
0.567902 0.801849
0.567902 0.813347
0.566957 0.813347
0.566957 0.813799
0.603503 0.813799
0.603503 0.803654
0.650251 0.803654
0.650251 0.809931
0.654002 0.809931
0.654002 0.794776
0.670442 0.794776
0.670442 0.790505
0.735319 0.790505
0.735319 0.790254
0.751724 0.790254
0.751724 0.794363
0.764144 0.794363
0.764144 0.787073
0.746548 0.787073
0.746548 0.785355
0.701457 0.785355
0.701457 0.784849
0.763721 0.784849
0.763721 0.782885
0.775303 0.782885
0.775303 0.777751
0.719683 0.777751
0.719683 0.769346
0.744077 0.769346
0.744077 0.767719
0.715501 0.767719
0.715501 0.7626
0.714406 0.7626
0.714406 0.754052
0.561787 0.754052
0.561787 0.755992
0.681912 0.755992
0.681912 0.764585
0.637884 0.764585
0.637884 0.760176
0.578048 0.760176
0.578048 0.757954
0.557526 0.757954
0.557526 0.765322
0.555909 0.765322
0.555909 0.750948
0.712589 0.750948
0.712589 0.747768
0.615296 0.747768
0.615296 0.74795
0.635085 0.74795
0.635085 0.749654
0.583018 0.749654
0.583018 0.745581
0.576509 0.745581
0.576509 0.742888
0.540681 0.742888
0.540681 0.749606
0.51286 0.749606
0.51286 0.754655
0.457343 0.754655
0.457343 0.755424
0.456857 0.755424
0.456857 0.787584
0.480391 0.787584
0.480391 0.78806
0.428201 0.78806
0.428201 0.783628
0.454988 0.783628
0.454988 0.77032
0.432993 0.77032
0.432993 0.770282
0.451653 0.770282
0.451653 0.7528
0.46029 0.7528
0.46029 0.753588
0.493621 0.753588
0.493621 0.750018
0.478924 0.750018
0.478924 0.750157
0.457414 0.750157
0.457414 0.711006
0.502255 0.711006
0.502255 0.707741
0.606725 0.707741
0.606725 0.7092
0.606995 0.7092
0.606995 0.714075
0.574763 0.714075
0.574763 0.721835
0.543469 0.721835
0.543469 0.72701
0.584772 0.72701
0.584772 0.727432
0.609443 0.727432
0.609443 0.728177
0.570767 0.728177
0.570767 0.729515
0.694102 0.729515
0.694102 0.70338
0.686206 0.70338
0.686206 0.646961
0.681832 0.646961
0.681832 0.684637
0.669496 0.684637
0.669496 0.636991
0.662632 0.636991
0.662632 0.611779
0.671636 0.611779
0.671636 0.605313
0.656007 0.605313
0.656007 0.593403
0.539152 0.593403
0.539152 0.577587
0.553974 0.577587
0.553974 0.573251
0.534921 0.573251
0.534921 0.596232
0.571244 0.596232
0.571244 0.598711
0.537609 0.598711
0.537609 0.614171
0.533615 0.614171
0.533615 0.572593
0.550755 0.572593
0.550755 0.564463
0.578804 0.564463
0.578804 0.551657
0.584113 0.551657
0.584113 0.558238
0.677582 0.558238
0.677582 0.550985
0.492452 0.550985
0.492452 0.551617
0.503544 0.551617
0.503544 0.63227
0.49935 0.63227
0.49935 0.552711
0.458018 0.552711
0.458018 0.607869
0.464784 0.607869
0.464784 0.670412
0.460195 0.670412
0.460195 0.6154
0.455475 0.6154
0.455475 0.697785
0.448478 0.697785
0.448478 0.687173
0.431739 0.687173
0.431739 0.698229
0.41018 0.698229
0.41018 0.694
0.387902 0.694
0.387902 0.700529
0.447117 0.700529
0.447117 0.700712
0.296233 0.700712
0.296233 0.702868
0.261812 0.702868
0.261812 0.703095
0.203962 0.703095
0.203962 0.703721
0.173456 0.703721
0.173456 0.693706
0.181812 0.693706
0.181812 0.689851
0.16332 0.689851
0.16332 0.683659
0.172311 0.683659
0.172311 0.68261
0.177094 0.68261
0.177094 0.663838
0.179749 0.663838
0.179749 0.629807
0.182605 0.629807
0.182605 0.622366
0.167574 0.622366
0.167574 0.628987
0.14901 0.628987
0.14901 0.627073
0.132972 0.627073
0.132972 0.638246
0.109671 0.638246
0.109671 0.634196
0.123229 0.634196
0.123229 0.615182
0.108256 0.615182
0.108256 0.612692
0.0962467 0.612692
0.0962467 0.627599
0.0864685 0.627599
0.0864685 0.633327
0.0875507 0.633327
0.0875507 0.70398
0.0854266 0.70398
0.0854266 0.679121
0.0853065 0.679121
0.0853065 0.669991
0.0757375 0.669991
0.0757375 0.577893
0.0713646 0.577893
0.0713646 0.668211
0.0683843 0.668211
0.0683843 0.675167
0.066754 0.675167
0.066754 0.776657
0.0682121 0.776657
0.0682121 0.780707
0.034356 0.780707
0.034356 0.779311
0.0338238 0.779311
0.0338238 0.775795
0.0307958 0.775795
0.0307958 0.707768
0.0311965 0.707768
0.0311965 0.746322
0.0352956 0.746322
0.0352956 0.704721
0.0393584 0.704721
0.0393584 0.662067
0.0444028 0.662067
0.0444028 0.552901
0.0345564 0.552901
0.0345564 0.511965
0.0359054 0.511965
0.0359054 0.539555
0.0387196 0.539555
0.0387196 0.419595
0.0370297 0.419595
0.0370297 0.117769
0.0306513 0.117769
0.0306513 0.0986662
0.0146353 0.0986662
0.0146353 0.497913
0.0164956 0.497913
0.0164956 0.611633
0.0168258 0.611633
0.0168258 0.105072
0.0277781 0.105072
0.0277781 0.497282
0.024244 0.497282
0.024244 0.419464
0.0185926 0.419464
0.0185926 0.723957
0.0115072 0.723957
0.0115072 0.789711
0.00283347 0.789711
0.00283347 0.653864
0.00893777 0.653864
0.00893777 0.617478
0.00383035 0.617478
0.00383035 0.59947
0.00225417 0.59947
0.00225417 0.812751
0.0165228 0.812751
0.0165228 0.797936
0.0174277 0.797936
0.0174277 0.804804
0.0179579 0.804804
0.0179579 0.85021
0.024876 0.85021
0.024876 0.819189
0.0300407 0.819189
0.0300407 0.839554
0.029647 0.839554
0.029647 0.849526
0.030493 0.849526
0.030493 0.859824
0.014454 0.859824
0.014454 0.828054
0.00999437 0.828054
0.00999437 0.821345
0 0.821345
0 0.535625
0.00048961 0.535625
0.00048961 0.556373
0.00411446 0.556373
0.00411446 0.596756
0.0154049 0.596756
0.0154049 0.523484
0.0144781 0.523484
0.0144781 0.0840636
0.0338142 0.0840636
0.0338142 0.111411
0.0698199 0.111411
0.0698199 0.0818832
0.0768887 0.0818832
0.0768887 0.130206
0.0775841 0.130206
0.0775841 0.129041
0.102561 0.129041
0.102561 0.0808504
0.11849 0.0808504
0.11849 0.112898
0.11859 0.112898
0.11859 0.0987618
0.124311 0.0987618
0.124311 0.107017
0.125312 0.107017
0.125312 0.114605
0.122943 0.114605
0.122943 0.116628
0.128601 0.116628
0.128601 0.120039
0.113869 0.120039
0.113869 0.128268
0.121323 0.128268
0.121323 0.128299
0.113036 0.128299
0.113036 0.108962
0.112087 0.108962
0.112087 0.146794
0.100552 0.146794
0.100552 0.180537
0.108327 0.180537
0.108327 0.213263
0.122987 0.213263
0.122987 0.264624
0.135379 0.264624
0.135379 0.228573
0.142728 0.228573
0.142728 0.102125
0.133679 0.102125
0.133679 0.0700527
0.135082 0.0700527
0.135082 0.0504004
0.162652 0.0504004
0.162652 0.0515864
0.163933 0.0515864
0.163933 0.0780519
0.162835 0.0780519
0.162835 0.0545727
0.154824 0.0545727
0.154824 0.117775
0.158722 0.117775
0.158722 0.142517
0.150526 0.142517
0.150526 0.202308
0.153824 0.202308
0.153824 0.239229
0.160742 0.239229
0.160742 0.273942
0.15178 0.273942
0.15178 0.269118
0.152132 0.269118
0.152132 0.210549
0.153032 0.210549
0.153032 0.210402
0.150479 0.210402
0.150479 0.219426
0.144545 0.219426
0.144545 0.266349
0.126199 0.266349
0.126199 0.307771
0.142843 0.307771
0.142843 0.295938
0.137323 0.295938
0.137323 0.291614
0.257284 0.291614
0.257284 0.301698
0.252485 0.301698
0.252485 0.307064
0.269185 0.307064
0.269185 0.310876
0.271878 0.310876
0.271878 0.313466
0.294674 0.313466
0.294674 0.291233
0.24089 0.291233
0.24089 0.285699
0.154082 0.285699
0.154082 0.279595
0.185113 0.279595
0.185113 0.28432
0.330432 0.28432
0.330432 0.298212
0.336163 0.298212
0.336163 0.277972
0.330294 0.277972
0.330294 0.251333
0.325918 0.251333
0.325918 0.260816
0.322732 0.260816
0.322732 0.238059
0.314574 0.238059
0.314574 0.258135
0.287226 0.258135
0.287226 0.250877
0.263528 0.250877
0.263528 0.24877
0.220685 0.24877
0.220685 0.181282
0.190985 0.181282
0.190985 0.101282
0.193374 0.101282
0.193374 0.0701364
0.204284 0.0701364
0.204284 0.103553
0.201692 0.103553
0.201692 0.1166
0.207515 0.1166
0.207515 0.173621
0.210572 0.173621
0.210572 0.166771
0.213524 0.166771
0.213524 0.0677104
0.232237 0.0677104
0.232237 0.124133
0.231579 0.124133
0.231579 0.142471
0.233183 0.142471
0.233183 0.160035
0.221883 0.160035
0.221883 0.16414
0.253766 0.16414
0.253766 0.157994
0.239708 0.157994
0.239708 0.0499987
0.189173 0.0499987
0.189173 0.0381512
0.297194 0.0381512
0.297194 0.00766319
0.477286 0.00766319
0.477286 0.0162207
0.29763 0.0162207
0.29763 0.0382894
0.452977 0.0382894
0.452977 0.0375027
0.373009 0.0375027
0.373009 0.0366119
0.362494 0.0366119
0.362494 0.0200563
0.431984 0.0200563
0.431984 0.0203718
0.4968 0.0203718
0.4968 0.0187355
0.581485 0.0187355
0.581485 0.0177313
0.711014 0.0177313
0.711014 0.0178364
0.777319 0.0178364
0.777319 0.0077766
0.514764 0.0077766
0.514764 0.00527835
0.355665 0.00527835
0.355665 0.00501263
0.474201 0.00501263
0.474201 0.00116903
0.806398 0.00116903
0.806398 0
0.898553 0
0.898553 0.00584201
0.879596 0.00584201
0.879596 0.00532492
0.863816 0.00532492
0.863816 0.0025581
0.784122 0.0025581
0.784122 0.0170246
0.800311 0.0170246
0.800311 0.0409348
0.784186 0.0409348
0.784186 0.0451993
0.779707 0.0451993
0.779707 0.0357463
0.713065 0.0357463
0.713065 0.038203
0.711518 0.038203
0.711518 0.0265566
0.686202 0.0265566
0.686202 0.0188469
0.76182 0.0188469
0.76182 0.0319905
0.779217 0.0319905
0.779217 0.0187392
0.614638 0.0187392
0.614638 0.0190865
0.620079 0.0190865
0.620079 0.019791
0.577589 0.019791
0.577589 0.0254943
0.368149 0.0254943
0.368149 0.0309757
0.404706 0.0309757
0.404706 0.0310985
0.548655 0.0310985
0.548655 0.0341413
0.498131 0.0341413
0.498131 0.0385092
0.419388 0.0385092
0.419388 0.0482018
0.256219 0.0482018
0.256219 0.187013
0.272953 0.187013
0.272953 0.198669
0.271578 0.198669
0.271578 0.189673
0.256524 0.189673
0.256524 0.219796
0.258428 0.219796
0.258428 0.201606
0.271622 0.201606
0.271622 0.250369
0.2759 0.250369
0.2759 0.229082
0.3252 0.229082
0.3252 0.233608
0.414018 0.233608
0.414018 0.154498
0.401562 0.154498
0.401562 0.226225
0.397766 0.226225
0.397766 0.148628
0.386252 0.148628
0.386252 0.154646
0.371211 0.154646
0.371211 0.137549
0.414621 0.137549
0.414621 0.234841
0.416232 0.234841
0.416232 0.150972
0.551225 0.150972
0.551225 0.156195
0.435357 0.156195
0.435357 0.155715
0.42483 0.155715
0.42483 0.247496
0.376091 0.247496
0.376091 0.251515
0.352353 0.251515
0.352353 0.275916
0.470054 0.275916
0.470054 0.273159
0.480234 0.273159
0.480234 0.206584
0.434005 0.206584
0.434005 0.198065
0.46298 0.198065
0.46298 0.18613
0.4734 0.18613
0.4734 0.176177
0.477698 0.176177
0.477698 0.161016
0.557767 0.161016
0.557767 0.16832
0.522308 0.16832
0.522308 0.171258
0.583057 0.171258
0.583057 0.12385
0.560211 0.12385
0.560211 0.0861564
0.60959 0.0861564
0.60959 0.0853424
0.642389 0.0853424
0.642389 0.0811646
0.547278 0.0811646
0.547278 0.0801421
0.513921 0.0801421
0.513921 0.0721846
0.561933 0.0721846
0.561933 0.0707269
0.630498 0.0707269
0.630498 0.0686458
0.669991 0.0686458
0.669991 0.0683384
0.593686 0.0683384
0.593686 0.0557194
0.568544 0.0557194
0.568544 0.0525058
0.601818 0.0525058
0.601818 0.0626475
0.603323 0.0626475
0.603323 0.05459
0.722371 0.05459
0.722371 0.0562474
0.613415 0.0562474
0.613415 0.0567943
0.748377 0.0567943
0.748377 0.0705003
0.65419 0.0705003
0.65419 0.0716828
0.572509 0.0716828
0.572509 0.0743534
0.605805 0.0743534
0.605805 0.0758043
0.654386 0.0758043
0.654386 0.0766158
0.612713 0.0766158
0.612713 0.0769544
0.646009 0.0769544
0.646009 0.179894
0.645563 0.179894
0.645563 0.209942
0.653983 0.209942
0.653983 0.214708
0.671283 0.214708
0.671283 0.229775
0.674116 0.229775
0.674116 0.23824
0.717892 0.23824
0.717892 0.238806
0.645376 0.238806
0.645376 0.150801
0.64131 0.150801
0.64131 0.101416
0.638046 0.101416
0.638046 0.14284
0.621281 0.14284
0.621281 0.104921
0.616837 0.104921
0.616837 0.102153
0.626015 0.102153
0.626015 0.0955139
0.596457 0.0955139
0.596457 0.0894648
0.588422 0.0894648
0.588422 0.142339
0.584866 0.142339
0.584866 0.171872
0.488596 0.171872
0.488596 0.202362
0.48473 0.202362
0.48473 0.167469
0.482424 0.167469
0.482424 0.221732
0.481149 0.221732
0.481149 0.225782
0.484161 0.225782
0.484161 0.278152
0.488856 0.278152
0.488856 0.299143
0.65897 0.299143
0.65897 0.298835
0.675771 0.298835
0.675771 0.299788
0.752263 0.299788
0.752263 0.264244
0.753865 0.264244
0.753865 0.137504
0.758203 0.137504
0.758203 0.13026
0.809317 0.13026
0.809317 0.13108
0.758453 0.13108
0.758453 0.131293
0.779713 0.131293
0.779713 0.159548
0.778001 0.159548
0.778001 0.137946
0.776691 0.137946
0.776691 0.268327
0.771336 0.268327
0.771336 0.299932
0.732052 0.299932
0.732052 0.306788
0.497463 0.306788
0.497463 0.300369
0.486286 0.300369
0.486286 0.281263
0.345227 0.281263
0.345227 0.304759
0.338318 0.304759
0.338318 0.307574
0.355894 0.307574
0.355894 0.309603
0.456637 0.309603
0.456637 0.307758
0.474434 0.307758
0.474434 0.311509
0.648902 0.311509
0.648902 0.31525
0.51373 0.31525
0.51373 0.316855
0.449108 0.316855
0.449108 0.316061
0.230655 0.316061
0.230655 0.317308
0.359641 0.317308
0.359641 0.31928
0.858946 0.31928
0.858946 0.297165
0.8633 0.297165
0.8633 0.293807
0.830526 0.293807
0.830526 0.287967
0.826972 0.287967
0.826972 0.277085
0.818774 0.277085
0.818774 0.108219
0.827909 0.108219
0.827909 0.0960582
0.840725 0.0960582
0.840725 0.0482677
0.873964 0.0482677
0.873964 0.0773671
0.8523 0.0773671
0.8523 0.0918536
0.876433 0.0918536
0.876433 0.0828799
0.90149 0.0828799
0.90149 0.0749841
0.897212 0.0749841
0.897212 0.0506242
0.890333 0.0506242
0.890333 0.0500114
0.901015 0.0500114
0.901015 0.0530819
0.912922 0.0530819
0.912922 0.0557065
0.917597 0.0557065
0.917597 0.0669491
0.912465 0.0669491
0.912465 0.0845834
0.931746 0.0845834
0.931746 0.0504343
0.932003 0.0504343
0.932003 0.0726609
0.933614 0.0726609
0.933614 0.10573
0.932585 0.10573
0.932585 0.107525
0.875255 0.107525
0.875255 0.112399
0.869398 0.112399
0.869398 0.125033
0.878879 0.125033
0.878879 0.129209
0.8387 0.129209
0.8387 0.151521
0.864157 0.151521
0.864157 0.150639
0.883212 0.150639
0.883212 0.142572
0.882126 0.142572
0.882126 0.112503
0.883501 0.112503
0.883501 0.120963
0.897864 0.120963
0.897864 0.152537
0.873591 0.152537
0.873591 0.164556
0.89401 0.164556
0.89401 0.169007
0.857524 0.169007
0.857524 0.171273
0.825272 0.171273
0.825272 0.156927
0.823045 0.156927
0.823045 0.164213
0.821331 0.164213
0.821331 0.264889
0.825809 0.264889
0.825809 0.256719
0.837819 0.256719
0.837819 0.247036
0.827933 0.247036
0.827933 0.22339
0.829079 0.22339
0.829079 0.217344
0.836439 0.217344
0.836439 0.233292
0.838579 0.233292
0.838579 0.198977
0.845471 0.198977
0.845471 0.193796
0.897115 0.193796
0.897115 0.193335
0.90987 0.193335
0.90987 0.214684
0.91034 0.214684
0.91034 0.18536
0.908352 0.18536
0.908352 0.111462
0.911587 0.111462
0.911587 0.192941
0.9137 0.192941
0.9137 0.208043
0.92976 0.208043
0.92976 0.30648
0.927829 0.30648
0.927829 0.340271
0.933653 0.340271
0.933653 0.136909
0.934331 0.136909
0.934331 0.155163
0.934458 0.155163
0.934458 0.214357
0.937196 0.214357
0.937196 0.0575671
0.944728 0.0575671
0.944728 0.0538949
0.972247 0.0538949
0.972247 0.0446727
0.970618 0.0446727
0.970618 0.031806
0.941778 0.031806
0.941778 0.0185625
0.960171 0.0185625
0.960171 0.0107859
0.977823 0.0107859
0.977823 0.0118198
0.973275 0.0118198
0.973275 0.0162395
0.974095 0.0162395
0.974095 0.0376707
0.98115 0.0376707
0.98115 0.0457284
0.980876 0.0457284
0.980876 0.0675576
0.940468 0.0675576
0.940468 0.111426
0.938912 0.111426
0.938912 0.173722
0.939849 0.173722
0.939849 0.189873
0.940543 0.189873
0.940543 0.136316
0.941067 0.136316
0.941067 0.217558
0.94297 0.217558
0.94297 0.133857
0.941678 0.133857
0.941678 0.123176
0.976106 0.123176
0.976106 0.154878
0.945884 0.154878
0.945884 0.199295
0.943615 0.199295
0.943615 0.2227
0.940819 0.2227
0.940819 0.223181
0.940093 0.223181
0.940093 0.229447
0.96147 0.229447
0.96147 0.346861
0.961378 0.346861
0.961378 0.337525
0.94976 0.337525
0.94976 0.347933
0.958366 0.347933
0.958366 0.365552
0.966224 0.365552
0.966224 0.375953
0.965397 0.375953
0.965397 0.423647
0.969466 0.423647
0.969466 0.422416
0.970746 0.422416
0.970746 0.407411
0.97125 0.407411
0.97125 0.349864
0.972011 0.349864
0.972011 0.348926
0.974808 0.348926
0.974808 0.38225
0.974714 0.38225
0.974714 0.387795
0.97164 0.387795
0.97164 0.459837
0.962197 0.459837
0.962197 0.423317
0.961134 0.423317
0.961134 0.501033
0.99869 0.501033
0.99869 0.458704
0.993391 0.458704
0.993391 0.421808
0.997413 0.421808
0.997413 0.32373
0.989476 0.32373
0.989476 0.309398
0.995978 0.309398
0.995978 0.279365
0.988454 0.279365
0.988454 0.278741
0.991472 0.278741
0.991472 0.266832
0.994998 0.266832
0.994998 0.249152
0.988226 0.249152
0.988226 0.264028
0.982757 0.264028
0.982757 0.263804
0.983404 0.263804
0.983404 0.152847
0.983258 0.152847
0.983258 0.0874222
0.982169 0.0874222
0.982169 0.0783117
0.981207 0.0783117
0.981207 0.0664317
0.983893 0.0664317
0.983893 0.182288
0.989018 0.182288
0.989018 0.178972
0.991 0.178972
0.991 0.163406
0.991925 0.163406
0.991925 0.185171
0.9861 0.185171
0.9861 0.24136
1 0.24136
1 0.501167
0.958782 0.501167
0.958782 0.398925
0.955907 0.398925
0.955907 0.429723
0.949434 0.429723
0.949434 0.494007
0.947743 0.494007
0.947743 0.354288
0.942928 0.354288
0.942928 0.309189
0.957368 0.309189
0.957368 0.240955
0.940745 0.240955
0.940745 0.241576
0.937835 0.241576
0.937835 0.22341
0.936448 0.22341
0.936448 0.345052
0.921112 0.345052
0.921112 0.310503
0.926432 0.310503
0.926432 0.271345
0.927594 0.271345
0.927594 0.217764
0.905819 0.217764
0.905819 0.271459
0.902668 0.271459
0.902668 0.19865
0.901777 0.19865
0.901777 0.213958
0.890027 0.213958
0.890027 0.246675
0.872057 0.246675
0.872057 0.262559
0.867566 0.262559
0.867566 0.212882
0.881457 0.212882
0.881457 0.211571
0.884153 0.211571
0.884153 0.213456
0.893112 0.213456
0.893112 0.199177
0.844139 0.199177
0.844139 0.210061
0.840291 0.210061
0.840291 0.269027
0.83995 0.269027
0.83995 0.274468
0.839312 0.274468
0.839312 0.292749
0.871239 0.292749
0.871239 0.32989
0.877325 0.32989
0.877325 0.303682
0.88543 0.303682
0.88543 0.303849
0.879853 0.303849
0.879853 0.338279
0.878836 0.338279
0.878836 0.340858
0.867562 0.340858
0.867562 0.327541
0.847616 0.327541
0.847616 0.323429
0.351764 0.323429
0.351764 0.326865
0.290457 0.326865
0.290457 0.329446
0.433972 0.329446
0.433972 0.333564
0.527097 0.333564
0.527097 0.334139
0.354922 0.334139
0.354922 0.33614
0.253215 0.33614
0.253215 0.336304
0.311654 0.336304
0.311654 0.340982
0.247691 0.340982
0.247691 0.346997
0.236219 0.346997
0.236219 0.384043
0.236233 0.384043
0.236233 0.415347
0.241451 0.415347
0.241451 0.350213
0.495875 0.350213
0.495875 0.350506
0.270477 0.350506
0.270477 0.40355
0.292602 0.40355
0.292602 0.409123
0.272671 0.409123
0.272671 0.416261
0.267465 0.416261
0.267465 0.41714
0.336938 0.41714
0.336938 0.401405
0.384298 0.401405
0.384298 0.371825
0.431334 0.371825
0.431334 0.360757
0.462993 0.360757
0.462993 0.376861
0.466667 0.376861
0.466667 0.381108
0.433044 0.381108
0.433044 0.379535
0.408511 0.379535
0.408511 0.381815
0.416406 0.381815
0.416406 0.410605
0.428087 0.410605
0.428087 0.418247
0.412615 0.418247
0.412615 0.416406
0.361257 0.416406
0.361257 0.424669
0.491179 0.424669
0.491179 0.426418
0.500866 0.426418
0.500866 0.406294
0.504805 0.406294
0.504805 0.400888
0.51455 0.400888
0.51455 0.358291
0.551235 0.358291
0.551235 0.38571
0.575699 0.38571
0.575699 0.381125
0.595984 0.381125
0.595984 0.384098
0.632752 0.384098
0.632752 0.393475
0.638115 0.393475
0.638115 0.390564
0.654541 0.390564
0.654541 0.393821
0.701817 0.393821
0.701817 0.368946
0.714001 0.368946
0.714001 0.360271
0.736677 0.360271
0.736677 0.367447
0.750562 0.367447
0.750562 0.386073
0.787842 0.386073
0.787842 0.382563
0.789414 0.382563
0.789414 0.360653
0.855388 0.360653
0.855388 0.364074
0.827641 0.364074
0.827641 0.371737
0.819832 0.371737
0.819832 0.373467
0.807571 0.373467
0.807571 0.384868
0.824352 0.384868
0.824352 0.394168
0.62525 0.394168
0.62525 0.389687
0.584834 0.389687
0.584834 0.393781
0.557037 0.393781
0.557037 0.396565
0.805347 0.396565
0.805347 0.415904
0.812736 0.415904
0.812736 0.414965
0.864185 0.414965
0.864185 0.432446
0.863225 0.432446
0.863225 0.439189
0.857926 0.439189
0.857926 0.451071
0.840694 0.451071
0.840694 0.41505
0.821817 0.41505
0.821817 0.419666
0.802818 0.419666
0.802818 0.450615
0.801468 0.450615
0.801468 0.451008
0.805202 0.451008
0.805202 0.463968
0.833623 0.463968
0.833623 0.473041
0.90074 0.473041
0.90074 0.476194
0.827856 0.476194
0.827856 0.486515
0.824193 0.486515
0.824193 0.48807
0.862249 0.48807
0.862249 0.478835
0.905341 0.478835
0.905341 0.458347
0.914362 0.458347
0.914362 0.372019
0.899822 0.372019
0.899822 0.366238
0.918877 0.366238
0.918877 0.381279
0.936502 0.381279
0.936502 0.381881
0.9227 0.381881
0.9227 0.444659
0.929127 0.444659
0.929127 0.401817
0.932955 0.401817
0.932955 0.462452
0.917107 0.462452
0.917107 0.496799
0.914227 0.496799
0.914227 0.48902
0.902323 0.48902
0.902323 0.480719
0.878571 0.480719
0.878571 0.490371
0.907084 0.490371
0.907084 0.491878
0.879534 0.491878
0.879534 0.491795
0.876746 0.491795
0.876746 0.489065
0.807565 0.489065
0.807565 0.484722
0.812673 0.484722
0.812673 0.477898
0.801139 0.477898
0.801139 0.410424
0.613896 0.410424
0.613896 0.403763
0.643846 0.403763
0.643846 0.403531
0.647389 0.403531
0.647389 0.402249
0.686467 0.402249
0.686467 0.402002
0.741931 0.402002
0.741931 0.399652
0.604059 0.399652
0.604059 0.398557
0.785746 0.398557
0.785746 0.396649
0.546665 0.396649
0.546665 0.371566
0.524618 0.371566
0.524618 0.378644
0.533177 0.378644
0.533177 0.428024
0.402866 0.428024
0.402866 0.429831
0.259769 0.429831
0.259769 0.393793
0.260279 0.393793
0.260279 0.359795
0.251586 0.359795
0.251586 0.406312
0.24702 0.406312
0.24702 0.431885
0.248202 0.431885
0.248202 0.452602
0.250005 0.452602
0.250005 0.415282
0.25602 0.415282
0.25602 0.439553
0.354108 0.439553
0.354108 0.434431
0.358239 0.434431
0.358239 0.43302
0.420939 0.43302
0.420939 0.437902
0.653518 0.437902
0.653518 0.441848
0.356534 0.441848
0.356534 0.443146
0.546293 0.443146
0.546293 0.448518
0.536596 0.448518
0.536596 0.450179
0.491148 0.450179
0.491148 0.445735
0.467706 0.445735
0.467706 0.447399
0.41706 0.447399
0.41706 0.450911
0.326576 0.450911
0.326576 0.440377
0.271304 0.440377
0.271304 0.452554
0.262915 0.452554
0.262915 0.468446
0.380062 0.468446
0.380062 0.467465
0.403633 0.467465
0.403633 0.457097
0.418305 0.457097
0.418305 0.476553
0.276766 0.476553
0.276766 0.477187
0.263136 0.477187
0.263136 0.473535
0.235889 0.473535
0.235889 0.402894
0.234081 0.402894
0.234081 0.394911
0.23516 0.394911
0.23516 0.34741
0.226699 0.34741
0.226699 0.315249
0.243276 0.315249
0.243276 0.299016
0.223773 0.299016
0.223773 0.370863
0.215714 0.370863
0.215714 0.392377
0.216163 0.392377
0.216163 0.41178
0.216719 0.41178
0.216719 0.425855
0.212757 0.425855
0.212757 0.456613
0.219782 0.456613
0.219782 0.46026
0.226539 0.46026
0.226539 0.476057
0.225439 0.476057
0.225439 0.466368
0.221821 0.466368
0.221821 0.492079
0.265269 0.492079
0.265269 0.49571
0.308669 0.49571
0.308669 0.492858
0.326813 0.492858
0.326813 0.494284
0.361167 0.494284
0.361167 0.499026
0.335163 0.499026
0.335163 0.499559
0.298538 0.499559
0.298538 0.497478
0.256812 0.497478
0.256812 0.494479
0.197381 0.494479
0.197381 0.466922
0.204741 0.466922
0.204741 0.460011
0.195802 0.460011
0.195802 0.492635
0.191961 0.492635
0.191961 0.420422
0.199164 0.420422
0.199164 0.360295
0.201543 0.360295
0.201543 0.423833
0.207808 0.423833
0.207808 0.354562
0.203224 0.354562
0.203224 0.332176
0.205412 0.332176
0.205412 0.293881
0.257201 0.293881
0.257201 0.293785
0.16238 0.293785
0.16238 0.317164
0.125 0.317164
0.125 0.343638
0.121876 0.343638
0.121876 0.253518
0.119568 0.253518
0.119568 0.221962
0.117785 0.221962
0.117785 0.225863
0.106135 0.225863
0.106135 0.192867
0.102149 0.192867
0.102149 0.184733
0.0879471 0.184733
0.0879471 0.229588
0.110712 0.229588
0.110712 0.252391
0.108762 0.252391
0.108762 0.263399
0.103964 0.263399
0.103964 0.266719
0.0933199 0.266719
0.0933199 0.267255
0.0901286 0.267255
0.0901286 0.500303
0.0899536 0.500303
0.0899536 0.237007
0.0793856 0.237007
0.0793856 0.201281
0.0748178 0.201281
0.0748178 0.288918
0.076615 0.288918
0.076615 0.296024
0.0734024 0.296024
0.0734024 0.12553
0.0445508 0.12553
0.0445508 0.597796
0.0476408 0.597796
0.0476408 0.6006
0.0484588 0.6006
0.0484588 0.510271
0.0529889 0.510271
0.0529889 0.510496
0.0497739 0.510496
0.0497739 0.603913
0.0544848 0.603913
0.0544848 0.5835
0.0594486 0.5835
0.0594486 0.433623
0.0534709 0.433623
0.0534709 0.365585
0.0605654 0.365585
0.0605654 0.249535
0.0618547 0.249535
0.0618547 0.285835
0.0612036 0.285835
0.0612036 0.596802
0.0555716 0.596802
0.0555716 0.708973
0.0497644 0.708973
0.0497644 0.710071
0.0438638 0.710071
0.0438638 0.772429
0.0441889 0.772429
0.0441889 0.718436
0.0538809 0.718436
0.0538809 0.72041
0.0514934 0.72041
0.0514934 0.774546
0.0623951 0.774546
0.0623951 0.196419
0.0684831 0.196419
0.0684831 0.4568
0.0690317 0.4568
0.0690317 0.467829
0.0678442 0.467829
0.0678442 0.519405
0.0756078 0.519405
0.0756078 0.517164
0.0936692 0.517164
0.0936692 0.553903
0.0950604 0.553903
0.0950604 0.545515
0.121273 0.545515
0.121273 0.543381
0.105375 0.543381
0.105375 0.522646
0.11198 0.522646
0.11198 0.504404
0.107601 0.504404
0.107601 0.508079
0.0935721 0.508079
0.0935721 0.511748
0.0895338 0.511748
0.0895338 0.503115
0.108775 0.503115
0.108775 0.50353
0.120075 0.50353
0.120075 0.51133
0.112032 0.51133
0.112032 0.541267
0.118448 0.541267
0.118448 0.527138
0.123856 0.527138
0.123856 0.540873
0.134239 0.540873
0.134239 0.543199
0.14145 0.543199
0.14145 0.534269
0.14652 0.534269
0.14652 0.527239
0.151694 0.527239
0.151694 0.533415
0.161789 0.533415
0.161789 0.533957
0.152064 0.533957
0.152064 0.534852
0.154863 0.534852
0.154863 0.547569
0.0960726 0.547569
0.0960726 0.559629
0.098661 0.559629
0.098661 0.572854
0.0929088 0.572854
0.0929088 0.569239
0.0791441 0.569239
0.0791441 0.532687
0.0762479 0.532687
0.0762479 0.588034
0.113998 0.588034
0.113998 0.597457
0.101705 0.597457
0.101705 0.598728
0.087156 0.598728
0.087156 0.623953
0.093398 0.623953
0.093398 0.607528
0.138604 0.607528
0.138604 0.612956
0.148221 0.612956
0.148221 0.621745
0.167454 0.621745
0.167454 0.510728
0.171692 0.510728
0.171692 0.522927
0.173831 0.522927
0.173831 0.606496
0.17501 0.606496
0.17501 0.599296
0.179596 0.599296
0.179596 0.563159
0.175767 0.563159
0.175767 0.512609
0.323728 0.512609
0.323728 0.513445
0.34642 0.513445
0.34642 0.505393
0.398369 0.505393
0.398369 0.506528
0.404623 0.506528
0.404623 0.513507
0.402851 0.513507
0.402851 0.530531
0.393152 0.530531
0.393152 0.537255
0.383564 0.537255
0.383564 0.539173
0.367924 0.539173
0.367924 0.527186
0.361814 0.527186
0.361814 0.52707
0.362654 0.52707
0.362654 0.511617
0.358591 0.511617
0.358591 0.526643
0.328916 0.526643
0.328916 0.521478
0.320542 0.521478
0.320542 0.51907
0.343384 0.51907
0.343384 0.514137
0.220588 0.514137
0.220588 0.516987
0.259393 0.516987
0.259393 0.526951
0.238549 0.526951
0.238549 0.526601
0.226999 0.526601
0.226999 0.526695
0.220685 0.526695
0.220685 0.519389
0.20714 0.519389
0.20714 0.519329
0.190565 0.519329
0.190565 0.518499
0.181706 0.518499
0.181706 0.603214
0.182606 0.603214
0.182606 0.605887
0.185408 0.605887
0.185408 0.70277
0.238777 0.70277
0.238777 0.700663
0.197868 0.700663
0.197868 0.69855
0.305731 0.69855
0.305731 0.699218
0.378085 0.699218
0.378085 0.700663
0.384149 0.700663
0.384149 0.69392
0.365742 0.69392
0.365742 0.69152
0.344124 0.69152
0.344124 0.691767
0.311402 0.691767
0.311402 0.691979
0.358436 0.691979
0.358436 0.694598
0.295312 0.694598
0.295312 0.687812
0.31031 0.687812
0.31031 0.684708
0.348588 0.684708
0.348588 0.683246
0.380228 0.683246
0.380228 0.683331
0.416582 0.683331
0.416582 0.65913
0.394422 0.65913
0.394422 0.680816
0.386614 0.680816
0.386614 0.662399
0.364423 0.662399
0.364423 0.677429
0.252642 0.677429
0.252642 0.673908
0.235743 0.673908
0.235743 0.665677
0.270315 0.665677
0.270315 0.64121
0.240689 0.64121
0.240689 0.663568
0.229705 0.663568
0.229705 0.654482
0.190389 0.654482
0.190389 0.638815
0.261344 0.638815
0.261344 0.637696
0.191933 0.637696
0.191933 0.634375
0.276077 0.634375
0.276077 0.644069
0.298732 0.644069
0.298732 0.651599
0.291694 0.651599
0.291694 0.651129
0.271886 0.651129
0.271886 0.673649
0.244681 0.673649
0.244681 0.673708
0.307206 0.673708
0.307206 0.6585
0.310856 0.6585
0.310856 0.626674
0.306109 0.626674
0.306109 0.628673
0.304552 0.628673
0.304552 0.626198
0.303183 0.626198
0.303183 0.62392
0.283352 0.62392
0.283352 0.60735
0.315466 0.60735
0.315466 0.649932
0.341269 0.649932
0.341269 0.65632
0.356843 0.65632
0.356843 0.656505
0.41863 0.656505
0.41863 0.664791
0.423241 0.664791
0.423241 0.681811
0.424416 0.681811
0.424416 0.68367
0.446675 0.68367
0.446675 0.622541
0.450075 0.622541
0.450075 0.679496
0.453892 0.679496
0.453892 0.622073
0.443153 0.622073
0.443153 0.611785
0.429776 0.611785
0.429776 0.631759
0.421546 0.631759
0.421546 0.616006
0.422314 0.616006
0.422314 0.598093
0.410385 0.598093
0.410385 0.579924
0.356165 0.579924
0.356165 0.547433
0.353764 0.547433
0.353764 0.568958
0.334796 0.568958
0.334796 0.569403
0.341596 0.569403
0.341596 0.573186
0.28412 0.573186
0.28412 0.567175
0.292386 0.567175
0.292386 0.550907
0.325242 0.550907
0.325242 0.545292
0.32884 0.545292
0.32884 0.545268
0.36696 0.545268
0.36696 0.574027
0.388668 0.574027
0.388668 0.578767
0.440333 0.578767
0.440333 0.548466
0.638703 0.548466
0.638703 0.544818
0.690423 0.544818
0.690423 0.565364
0.699759 0.565364
0.699759 0.56586
0.643766 0.56586
0.643766 0.563842
0.67964 0.563842
0.67964 0.559665
0.580336 0.559665
0.580336 0.56892
0.572696 0.56892
0.572696 0.580687
0.675622 0.580687
0.675622 0.598719
0.695244 0.598719
0.695244 0.702928
0.697122 0.702928
0.697122 0.707044
0.694181 0.707044
0.694181 0.729871
0.518731 0.729871
0.518731 0.716868
0.544414 0.716868
0.544414 0.7132
0.508026 0.7132
0.508026 0.712607
0.48437 0.712607
0.48437 0.731846
0.48274 0.731846
0.48274 0.713927
0.466362 0.713927
0.466362 0.733839
0.463775 0.733839
0.463775 0.74247
0.541115 0.74247
0.541115 0.740343
0.529674 0.740343
0.529674 0.738277
0.524595 0.738277
0.524595 0.73236
0.667762 0.73236
0.667762 0.731905
0.624935 0.731905
0.624935 0.729878
0.720753 0.729878
0.720753 0.703755
0.724004 0.703755
0.724004 0.601779
0.735149 0.601779
0.735149 0.648073
0.730713 0.648073
0.730713 0.641627
0.733304 0.641627
0.733304 0.62027
0.725614 0.62027
0.725614 0.701839
0.725383 0.701839
0.725383 0.730127
0.696474 0.730127
0.696474 0.742189
0.718552 0.742189
0.718552 0.741248
0.726438 0.741248
0.726438 0.75109
0.725895 0.75109
0.725895 0.751451
0.745543 0.751451
0.745543 0.765908
0.745401 0.765908
0.745401 0.774062
0.744596 0.774062
0.744596 0.775645
0.801141 0.775645
0.801141 0.781337
0.779069 0.781337
0.779069 0.783264
0.769852 0.783264
0.769852 0.787696
0.771583 0.787696
0.771583 0.788063
0.777118 0.788063
0.777118 0.793399
0.800948 0.793399
0.800948 0.796478
0.670781 0.796478
0.670781 0.80947
0.657109 0.80947
0.657109 0.810405
0.657145 0.810405
0.657145 0.824976
0.635847 0.824976
0.635847 0.818023
0.622248 0.818023
0.622248 0.813941
0.604083 0.813941
0.604083 0.826314
0.600401 0.826314
0.600401 0.818371
0.568498 0.818371
0.568498 0.833087
0.603087 0.833087
0.603087 0.843332
0.607834 0.843332
0.607834 0.834483
0.638506 0.834483
0.638506 0.835607
0.803124 0.835607
0.803124 0.858692
0.802345 0.858692
0.802345 0.840791
0.792239 0.840791
0.792239 0.861149
0.791364 0.861149
0.791364 0.839112
0.789581 0.839112
0.789581 0.839842
0.725066 0.839842
0.725066 0.837892
0.617812 0.837892
0.617812 0.843737
0.695745 0.843737
0.695745 0.849279
0.743715 0.849279
0.743715 0.857131
0.773643 0.857131
0.773643 0.848837
0.789066 0.848837
0.789066 0.861119
0.726611 0.861119
0.726611 0.849524
0.701392 0.849524
0.701392 0.864424
0.769418 0.864424
0.769418 0.861583
0.819758 0.861583
0.819758 0.86216
0.812363 0.86216
0.812363 0.9062
0.800674 0.9062
0.800674 0.903367
0.806449 0.903367
0.806449 0.897712
0.803091 0.897712
0.803091 0.902053
0.793132 0.902053
0.793132 0.892558
0.709143 0.892558
0.709143 0.889164
0.762276 0.889164
0.762276 0.887445
0.630012 0.887445
0.630012 0.885781
0.6812 0.885781
0.6812 0.884638
0.791301 0.884638
0.791301 0.884054
0.796946 0.884054
0.796946 0.870633
0.79209 0.870633
0.79209 0.874967
0.708536 0.874967
0.708536 0.87478
0.62656 0.87478
0.62656 0.874335
0.576636 0.874335
0.576636 0.871076
0.585171 0.871076
0.585171 0.872502
0.726153 0.872502
0.726153 0.869376
0.5005 0.869376
0.5005 0.876065
0.22919 0.876065
0.22919 0.877307
0.266684 0.877307
0.266684 0.883007
0.22033 0.883007
0.22033 0.88028
0.183075 0.88028
0.183075 0.894783
0.187388 0.894783
0.187388 0.901302
0.189427 0.901302
0.189427 0.895823
0.316857 0.895823
0.316857 0.888449
0.311807 0.888449
0.311807 0.883521
0.324388 0.883521
0.324388 0.893373
0.327888 0.893373
0.327888 0.893828
0.329032 0.893828
0.329032 0.892806
0.343761 0.892806
0.343761 0.883893
0.354127 0.883893
0.354127 0.897443
0.195155 0.897443
0.195155 0.900307
0.203324 0.900307
0.203324 0.905345
0.198122 0.905345
0.198122 0.910004
0.171684 0.910004
0.171684 0.93026
0.185656 0.93026
0.185656 0.926466
0.186829 0.926466
0.186829 0.910813
0.258401 0.910813
0.258401 0.910223
0.652801 0.910223
0.652801 0.911325
0.420628 0.911325
0.420628 0.911898
0.572377 0.911898
0.572377 0.912317
0.299132 0.912317
0.299132 0.911904
0.206544 0.911904
0.206544 0.980601
0.251315 0.980601
0.251315 0.986921
0.328751 0.986921
0.328751 0.994532
0.354157 0.994532
0.354157 0.994484
0.380242 0.994484
0.380242 0.984589
0.372234 0.984589
0.372234 0.966784
0.354958 0.966784
0.354958 0.966691
0.353423 0.966691
0.353423 0.95679
0.334011 0.95679
0.334011 0.94982
0.373145 0.94982
0.373145 0.946503
0.362285 0.946503
0.362285 0.941745
0.371238 0.941745
0.371238 0.932858
0.379585 0.932858
0.379585 0.947436
0.387845 0.947436
0.387845 0.947367
0.391523 0.947367
0.391523 0.955814
0.376832 0.955814
0.376832 0.969945
0.477892 0.969945
0.477892 0.97758
0.45095 0.97758
0.45095 0.980671
0.418872 0.980671
0.418872 0.973379
0.40136 0.973379
0.40136 0.984848
0.481922 0.984848
0.481922 0.977748
0.477915 0.977748
0.477915 0.970329
0.513626 0.970329
0.513626 0.93539
0.491453 0.93539
0.491453 0.913371
0.536116 0.913371
0.536116 0.915586
0.560042 0.915586
0.560042 0.912897
0.593586 0.912897
0.593586 0.913125
0.577839 0.913125
0.577839 0.91395
0.583614 0.91395
0.583614 0.937466
0.636201 0.937466
0.636201 0.956322
0.651752 0.956322
0.651752 0.955352
0.712056 0.955352
0.712056 0.950126
0.733996 0.950126
0.733996 0.915994
0.763899 0.915994
0.763899 0.915373
0.778848 0.915373
0.778848 0.917636
0.862664 0.917636
0.862664 0.923623
0.877796 0.923623
0.877796 0.91955
0.879732 0.91955
0.879732 0.923152
0.883925 0.923152
0.883925 0.941085
0.834732 0.941085
0.834732 0.970533
0.818969 0.970533
0.818969 0.945109
0.796352 0.945109
0.796352 0.948321
0.791346 0.948321
0.791346 0.926111
0.820593 0.926111
0.820593 0.930949
0.808818 0.930949
0.808818 0.935953
0.835329 0.935953
0.835329 0.928092
0.852549 0.928092
0.852549 0.922648
0.827617 0.922648
0.827617 0.920045
0.750024 0.920045
0.750024 0.957515
0.748118 0.957515
0.748118 0.965615
0.722265 0.965615
0.722265 0.960234
0.672367 0.960234
0.672367 0.964907
0.603965 0.964907
0.603965 0.946507
0.574165 0.946507
0.574165 0.927767
0.582213 0.927767
0.582213 0.922319
0.534796 0.922319
0.534796 0.917687
0.518141 0.917687
0.518141 0.951634
0.527311 0.951634
0.527311 0.96724
0.538675 0.96724
0.538675 0.97589
0.562545 0.97589
0.562545 0.96121
0.571122 0.96121
0.571122 0.998394
0.550759 0.998394
0.550759 0.978193
0.523114 0.978193
0.523114 0.957786
0.522382 0.957786
0.522382 0.986211
0.438189 0.986211
0.438189 0.989102
0.42374 0.989102
0.42374 0.993072
0.420475 0.993072
0.420475 0.994594
0.361853 0.994594
0.361853 0.995029
0.249809 0.995029
0.249809 0.99694
0.357413 0.99694
0.357413 0.995953
0.485941 0.995953
0.485941 0.996356
0.513194 0.996356
0.513194 1
