256
0.0319541 1
0.0319541 0.994113
0.0018392 0.994113
0.0018392 0.968016
0 0.968016
0 0.962137
0.0106598 0.962137
0.0106598 0.962738
0.0380019 0.962738
0.0380019 0.739113
0.148586 0.739113
0.148586 0.763944
0.20127 0.763944
0.20127 0.731959
0.0125804 0.731959
0.0125804 0.729601
0.209185 0.729601
0.209185 0.728665
0.130377 0.728665
0.130377 0.714338
0.101736 0.714338
0.101736 0.708662
0.0667892 0.708662
0.0667892 0.693165
0.0848825 0.693165
0.0848825 0.625929
0.0913707 0.625929
0.0913707 0.0823172
0.156712 0.0823172
0.156712 0.066824
0.363032 0.066824
0.363032 0.0475087
0.116218 0.0475087
0.116218 0.043694
0.323991 0.043694
0.323991 0.00718462
0.365286 0.00718462
0.365286 0.0170983
0.388376 0.0170983
0.388376 0.0427596
0.489146 0.0427596
0.489146 0.0431654
0.496454 0.0431654
0.496454 0.165617
0.492993 0.165617
0.492993 0.303986
0.497069 0.303986
0.497069 0
0.509379 0
0.509379 0.369144
0.51778 0.369144
0.51778 0.506975
0.519405 0.506975
0.519405 0.235193
0.524045 0.235193
0.524045 0.18106
0.565354 0.18106
0.565354 0.171414
0.62162 0.171414
0.62162 0.165037
0.570335 0.165037
0.570335 0.0727111
0.626587 0.0727111
0.626587 0.184993
0.524727 0.184993
0.524727 0.207167
0.593743 0.207167
0.593743 0.278599
0.583584 0.278599
0.583584 0.326199
0.605163 0.326199
0.605163 0.34683
0.67106 0.34683
0.67106 0.643956
0.69082 0.643956
0.69082 0.591572
0.744433 0.591572
0.744433 0.531939
0.685991 0.531939
0.685991 0.513792
0.807486 0.513792
0.807486 0.499781
0.831446 0.499781
0.831446 0.470564
0.780262 0.470564
0.780262 0.481139
0.742965 0.481139
0.742965 0.41422
0.696875 0.41422
0.696875 0.360889
0.674729 0.360889
0.674729 0.0406618
0.684295 0.0406618
0.684295 0.0228125
0.710294 0.0228125
0.710294 0.0917907
0.712731 0.0917907
0.712731 0.123625
0.773224 0.123625
0.773224 0.152677
0.753625 0.152677
0.753625 0.211415
0.697462 0.211415
0.697462 0.375031
0.856236 0.375031
0.856236 0.342087
0.88256 0.342087
0.88256 0.397122
0.736104 0.397122
0.736104 0.402543
0.839542 0.402543
0.839542 0.435968
0.853667 0.435968
0.853667 0.456804
0.838325 0.456804
0.838325 0.554454
0.905729 0.554454
0.905729 0.331467
0.89665 0.331467
0.89665 0.319478
0.888197 0.319478
0.888197 0.444869
0.885621 0.444869
0.885621 0.278146
0.900005 0.278146
0.900005 0.317713
0.957602 0.317713
0.957602 0.260821
0.938034 0.260821
0.938034 0.255334
0.984062 0.255334
0.984062 0.0876101
1 0.0876101
1 0.165466
0.985737 0.165466
0.985737 0.512974
0.97809 0.512974
0.97809 0.561639
0.887759 0.561639
0.887759 0.599213
0.966825 0.599213
0.966825 0.643734
0.828291 0.643734
0.828291 0.526984
0.787733 0.526984
0.787733 0.665775
0.638932 0.665775
0.638932 0.649661
0.627274 0.649661
0.627274 0.526974
0.64804 0.526974
0.64804 0.60004
0.641579 0.60004
0.641579 0.658061
0.666253 0.658061
0.666253 0.353042
0.579393 0.353042
0.579393 0.397734
0.561803 0.397734
0.561803 0.513332
0.477856 0.513332
0.477856 0.394445
0.458453 0.394445
0.458453 0.400062
0.44677 0.400062
0.44677 0.31119
0.484608 0.31119
0.484608 0.133551
0.482333 0.133551
0.482333 0.223349
0.407938 0.223349
0.407938 0.138015
0.410348 0.138015
0.410348 0.0853622
0.384804 0.0853622
0.384804 0.187497
0.236819 0.187497
0.236819 0.0910059
0.303361 0.0910059
0.303361 0.0706039
0.232112 0.0706039
0.232112 0.120051
0.232355 0.120051
0.232355 0.231505
0.223129 0.231505
0.223129 0.0800216
0.191765 0.0800216
0.191765 0.357302
0.194721 0.357302
0.194721 0.389348
0.210659 0.389348
0.210659 0.622254
0.214657 0.622254
0.214657 0.639475
0.246618 0.639475
0.246618 0.645701
0.203663 0.645701
0.203663 0.501495
0.109015 0.501495
0.109015 0.651991
0.111882 0.651991
0.111882 0.711977
0.16025 0.711977
0.16025 0.721862
0.244898 0.721862
0.244898 0.901831
0.255973 0.901831
0.255973 0.893702
0.412187 0.893702
0.412187 0.802338
0.386485 0.802338
0.386485 0.853173
0.276969 0.853173
0.276969 0.788684
0.345034 0.788684
0.345034 0.787871
0.973845 0.787871
0.973845 0.839991
0.969741 0.839991
0.969741 0.862058
0.945703 0.862058
0.945703 0.955308
0.940461 0.955308
0.940461 0.831443
0.805734 0.831443
0.805734 0.806861
0.479746 0.806861
0.479746 0.826608
0.430397 0.826608
0.430397 0.872855
0.491726 0.872855
0.491726 0.913247
0.322067 0.913247
0.322067 0.956084
0.298107 0.956084
0.298107 0.956955
0.275974 0.956955
0.275974 0.95415
0.237436 0.95415
0.237436 0.92902
0.214909 0.92902
0.214909 0.765555
0.103438 0.765555
0.103438 0.763816
0.0842644 0.763816
0.0842644 0.787805
0.0839472 0.787805
0.0839472 0.785593
0.0641572 0.785593
0.0641572 0.810971
0.0830433 0.810971
0.0830433 0.823404
0.0660711 0.823404
0.0660711 0.983457
0.0328442 0.983457
0.0328442 1
