256
0.0730236 1
0.0730236 0.921105
0.152263 0.921105
0.152263 0.906423
0.158231 0.906423
0.158231 0.921645
0.227289 0.921645
0.227289 0.710674
0.217892 0.710674
0.217892 0.677175
0.181204 0.677175
0.181204 0.38161
0.236705 0.38161
0.236705 0.336259
0.248296 0.336259
0.248296 0.329076
0.118943 0.329076
0.118943 0.51145
0.0974891 0.51145
0.0974891 0.419522
0.0479987 0.419522
0.0479987 0.621819
0.0333203 0.621819
0.0333203 0.408192
0.0710225 0.408192
0.0710225 0.286594
0.00738231 0.286594
0.00738231 0.451568
0 0.451568
0 0.22383
0.0819494 0.22383
0.0819494 0.19142
0.0286949 0.19142
0.0286949 0.0656522
0.126184 0.0656522
0.126184 0.00215209
0.150635 0.00215209
0.150635 0.0338962
0.162288 0.0338962
0.162288 0.0283985
0.318897 0.0283985
0.318897 0.0603275
0.326112 0.0603275
0.326112 0.617031
0.276637 0.617031
0.276637 0.416064
0.296605 0.416064
0.296605 0.0877782
0.205708 0.0877782
0.205708 0.156658
0.14546 0.156658
0.14546 0.248481
0.265033 0.248481
0.265033 0.35514
0.24318 0.35514
0.24318 0.592482
0.239916 0.592482
0.239916 0.643188
0.345785 0.643188
0.345785 0.538268
0.346865 0.538268
0.346865 0
0.387517 0
0.387517 0.0488671
0.405368 0.0488671
0.405368 0.206558
0.435584 0.206558
0.435584 0.0510192
0.441937 0.0510192
0.441937 0.239532
0.348549 0.239532
0.348549 0.350053
0.359967 0.350053
0.359967 0.401063
0.433737 0.401063
0.433737 0.426292
0.519586 0.426292
0.519586 0.44996
0.386381 0.44996
0.386381 0.471604
0.581486 0.471604
0.581486 0.337434
0.535532 0.337434
0.535532 0.323701
0.471572 0.323701
0.471572 0.295953
0.477773 0.295953
0.477773 0.313941
0.497265 0.313941
0.497265 0.269394
0.745655 0.269394
0.745655 0.240094
0.705156 0.240094
0.705156 0.211722
0.737093 0.211722
0.737093 0.0185289
0.732881 0.0185289
0.732881 0.196019
0.729502 0.196019
0.729502 0.0402116
0.708173 0.0402116
0.708173 0.021873
0.632901 0.021873
0.632901 0.0259484
0.574154 0.0259484
0.574154 0.188235
0.535532 0.188235
0.535532 0.0150569
0.773623 0.0150569
0.773623 0.0108719
0.586282 0.0108719
0.586282 0.00419834
0.773936 0.00419834
0.773936 0.00935899
0.778179 0.00935899
0.778179 0.036759
0.826178 0.036759
0.826178 0.103083
0.891781 0.103083
0.891781 0.0433767
0.958937 0.0433767
0.958937 0.119525
0.976648 0.119525
0.976648 0.161007
0.873471 0.161007
0.873471 0.180609
0.869342 0.180609
0.869342 0.186985
0.814331 0.186985
0.814331 0.0983592
0.778156 0.0983592
0.778156 0.324792
0.708856 0.324792
0.708856 0.327122
0.683521 0.327122
0.683521 0.380811
0.732677 0.380811
0.732677 0.338193
0.879429 0.338193
0.879429 0.342845
0.890251 0.342845
0.890251 0.349222
0.885782 0.349222
0.885782 0.411937
0.822987 0.411937
0.822987 0.407244
0.794679 0.407244
0.794679 0.401498
0.678765 0.401498
0.678765 0.534902
0.700791 0.534902
0.700791 0.548512
0.704979 0.548512
0.704979 0.587299
0.665763 0.587299
0.665763 0.277218
0.710621 0.277218
0.710621 0.274186
0.622318 0.274186
0.622318 0.320414
0.597873 0.320414
0.597873 0.50952
0.550328 0.50952
0.550328 0.605809
0.492602 0.605809
0.492602 0.545347
0.477018 0.545347
0.477018 0.51106
0.380869 0.51106
0.380869 0.524376
0.440122 0.524376
0.440122 0.61246
0.415474 0.61246
0.415474 0.655126
0.356515 0.655126
0.356515 0.651594
0.239049 0.651594
0.239049 0.936701
0.257929 0.936701
0.257929 0.866332
0.27471 0.866332
0.27471 0.892707
0.277602 0.892707
0.277602 0.72669
0.341292 0.72669
0.341292 0.846215
0.288945 0.846215
0.288945 0.85255
0.324265 0.85255
0.324265 0.864384
0.342074 0.864384
0.342074 0.906544
0.327006 0.906544
0.327006 0.917772
0.348889 0.917772
0.348889 0.912878
0.453666 0.912878
0.453666 0.952426
0.469017 0.952426
0.469017 0.946612
0.475257 0.946612
0.475257 0.86659
0.642591 0.86659
0.642591 0.81617
0.622185 0.81617
0.622185 0.758248
0.618889 0.758248
0.618889 0.699265
0.80993 0.699265
0.80993 0.722963
0.92228 0.722963
0.92228 0.659054
0.974975 0.659054
0.974975 0.679517
0.969003 0.679517
0.969003 0.681704
0.998372 0.681704
0.998372 0.712332
0.983561 0.712332
0.983561 0.744451
1 0.744451
1 0.767928
0.931817 0.767928
0.931817 0.797641
0.922871 0.797641
0.922871 0.80068
0.922778 0.80068
0.922778 0.788854
0.808302 0.788854
0.808302 0.805585
0.931439 0.805585
0.931439 0.811785
0.871145 0.811785
0.871145 0.832379
0.849189 0.832379
0.849189 0.831226
0.813399 0.831226
0.813399 0.820368
0.709056 0.820368
0.709056 0.70146
0.655549 0.70146
0.655549 0.911
0.627521 0.911
0.627521 0.881188
0.61784 0.881188
0.61784 0.987074
0.573242 0.987074
0.573242 0.987892
0.277867 0.987892
0.277867 0.969673
0.106158 0.969673
0.106158 0.995307
0.133206 0.995307
0.133206 0.996528
0.158727 0.996528
0.158727 1
