1024
0.505324 1
0.505324 0.929314
0.507583 0.929314
0.507583 0.966933
0.562418 0.966933
0.562418 0.898305
0.558194 0.898305
0.558194 0.647762
0.55523 0.647762
0.55523 0.715251
0.554265 0.715251
0.554265 0.727455
0.545534 0.727455
0.545534 0.358891
0.547004 0.358891
0.547004 0.295201
0.542226 0.295201
0.542226 0.463658
0.537829 0.463658
0.537829 0.431628
0.529552 0.431628
0.529552 0.511987
0.536358 0.511987
0.536358 0.569188
0.527519 0.569188
0.527519 0.27599
0.520012 0.27599
0.520012 0.67577
0.517055 0.67577
0.517055 0.726259
0.529713 0.726259
0.529713 0.602756
0.534383 0.602756
0.534383 0.90741
0.529286 0.90741
0.529286 0.88193
0.511192 0.88193
0.511192 0.787218
0.514572 0.787218
0.514572 0.55637
0.514174 0.55637
0.514174 0.580423
0.505895 0.580423
0.505895 0.490421
0.50828 0.490421
0.50828 0.289697
0.51529 0.289697
0.51529 0.183368
0.541658 0.183368
0.541658 0.165996
0.486371 0.165996
0.486371 0.181395
0.458764 0.181395
0.458764 0.17911
0.42696 0.17911
0.42696 0.179825
0.325817 0.179825
0.325817 0.183061
0.472076 0.183061
0.472076 0.199686
0.476263 0.199686
0.476263 0.197494
0.498316 0.197494
0.498316 0.260233
0.500137 0.260233
0.500137 0.300273
0.501671 0.300273
0.501671 0.222595
0.49979 0.222595
0.49979 0.183698
0.5012 0.183698
0.5012 0.215637
0.504671 0.215637
0.504671 0.341636
0.504391 0.341636
0.504391 0.390917
0.496305 0.390917
0.496305 0.492464
0.494918 0.492464
0.494918 0.561768
0.466996 0.561768
0.466996 0.742848
0.437079 0.742848
0.437079 0.6232
0.437379 0.6232
0.437379 0.262313
0.439543 0.262313
0.439543 0.444511
0.439751 0.444511
0.439751 0.638242
0.4392 0.638242
0.4392 0.721656
0.464152 0.721656
0.464152 0.302319
0.463409 0.302319
0.463409 0.266136
0.466164 0.266136
0.466164 0.524118
0.466241 0.524118
0.466241 0.525029
0.486601 0.525029
0.486601 0.434332
0.495202 0.434332
0.495202 0.317314
0.496387 0.317314
0.496387 0.340163
0.498935 0.340163
0.498935 0.270276
0.48496 0.270276
0.48496 0.212711
0.475563 0.212711
0.475563 0.200606
0.459224 0.200606
0.459224 0.2011
0.455761 0.2011
0.455761 0.198278
0.453475 0.198278
0.453475 0.205304
0.445705 0.205304
0.445705 0.196128
0.452362 0.196128
0.452362 0.190247
0.441622 0.190247
0.441622 0.189506
0.384521 0.189506
0.384521 0.188403
0.321181 0.188403
0.321181 0.18974
0.317169 0.18974
0.317169 0.183631
0.185328 0.183631
0.185328 0.197157
0.299841 0.197157
0.299841 0.196639
0.344851 0.196639
0.344851 0.224954
0.366168 0.224954
0.366168 0.375089
0.370361 0.375089
0.370361 0.446813
0.409959 0.446813
0.409959 0.607523
0.425466 0.607523
0.425466 0.769081
0.420035 0.769081
0.420035 0.800621
0.409421 0.800621
0.409421 0.753533
0.41404 0.753533
0.41404 0.65905
0.409487 0.65905
0.409487 0.625068
0.400034 0.625068
0.400034 0.516061
0.406877 0.516061
0.406877 0.482731
0.370888 0.482731
0.370888 0.627898
0.361175 0.627898
0.361175 0.678237
0.37852 0.678237
0.37852 0.667
0.381137 0.667
0.381137 0.784694
0.389366 0.784694
0.389366 0.543884
0.390898 0.543884
0.390898 0.585325
0.397516 0.585325
0.397516 0.70389
0.390836 0.70389
0.390836 0.811689
0.385412 0.811689
0.385412 0.888981
0.376631 0.888981
0.376631 0.883909
0.372272 0.883909
0.372272 0.847228
0.320777 0.847228
0.320777 0.881069
0.321178 0.881069
0.321178 0.899418
0.220064 0.899418
0.220064 0.72686
0.218563 0.72686
0.218563 0.691788
0.226881 0.691788
0.226881 0.417928
0.223843 0.417928
0.223843 0.68887
0.217534 0.68887
0.217534 0.511687
0.212696 0.511687
0.212696 0.770093
0.210985 0.770093
0.210985 0.899206
0.203822 0.899206
0.203822 0.783811
0.197951 0.783811
0.197951 0.716199
0.20678 0.716199
0.20678 0.844518
0.209223 0.844518
0.209223 0.58807
0.211179 0.58807
0.211179 0.254054
0.214822 0.254054
0.214822 0.398043
0.215979 0.398043
0.215979 0.243192
0.196702 0.243192
0.196702 0.230514
0.203239 0.230514
0.203239 0.216049
0.241327 0.216049
0.241327 0.239449
0.246233 0.239449
0.246233 0.308553
0.233624 0.308553
0.233624 0.751436
0.22922 0.751436
0.22922 0.853893
0.234315 0.853893
0.234315 0.557736
0.235956 0.557736
0.235956 0.765126
0.236854 0.765126
0.236854 0.653975
0.245224 0.653975
0.245224 0.793972
0.254424 0.793972
0.254424 0.82921
0.263842 0.82921
0.263842 0.658997
0.258047 0.658997
0.258047 0.45761
0.270849 0.45761
0.270849 0.646474
0.27196 0.646474
0.27196 0.541108
0.293199 0.541108
0.293199 0.558493
0.280507 0.558493
0.280507 0.633755
0.299676 0.633755
0.299676 0.688951
0.289469 0.688951
0.289469 0.71077
0.304909 0.71077
0.304909 0.73492
0.313193 0.73492
0.313193 0.67237
0.313244 0.67237
0.313244 0.818014
0.289723 0.818014
0.289723 0.817347
0.294173 0.817347
0.294173 0.715805
0.276131 0.715805
0.276131 0.685247
0.272907 0.685247
0.272907 0.824109
0.286103 0.824109
0.286103 0.843197
0.249682 0.843197
0.249682 0.856275
0.291604 0.856275
0.291604 0.857447
0.274135 0.857447
0.274135 0.882306
0.273245 0.882306
0.273245 0.892866
0.320305 0.892866
0.320305 0.82807
0.37868 0.82807
0.37868 0.754181
0.352329 0.754181
0.352329 0.626962
0.354865 0.626962
0.354865 0.518311
0.348941 0.518311
0.348941 0.416359
0.344922 0.416359
0.344922 0.622269
0.347766 0.622269
0.347766 0.678336
0.332612 0.678336
0.332612 0.652802
0.339871 0.652802
0.339871 0.65042
0.340319 0.65042
0.340319 0.414217
0.353818 0.414217
0.353818 0.314592
0.355733 0.314592
0.355733 0.71254
0.360884 0.71254
0.360884 0.278892
0.363222 0.278892
0.363222 0.235235
0.342975 0.235235
0.342975 0.21236
0.324429 0.21236
0.324429 0.214557
0.324403 0.214557
0.324403 0.204968
0.323524 0.204968
0.323524 0.207796
0.30921 0.207796
0.30921 0.207027
0.210743 0.207027
0.210743 0.198491
0.193581 0.198491
0.193581 0.455261
0.192652 0.455261
0.192652 0.379016
0.191042 0.379016
0.191042 0.492403
0.171869 0.492403
0.171869 0.474823
0.169661 0.474823
0.169661 0.485609
0.163495 0.485609
0.163495 0.498586
0.179788 0.498586
0.179788 0.508793
0.171633 0.508793
0.171633 0.599345
0.148101 0.599345
0.148101 0.5995
0.144057 0.5995
0.144057 0.699411
0.164402 0.699411
0.164402 0.709168
0.144984 0.709168
0.144984 0.71113
0.164852 0.71113
0.164852 0.751336
0.15715 0.751336
0.15715 0.716992
0.140327 0.716992
0.140327 0.526985
0.130896 0.526985
0.130896 0.511392
0.114403 0.511392
0.114403 0.487065
0.142917 0.487065
0.142917 0.480377
0.10075 0.480377
0.10075 0.546989
0.0991835 0.546989
0.0991835 0.62848
0.120044 0.62848
0.120044 0.62435
0.107745 0.62435
0.107745 0.610214
0.115789 0.610214
0.115789 0.596631
0.129724 0.596631
0.129724 0.634235
0.121393 0.634235
0.121393 0.669633
0.120557 0.669633
0.120557 0.653824
0.0967926 0.653824
0.0967926 0.709138
0.095445 0.709138
0.095445 0.684699
0.0954122 0.684699
0.0954122 0.728519
0.0952503 0.728519
0.0952503 0.731057
0.0905134 0.731057
0.0905134 0.649307
0.0905165 0.649307
0.0905165 0.582909
0.0969626 0.582909
0.0969626 0.485221
0.0710986 0.485221
0.0710986 0.505419
0.0448407 0.505419
0.0448407 0.507718
0.0821963 0.507718
0.0821963 0.729701
0.0740386 0.729701
0.0740386 0.662279
0.0640054 0.662279
0.0640054 0.752983
0.0751669 0.752983
0.0751669 0.76358
0.0739541 0.76358
0.0739541 0.787076
0.0625329 0.787076
0.0625329 0.812459
0.0428906 0.812459
0.0428906 0.818045
0.0239692 0.818045
0.0239692 0.854678
0.0826558 0.854678
0.0826558 0.853167
0.130095 0.853167
0.130095 0.859186
0.132236 0.859186
0.132236 0.876377
0.113974 0.876377
0.113974 0.865458
0.0121498 0.865458
0.0121498 0.861985
0.000935014 0.861985
0.000935014 0.823648
0.00239563 0.823648
0.00239563 0.821986
0.00770522 0.821986
0.00770522 0.82373
0.015456 0.82373
0.015456 0.762702
0.021507 0.762702
0.021507 0.794142
0.0156786 0.794142
0.0156786 0.799123
0.0224608 0.799123
0.0224608 0.79902
0.0222178 0.79902
0.0222178 0.796376
0.0401754 0.796376
0.0401754 0.765463
0.0434255 0.765463
0.0434255 0.644788
0.0686948 0.644788
0.0686948 0.527595
0.0462992 0.527595
0.0462992 0.51426
0.0336765 0.51426
0.0336765 0.544939
0.0333986 0.544939
0.0333986 0.652186
0.0304887 0.652186
0.0304887 0.610381
0.0312222 0.610381
0.0312222 0.533117
0.0326397 0.533117
0.0326397 0.475476
0.11256 0.475476
0.11256 0.479868
0.143565 0.479868
0.143565 0.459323
0.149154 0.459323
0.149154 0.574888
0.152325 0.574888
0.152325 0.456958
0.174087 0.456958
0.174087 0.473351
0.185717 0.473351
0.185717 0.450625
0.187454 0.450625
0.187454 0.237429
0.185511 0.237429
0.185511 0.197532
0.183093 0.197532
0.183093 0.237343
0.176266 0.237343
0.176266 0.221594
0.13333 0.221594
0.13333 0.221822
0.174857 0.221822
0.174857 0.234138
0.164086 0.234138
0.164086 0.228672
0.111615 0.228672
0.111615 0.348523
0.108205 0.348523
0.108205 0.34536
0.102539 0.34536
0.102539 0.360494
0.154837 0.360494
0.154837 0.383871
0.137711 0.383871
0.137711 0.395728
0.0500553 0.395728
0.0500553 0.426396
0.157159 0.426396
0.157159 0.428246
0.0409623 0.428246
0.0409623 0.419516
0.0311091 0.419516
0.0311091 0.268647
0.0330449 0.268647
0.0330449 0.390037
0.134795 0.390037
0.134795 0.368469
0.0654796 0.368469
0.0654796 0.293806
0.0530993 0.293806
0.0530993 0.237527
0.0693855 0.237527
0.0693855 0.295713
0.107103 0.295713
0.107103 0.283062
0.0841122 0.283062
0.0841122 0.217256
0.182398 0.217256
0.182398 0.165732
0.234525 0.165732
0.234525 0.172217
0.286228 0.172217
0.286228 0.159829
0.302594 0.159829
0.302594 0.158917
0.505404 0.158917
0.505404 0.150148
0.28606 0.150148
0.28606 0.143813
0.260484 0.143813
0.260484 0.151425
0.160536 0.151425
0.160536 0.144013
0.208027 0.144013
0.208027 0.134232
0.432634 0.134232
0.432634 0.141767
0.527242 0.141767
0.527242 0.139062
0.442574 0.139062
0.442574 0.136077
0.541742 0.136077
0.541742 0.215881
0.569958 0.215881
0.569958 0.216791
0.544576 0.216791
0.544576 0.262765
0.569855 0.262765
0.569855 0.387792
0.569464 0.387792
0.569464 0.278572
0.544868 0.278572
0.544868 0.285982
0.558882 0.285982
0.558882 0.764276
0.56553 0.764276
0.56553 0.957406
0.568308 0.957406
0.568308 0.958306
0.563008 0.958306
0.563008 0.996107
0.595501 0.996107
0.595501 0.977828
0.570668 0.977828
0.570668 0.970324
0.650102 0.970324
0.650102 0.970191
0.614254 0.970191
0.614254 0.962567
0.626362 0.962567
0.626362 0.961104
0.660916 0.961104
0.660916 0.966398
0.671394 0.966398
0.671394 0.966465
0.747815 0.966465
0.747815 0.946018
0.831938 0.946018
0.831938 0.94713
0.814881 0.94713
0.814881 0.948954
0.803321 0.948954
0.803321 0.952166
0.77625 0.952166
0.77625 0.97043
0.757962 0.97043
0.757962 0.978712
0.938722 0.978712
0.938722 0.961551
0.885761 0.961551
0.885761 0.948157
0.902392 0.948157
0.902392 0.936752
0.906063 0.936752
0.906063 0.931143
0.721748 0.931143
0.721748 0.941174
0.844816 0.941174
0.844816 0.942447
0.79087 0.942447
0.79087 0.942012
0.660064 0.942012
0.660064 0.929482
0.642721 0.929482
0.642721 0.908517
0.699151 0.908517
0.699151 0.909491
0.676907 0.909491
0.676907 0.914984
0.70927 0.914984
0.70927 0.929656
0.751932 0.929656
0.751932 0.925701
0.757867 0.925701
0.757867 0.900815
0.796632 0.900815
0.796632 0.90726
0.779458 0.90726
0.779458 0.913904
0.921593 0.913904
0.921593 0.923841
0.791706 0.923841
0.791706 0.930929
0.951355 0.930929
0.951355 0.92879
0.965445 0.92879
0.965445 0.892458
0.967121 0.892458
0.967121 0.858689
0.969709 0.858689
0.969709 0.82584
0.966672 0.82584
0.966672 0.845224
0.964871 0.845224
0.964871 0.804081
0.893728 0.804081
0.893728 0.822405
0.93589 0.822405
0.93589 0.851328
0.896087 0.851328
0.896087 0.837162
0.875997 0.837162
0.875997 0.770731
0.850005 0.770731
0.850005 0.7844
0.872482 0.7844
0.872482 0.797045
0.824266 0.797045
0.824266 0.864303
0.870287 0.864303
0.870287 0.874975
0.805804 0.874975
0.805804 0.864945
0.823064 0.864945
0.823064 0.793121
0.847137 0.793121
0.847137 0.782385
0.702212 0.782385
0.702212 0.837769
0.686665 0.837769
0.686665 0.890128
0.662545 0.890128
0.662545 0.841501
0.649434 0.841501
0.649434 0.834583
0.665545 0.834583
0.665545 0.461261
0.67446 0.461261
0.67446 0.502141
0.671669 0.502141
0.671669 0.534186
0.692516 0.534186
0.692516 0.467099
0.691569 0.467099
0.691569 0.402124
0.632259 0.402124
0.632259 0.432052
0.646867 0.432052
0.646867 0.456818
0.638557 0.456818
0.638557 0.435304
0.619802 0.435304
0.619802 0.424591
0.615645 0.424591
0.615645 0.191164
0.614243 0.191164
0.614243 0.166944
0.638162 0.166944
0.638162 0.173988
0.824833 0.173988
0.824833 0.148007
0.718189 0.148007
0.718189 0.143537
0.930111 0.143537
0.930111 0.122558
0.93572 0.122558
0.93572 0.0272196
0.906955 0.0272196
0.906955 0.0432324
0.914631 0.0432324
0.914631 0.106287
0.778115 0.106287
0.778115 0.113507
0.908738 0.113507
0.908738 0.130517
0.737658 0.130517
0.737658 0.112877
0.492836 0.112877
0.492836 0.124923
0.570088 0.124923
0.570088 0.132247
0.448347 0.132247
0.448347 0.128278
0.324775 0.128278
0.324775 0.118988
0 0.118988
0 0.0265838
0.00120212 0.0265838
0.00120212 0.0243225
0.0158498 0.0243225
0.0158498 0.0172392
0.0183327 0.0172392
0.0183327 0.0362369
0.0273767 0.0362369
0.0273767 0.057339
0.126151 0.057339
0.126151 0.0467156
0.247477 0.0467156
0.247477 0.0426307
0.311808 0.0426307
0.311808 0.0490555
0.130725 0.0490555
0.130725 0.0533537
0.320705 0.0533537
0.320705 0.0296635
0.431388 0.0296635
0.431388 0.0605674
0.158151 0.0605674
0.158151 0.0640244
0.151184 0.0640244
0.151184 0.0588721
0.0111703 0.0588721
0.0111703 0.0808634
0.0197006 0.0808634
0.0197006 0.0858254
0.00583828 0.0858254
0.00583828 0.110744
0.0314396 0.110744
0.0314396 0.115545
0.323283 0.115545
0.323283 0.106049
0.116246 0.106049
0.116246 0.100313
0.116188 0.100313
0.116188 0.0908906
0.156895 0.0908906
0.156895 0.103295
0.398661 0.103295
0.398661 0.119146
0.478892 0.119146
0.478892 0.0925526
0.645125 0.0925526
0.645125 0.0925618
0.887946 0.0925618
0.887946 0.0443522
0.878013 0.0443522
0.878013 0.0873543
0.871511 0.0873543
0.871511 0.0384711
0.829883 0.0384711
0.829883 0.0433203
0.853258 0.0433203
0.853258 0.0867383
0.788778 0.0867383
0.788778 0.0788678
0.850362 0.0788678
0.850362 0.0473592
0.726107 0.0473592
0.726107 0.0484461
0.848202 0.0484461
0.848202 0.070528
0.586178 0.070528
0.586178 0.000389392
0.579823 0.000389392
0.579823 0.0159883
0.578044 0.0159883
0.578044 0
0.592675 0
0.592675 0.0202186
0.595388 0.0202186
0.595388 0.00590304
0.72804 0.00590304
0.72804 0.00060169
0.801262 0.00060169
0.801262 0.0051611
0.864898 0.0051611
0.864898 0.0157585
0.600728 0.0157585
0.600728 0.0524887
0.602553 0.0524887
0.602553 0.0642581
0.61091 0.0642581
0.61091 0.047973
0.639389 0.047973
0.639389 0.0446481
0.632844 0.0446481
0.632844 0.0183162
0.649262 0.0183162
0.649262 0.03725
0.654532 0.03725
0.654532 0.0307934
0.698957 0.0307934
0.698957 0.0289331
0.711674 0.0289331
0.711674 0.027582
0.684786 0.027582
0.684786 0.0222911
0.797392 0.0222911
0.797392 0.0248832
0.751246 0.0248832
0.751246 0.0255229
0.936184 0.0255229
0.936184 0.151781
0.939812 0.151781
0.939812 0.0738008
0.959635 0.0738008
0.959635 0.0818608
0.945365 0.0818608
0.945365 0.154497
0.867475 0.154497
0.867475 0.174022
0.796042 0.174022
0.796042 0.174266
0.643525 0.174266
0.643525 0.179734
0.61863 0.179734
0.61863 0.320596
0.620592 0.320596
0.620592 0.29998
0.624253 0.29998
0.624253 0.418589
0.626335 0.418589
0.626335 0.188592
0.632896 0.188592
0.632896 0.373375
0.655865 0.373375
0.655865 0.316261
0.676438 0.316261
0.676438 0.388672
0.684034 0.388672
0.684034 0.337655
0.696593 0.337655
0.696593 0.322694
0.75674 0.322694
0.75674 0.323066
0.754757 0.323066
0.754757 0.33451
0.786523 0.33451
0.786523 0.339005
0.696216 0.339005
0.696216 0.358092
0.799256 0.358092
0.799256 0.374301
0.789464 0.374301
0.789464 0.368137
0.779217 0.368137
0.779217 0.399444
0.753557 0.399444
0.753557 0.439032
0.861763 0.439032
0.861763 0.448159
0.861766 0.448159
0.861766 0.43597
0.812838 0.43597
0.812838 0.416499
0.808604 0.416499
0.808604 0.372686
0.841452 0.372686
0.841452 0.34642
0.849972 0.34642
0.849972 0.329258
0.80417 0.329258
0.80417 0.284564
0.850132 0.284564
0.850132 0.293223
0.854841 0.293223
0.854841 0.306924
0.853919 0.306924
0.853919 0.319752
0.858846 0.319752
0.858846 0.389832
0.83799 0.389832
0.83799 0.425707
0.859876 0.425707
0.859876 0.313798
0.864545 0.313798
0.864545 0.471176
0.852775 0.471176
0.852775 0.464874
0.848695 0.464874
0.848695 0.516006
0.835721 0.516006
0.835721 0.474491
0.848068 0.474491
0.848068 0.441367
0.78313 0.441367
0.78313 0.465807
0.822462 0.465807
0.822462 0.513442
0.823624 0.513442
0.823624 0.569636
0.814901 0.569636
0.814901 0.527374
0.781563 0.527374
0.781563 0.601513
0.76717 0.601513
0.76717 0.545135
0.740457 0.545135
0.740457 0.517035
0.817456 0.517035
0.817456 0.491173
0.77362 0.491173
0.77362 0.443744
0.73583 0.443744
0.73583 0.431868
0.752867 0.431868
0.752867 0.367945
0.700334 0.367945
0.700334 0.546206
0.686951 0.546206
0.686951 0.636456
0.669178 0.636456
0.669178 0.78661
0.667349 0.78661
0.667349 0.876962
0.670859 0.876962
0.670859 0.795419
0.680142 0.795419
0.680142 0.780764
0.791387 0.780764
0.791387 0.770616
0.882143 0.770616
0.882143 0.78828
0.950263 0.78828
0.950263 0.776766
0.963437 0.776766
0.963437 0.760139
0.969119 0.760139
0.969119 0.824723
0.970478 0.824723
0.970478 0.844352
0.970612 0.844352
0.970612 0.665029
0.929769 0.665029
0.929769 0.550637
0.926625 0.550637
0.926625 0.456586
0.898419 0.456586
0.898419 0.411804
0.885808 0.411804
0.885808 0.423274
0.874113 0.423274
0.874113 0.315859
0.902109 0.315859
0.902109 0.298473
0.897066 0.298473
0.897066 0.293973
0.930398 0.293973
0.930398 0.318887
0.892718 0.318887
0.892718 0.335506
0.887682 0.335506
0.887682 0.337648
0.920649 0.337648
0.920649 0.350312
0.907787 0.350312
0.907787 0.399317
0.913831 0.399317
0.913831 0.435059
0.922507 0.435059
0.922507 0.378328
0.92965 0.378328
0.92965 0.321533
0.929829 0.321533
0.929829 0.412622
0.930333 0.412622
0.930333 0.55929
0.934401 0.55929
0.934401 0.651382
0.96169 0.651382
0.96169 0.647425
0.974451 0.647425
0.974451 0.276852
0.978535 0.276852
0.978535 0.501748
0.97909 0.501748
0.97909 0.380264
0.981906 0.380264
0.981906 0.259849
0.9713 0.259849
0.9713 0.216765
0.972959 0.216765
0.972959 0.236902
0.97224 0.236902
0.97224 0.248934
0.985017 0.248934
0.985017 0.633589
0.999717 0.633589
0.999717 0.613079
0.986305 0.613079
0.986305 0.457671
0.990057 0.457671
0.990057 0.563924
1 0.563924
1 0.696121
0.977481 0.696121
0.977481 0.672723
0.971173 0.672723
0.971173 0.938011
0.96013 0.938011
0.96013 0.996285
0.945928 0.996285
0.945928 0.944226
0.941385 0.944226
0.941385 0.994227
0.887727 0.994227
0.887727 0.989425
0.775392 0.989425
0.775392 0.992276
0.742577 0.992276
0.742577 0.985243
0.754387 0.985243
0.754387 0.973923
0.683989 0.973923
0.683989 0.976683
0.651539 0.976683
0.651539 0.975983
0.607066 0.975983
0.607066 0.982184
0.605558 0.982184
0.605558 1
