32
0.115216 1
0.115216 0.905404
0 0.905404
0 0.696257
0.0467427 0.696257
0.0467427 0.828153
0.21509 0.828153
0.21509 0.245459
0.684297 0.245459
0.684297 0.203237
0.915549 0.203237
0.915549 0.160816
0.854835 0.160816
0.854835 0
1 0
1 0.880248
0.908764 0.880248
0.908764 0.826702
0.763906 0.826702
0.763906 0.572162
0.961674 0.572162
0.961674 0.329167
0.44421 0.329167
0.44421 0.406761
0.269543 0.406761
0.269543 0.536106
0.663528 0.536106
0.663528 0.850543
0.369509 0.850543
0.369509 0.94089
0.115503 0.94089
0.115503 1
