128
0.106045 1
0.106045 0.994833
0.589194 0.994833
0.589194 0.953463
0.467467 0.953463
0.467467 0.931599
0.619906 0.931599
0.619906 0.874803
0.424846 0.874803
0.424846 0.902026
0.182347 0.902026
0.182347 0.903929
0.154189 0.903929
0.154189 0.708136
0.0596989 0.708136
0.0596989 0.692498
0.00660548 0.692498
0.00660548 0.639536
0.0377821 0.639536
0.0377821 0.653054
0.220129 0.653054
0.220129 0.570495
0.243711 0.570495
0.243711 0.659466
0.0254602 0.659466
0.0254602 0.687197
0.302082 0.687197
0.302082 0.803153
0.739216 0.803153
0.739216 0.753883
0.672794 0.753883
0.672794 0.703436
0.85101 0.703436
0.85101 0.630168
0.308687 0.630168
0.308687 0.387219
0.377351 0.387219
0.377351 0.391979
0.439539 0.391979
0.439539 0.270963
0.335474 0.270963
0.335474 0.350263
0.279828 0.350263
0.279828 0.345794
0.0641271 0.345794
0.0641271 0.281713
0 0.281713
0 0.260677
0.0572559 0.260677
0.0572559 0.166865
0.133585 0.166865
0.133585 0.0755157
0.459388 0.0755157
0.459388 0.0387369
0.471316 0.0387369
0.471316 0.0255012
0.630774 0.0255012
0.630774 0.0300234
0.752726 0.0300234
0.752726 0
0.815728 0
0.815728 0.00562249
0.844356 0.00562249
0.844356 0.0485312
0.878048 0.0485312
0.878048 0.0550812
0.533503 0.0550812
0.533503 0.0331145
0.53154 0.0331145
0.53154 0.0951743
0.243803 0.0951743
0.243803 0.108925
0.590226 0.108925
0.590226 0.193148
0.543358 0.193148
0.543358 0.201697
0.486766 0.201697
0.486766 0.177523
0.288634 0.177523
0.288634 0.125198
0.247182 0.125198
0.247182 0.229961
0.0939651 0.229961
0.0939651 0.271413
0.0864138 0.271413
0.0864138 0.345096
0.319176 0.345096
0.319176 0.256683
0.43355 0.256683
0.43355 0.237771
0.595845 0.237771
0.595845 0.277035
0.656705 0.277035
0.656705 0.292063
0.682165 0.292063
0.682165 0.307214
0.623073 0.307214
0.623073 0.338304
0.686721 0.338304
0.686721 0.46038
0.314386 0.46038
0.314386 0.514807
0.600553 0.514807
0.600553 0.47099
0.768579 0.47099
0.768579 0.584091
0.882985 0.584091
0.882985 0.710335
0.980647 0.710335
0.980647 0.63482
0.949312 0.63482
0.949312 0.482824
0.958547 0.482824
0.958547 0.546348
1 0.546348
1 0.72387
0.794071 0.72387
0.794071 0.849955
0.881885 0.849955
0.881885 0.941019
0.932572 0.941019
0.932572 0.741029
0.958082 0.741029
0.958082 0.873819
0.93914 0.873819
0.93914 0.905583
0.947112 0.905583
0.947112 1
