256
0.00596685 1
0.00596685 0.919502
0.037024 0.919502
0.037024 0.67326
0.00380826 0.67326
0.00380826 0.490964
0 0.490964
0 0.454424
0.0180291 0.454424
0.0180291 0.448936
0.0202213 0.448936
0.0202213 0.392205
0.024096 0.392205
0.024096 0.477116
0.0785022 0.477116
0.0785022 0.280753
0.0937815 0.280753
0.0937815 0.283741
0.0949538 0.283741
0.0949538 0.508094
0.118336 0.508094
0.118336 0.513461
0.525495 0.513461
0.525495 0.660734
0.527063 0.660734
0.527063 0.686106
0.552806 0.686106
0.552806 0.619921
0.631274 0.619921
0.631274 0.600703
0.687609 0.600703
0.687609 0.628101
0.723411 0.628101
0.723411 0.504907
0.86692 0.504907
0.86692 0.45651
0.13914 0.45651
0.13914 0.437653
0.14634 0.437653
0.14634 0.369583
0.19103 0.369583
0.19103 0.302779
0.322669 0.302779
0.322669 0.260372
0.440243 0.260372
0.440243 0.296028
0.49745 0.296028
0.49745 0.34684
0.514752 0.34684
0.514752 0.213669
0.756808 0.213669
0.756808 0.203277
0.798575 0.203277
0.798575 0.190132
0.894713 0.190132
0.894713 0.195813
0.965507 0.195813
0.965507 0.188119
0.984246 0.188119
0.984246 0.185531
0.977492 0.185531
0.977492 0.0912693
0.921856 0.0912693
0.921856 0.10967
0.852188 0.10967
0.852188 0.105717
0.679597 0.105717
0.679597 0.14856
0.380709 0.14856
0.380709 0.156969
0.408398 0.156969
0.408398 0.158753
0.933428 0.158753
0.933428 0.164222
0.935988 0.164222
0.935988 0.180159
0.543681 0.180159
0.543681 0.176666
0.828092 0.176666
0.828092 0.169103
0.588618 0.169103
0.588618 0.164577
0.0942991 0.164577
0.0942991 0.143387
0.109055 0.143387
0.109055 0.0130166
0.323239 0.0130166
0.323239 0
0.754948 0
0.754948 0.013145
1 0.013145
1 0.040737
0.707735 0.040737
0.707735 0.0412214
0.618126 0.0412214
0.618126 0.0589085
0.724359 0.0589085
0.724359 0.0780258
0.700903 0.0780258
0.700903 0.0782554
0.35026 0.0782554
0.35026 0.072233
0.331226 0.072233
0.331226 0.124754
0.369422 0.124754
0.369422 0.12356
0.547966 0.12356
0.547966 0.119519
0.428643 0.119519
0.428643 0.111877
0.620845 0.111877
0.620845 0.110497
0.614813 0.110497
0.614813 0.0830433
0.951401 0.0830433
0.951401 0.0876575
0.997285 0.0876575
0.997285 0.196716
0.82082 0.196716
0.82082 0.226268
0.869133 0.226268
0.869133 0.230471
0.871689 0.230471
0.871689 0.390415
0.901935 0.390415
0.901935 0.395527
0.869167 0.395527
0.869167 0.277744
0.838569 0.277744
0.838569 0.331506
0.780706 0.331506
0.780706 0.24871
0.820689 0.24871
0.820689 0.248022
0.541267 0.248022
0.541267 0.260114
0.540456 0.260114
0.540456 0.38015
0.513685 0.38015
0.513685 0.41032
0.431714 0.41032
0.431714 0.371399
0.349368 0.371399
0.349368 0.326232
0.402198 0.326232
0.402198 0.323061
0.423383 0.323061
0.423383 0.319373
0.409283 0.319373
0.409283 0.277732
0.333512 0.277732
0.333512 0.328151
0.215654 0.328151
0.215654 0.343947
0.296465 0.343947
0.296465 0.445426
0.178424 0.445426
0.178424 0.455066
0.91448 0.455066
0.91448 0.539901
0.927835 0.539901
0.927835 0.724214
0.950535 0.724214
0.950535 0.844172
0.905743 0.844172
0.905743 0.851757
0.915001 0.851757
0.915001 0.884253
0.904348 0.884253
0.904348 0.982254
0.704276 0.982254
0.704276 0.98919
0.547538 0.98919
0.547538 0.97356
0.475645 0.97356
0.475645 0.93936
0.571881 0.93936
0.571881 0.947196
0.898964 0.947196
0.898964 0.78262
0.805945 0.78262
0.805945 0.77444
0.868362 0.77444
0.868362 0.67703
0.785622 0.67703
0.785622 0.647328
0.705112 0.647328
0.705112 0.81102
0.654069 0.81102
0.654069 0.886327
0.527706 0.886327
0.527706 0.879127
0.38589 0.879127
0.38589 0.884131
0.393626 0.884131
0.393626 0.885057
0.346194 0.885057
0.346194 0.845481
0.302915 0.845481
0.302915 0.908989
0.302447 0.908989
0.302447 0.93193
0.274972 0.93193
0.274972 0.980878
0.270866 0.980878
0.270866 0.823319
0.225166 0.823319
0.225166 0.935441
0.227135 0.935441
0.227135 0.980303
0.160564 0.980303
0.160564 0.827133
0.176567 0.827133
0.176567 0.794824
0.251417 0.794824
0.251417 0.821975
0.297331 0.821975
0.297331 0.83746
0.553788 0.83746
0.553788 0.775677
0.570836 0.775677
0.570836 0.771717
0.493214 0.771717
0.493214 0.722591
0.37424 0.722591
0.37424 0.707587
0.5164 0.707587
0.5164 0.757159
0.600757 0.757159
0.600757 0.75202
0.535654 0.75202
0.535654 0.736377
0.625456 0.736377
0.625456 0.69955
0.565915 0.69955
0.565915 0.703134
0.421446 0.703134
0.421446 0.702456
0.406466 0.702456
0.406466 0.585325
0.339842 0.585325
0.339842 0.575297
0.40575 0.575297
0.40575 0.569073
0.418809 0.569073
0.418809 0.52847
0.0867929 0.52847
0.0867929 0.600323
0.062292 0.600323
0.062292 0.801049
0.0694408 0.801049
0.0694408 0.831155
0.0532736 0.831155
0.0532736 0.522297
0.038196 0.522297
0.038196 1
