64
0.337239 1
0.337239 0.0935781
0.283641 0.0935781
0.283641 0.767794
0.223068 0.767794
0.223068 0.921788
0.0371257 0.921788
0.0371257 0.797861
0 0.797861
0 0.774018
0.0815585 0.774018
0.0815585 0.674656
0.0010613 0.674656
0.0010613 0.559206
0.0610542 0.559206
0.0610542 0.560325
0.21835 0.560325
0.21835 0.416703
0.122949 0.416703
0.122949 0.18386
0.180564 0.18386
0.180564 0.123392
0.0844706 0.123392
0.0844706 0.101754
0.0308272 0.101754
0.0308272 0.0813635
0.446341 0.0813635
0.446341 0.420207
0.34396 0.420207
0.34396 0.510832
0.471632 0.510832
0.471632 0.63778
0.440148 0.63778
0.440148 0.68643
0.549977 0.68643
0.549977 0.403535
0.572011 0.403535
0.572011 0.00992509
0.100815 0.00992509
0.100815 0.0323221
0.0355226 0.0323221
0.0355226 0
0.575147 0
0.575147 0.0809804
0.681754 0.0809804
0.681754 0.0360094
0.737777 0.0360094
0.737777 0.206122
0.920753 0.206122
0.920753 0.207736
1 0.207736
1 0.322266
0.984231 0.322266
0.984231 0.962921
0.956183 0.962921
0.956183 0.972859
0.89883 0.972859
0.89883 0.26887
0.753141 0.26887
0.753141 0.30442
0.762218 0.30442
0.762218 0.523383
0.724526 0.523383
0.724526 1
