1024
0.885242 1
0.885242 0.966063
0.803039 0.966063
0.803039 0.973277
0.833188 0.973277
0.833188 0.981822
0.826055 0.981822
0.826055 0.984534
0.803723 0.984534
0.803723 0.99126
0.801875 0.99126
0.801875 0.970885
0.613172 0.970885
0.613172 0.972755
0.550863 0.972755
0.550863 0.967241
0.512475 0.967241
0.512475 0.966131
0.536644 0.966131
0.536644 0.966879
0.595864 0.966879
0.595864 0.968014
0.639929 0.968014
0.639929 0.944648
0.679594 0.944648
0.679594 0.938606
0.485603 0.938606
0.485603 0.928585
0.490294 0.928585
0.490294 0.928643
0.49718 0.928643
0.49718 0.892216
0.545959 0.892216
0.545959 0.893147
0.732169 0.893147
0.732169 0.892022
0.694573 0.892022
0.694573 0.888705
0.760743 0.888705
0.760743 0.879638
0.689145 0.879638
0.689145 0.867574
0.667868 0.867574
0.667868 0.88655
0.645138 0.88655
0.645138 0.875895
0.664586 0.875895
0.664586 0.867227
0.775168 0.867227
0.775168 0.85081
0.845731 0.85081
0.845731 0.850861
0.923169 0.850861
0.923169 0.817326
0.915695 0.817326
0.915695 0.848792
0.910498 0.848792
0.910498 0.790817
0.921976 0.790817
0.921976 0.811198
0.929009 0.811198
0.929009 0.622801
0.95178 0.622801
0.95178 0.621147
0.932112 0.621147
0.932112 0.576793
0.851223 0.576793
0.851223 0.591576
0.854568 0.591576
0.854568 0.611686
0.832455 0.611686
0.832455 0.598389
0.811845 0.598389
0.811845 0.594261
0.815734 0.594261
0.815734 0.573303
0.818252 0.573303
0.818252 0.559708
0.86631 0.559708
0.86631 0.551976
0.892849 0.551976
0.892849 0.548225
0.963747 0.548225
0.963747 0.53107
0.952537 0.53107
0.952537 0.508435
0.970585 0.508435
0.970585 0.480077
0.95387 0.480077
0.95387 0.444817
0.959752 0.444817
0.959752 0.435674
0.944287 0.435674
0.944287 0.528209
0.939285 0.528209
0.939285 0.539341
0.922504 0.539341
0.922504 0.431365
0.926243 0.431365
0.926243 0.430844
0.960522 0.430844
0.960522 0.427516
0.962224 0.427516
0.962224 0.415522
0.826078 0.415522
0.826078 0.417101
0.867275 0.417101
0.867275 0.449365
0.822791 0.449365
0.822791 0.51019
0.836267 0.51019
0.836267 0.450733
0.848209 0.450733
0.848209 0.512339
0.848026 0.512339
0.848026 0.530546
0.892096 0.530546
0.892096 0.526991
0.89679 0.526991
0.89679 0.536192
0.808365 0.536192
0.808365 0.531108
0.781404 0.531108
0.781404 0.49471
0.794325 0.49471
0.794325 0.449333
0.827495 0.449333
0.827495 0.430742
0.777939 0.430742
0.777939 0.413924
0.722915 0.413924
0.722915 0.418585
0.709022 0.418585
0.709022 0.43051
0.694661 0.43051
0.694661 0.419955
0.689167 0.419955
0.689167 0.428215
0.677325 0.428215
0.677325 0.44104
0.707696 0.44104
0.707696 0.465627
0.715456 0.465627
0.715456 0.507517
0.716161 0.507517
0.716161 0.534381
0.708517 0.534381
0.708517 0.468581
0.70032 0.468581
0.70032 0.536043
0.655022 0.536043
0.655022 0.5346
0.650633 0.5346
0.650633 0.512708
0.651154 0.512708
0.651154 0.507538
0.658535 0.507538
0.658535 0.505472
0.659902 0.505472
0.659902 0.50553
0.675301 0.50553
0.675301 0.477764
0.677138 0.477764
0.677138 0.429918
0.608989 0.429918
0.608989 0.630729
0.699265 0.630729
0.699265 0.634155
0.610846 0.634155
0.610846 0.651081
0.7324 0.651081
0.7324 0.678763
0.681034 0.678763
0.681034 0.768029
0.653549 0.768029
0.653549 0.743783
0.664417 0.743783
0.664417 0.732966
0.657761 0.732966
0.657761 0.655533
0.639964 0.655533
0.639964 0.651868
0.608132 0.651868
0.608132 0.453422
0.605574 0.453422
0.605574 0.500648
0.601128 0.500648
0.601128 0.649633
0.600798 0.649633
0.600798 0.538232
0.592122 0.538232
0.592122 0.480457
0.603316 0.480457
0.603316 0.374292
0.582128 0.374292
0.582128 0.435862
0.587649 0.435862
0.587649 0.685182
0.578693 0.685182
0.578693 0.772656
0.516446 0.772656
0.516446 0.756035
0.509327 0.756035
0.509327 0.797306
0.509085 0.797306
0.509085 0.74482
0.496007 0.74482
0.496007 0.770016
0.489974 0.770016
0.489974 0.759042
0.419721 0.759042
0.419721 0.774521
0.423567 0.774521
0.423567 0.792712
0.378028 0.792712
0.378028 0.799135
0.373298 0.799135
0.373298 0.79352
0.370179 0.79352
0.370179 0.839798
0.361864 0.839798
0.361864 0.827374
0.343638 0.827374
0.343638 0.835206
0.316944 0.835206
0.316944 0.834542
0.248273 0.834542
0.248273 0.850212
0.207371 0.850212
0.207371 0.843616
0.00504068 0.843616
0.00504068 0.808484
0.00966969 0.808484
0.00966969 0.820384
0.0503828 0.820384
0.0503828 0.811579
0.0872318 0.811579
0.0872318 0.812679
0.114325 0.812679
0.114325 0.8284
0.100271 0.8284
0.100271 0.829968
0.0480547 0.829968
0.0480547 0.84207
0.0332897 0.84207
0.0332897 0.840599
0.00533271 0.840599
0.00533271 0.84343
0.201111 0.84343
0.201111 0.843558
0.208637 0.843558
0.208637 0.804027
0.248683 0.804027
0.248683 0.779475
0.233103 0.779475
0.233103 0.769329
0.303047 0.769329
0.303047 0.804452
0.27738 0.804452
0.27738 0.781708
0.267337 0.781708
0.267337 0.806826
0.269544 0.806826
0.269544 0.815925
0.244524 0.815925
0.244524 0.824374
0.351862 0.824374
0.351862 0.79856
0.331748 0.79856
0.331748 0.764435
0.361141 0.764435
0.361141 0.776866
0.379579 0.776866
0.379579 0.756625
0.294373 0.756625
0.294373 0.764009
0.256865 0.764009
0.256865 0.758207
0.25533 0.758207
0.25533 0.748578
0.403683 0.748578
0.403683 0.759017
0.465926 0.759017
0.465926 0.741955
0.542134 0.741955
0.542134 0.751542
0.543698 0.751542
0.543698 0.736519
0.376806 0.736519
0.376806 0.737641
0.0548442 0.737641
0.0548442 0.740397
0.0268926 0.740397
0.0268926 0.734522
0.129707 0.734522
0.129707 0.70911
0.147161 0.70911
0.147161 0.710351
0.337406 0.710351
0.337406 0.711728
0.412734 0.711728
0.412734 0.700711
0.50419 0.700711
0.50419 0.698913
0.460985 0.698913
0.460985 0.697449
0.196469 0.697449
0.196469 0.699643
0.168532 0.699643
0.168532 0.694134
0.203583 0.694134
0.203583 0.69489
0.434474 0.69489
0.434474 0.691296
0.384661 0.691296
0.384661 0.692918
0.346866 0.692918
0.346866 0.688984
0.22768 0.688984
0.22768 0.682794
0.139491 0.682794
0.139491 0.586868
0.135599 0.586868
0.135599 0.624911
0.12374 0.624911
0.12374 0.666361
0.114804 0.666361
0.114804 0.344294
0.105399 0.344294
0.105399 0.322076
0.0384844 0.322076
0.0384844 0.375112
0.0267732 0.375112
0.0267732 0.376451
0.0373724 0.376451
0.0373724 0.464175
0.0796752 0.464175
0.0796752 0.488855
0.0534049 0.488855
0.0534049 0.527468
0.102924 0.527468
0.102924 0.607431
0.0978832 0.607431
0.0978832 0.696574
0.0831646 0.696574
0.0831646 0.584382
0.0925505 0.584382
0.0925505 0.560118
0.0790251 0.560118
0.0790251 0.536984
0.0586375 0.536984
0.0586375 0.532311
0.0338905 0.532311
0.0338905 0.432378
0.0224325 0.432378
0.0224325 0.339349
0.0230124 0.339349
0.0230124 0.298672
0.0743762 0.298672
0.0743762 0.296108
0.130958 0.296108
0.130958 0.295838
0.0751415 0.295838
0.0751415 0.273858
0.0879846 0.273858
0.0879846 0.240709
0.106935 0.240709
0.106935 0.243467
0.0918384 0.243467
0.0918384 0.292982
0.111976 0.292982
0.111976 0.271197
0.201925 0.271197
0.201925 0.267688
0.19901 0.267688
0.19901 0.260024
0.247936 0.260024
0.247936 0.239109
0.271427 0.239109
0.271427 0.260853
0.313671 0.260853
0.313671 0.239849
0.336336 0.239849
0.336336 0.237162
0.0160347 0.237162
0.0160347 0.225851
0.00867864 0.225851
0.00867864 0.159066
0.0292122 0.159066
0.0292122 0.147147
0.175069 0.147147
0.175069 0.0926043
0.153212 0.0926043
0.153212 0.12068
0.14106 0.12068
0.14106 0.0906433
0.0659881 0.0906433
0.0659881 0.136216
0.103426 0.136216
0.103426 0.145088
0.0707267 0.145088
0.0707267 0.145784
0.0258886 0.145784
0.0258886 0.110864
0.0301698 0.110864
0.0301698 0.0841416
0.135564 0.0841416
0.135564 0.0840296
0.13228 0.0840296
0.13228 0.00384849
0.0794053 0.00384849
0.0794053 0.0153326
0.0242208 0.0153326
0.0242208 0.0246138
0.0190681 0.0246138
0.0190681 0.0496914
0.0181006 0.0496914
0.0181006 0.0166746
0.00683232 0.0166746
0.00683232 0.0483541
0.000752842 0.0483541
0.000752842 0.224628
0 0.224628
0 0.00457339
0.0495796 0.00457339
0.0495796 0
0.0621648 0
0.0621648 0.0028087
0.135191 0.0028087
0.135191 0.0716522
0.167565 0.0716522
0.167565 0.0492017
0.206326 0.0492017
0.206326 0.071543
0.181347 0.071543
0.181347 0.121723
0.25854 0.121723
0.25854 0.124156
0.401114 0.124156
0.401114 0.107575
0.40772 0.107575
0.40772 0.0962688
0.408763 0.0962688
0.408763 0.0401352
0.393451 0.0401352
0.393451 0.0238658
0.404843 0.0238658
0.404843 0.0197988
0.36137 0.0197988
0.36137 0.0929129
0.333223 0.0929129
0.333223 0.0373946
0.328209 0.0373946
0.328209 0.0248181
0.269258 0.0248181
0.269258 0.0177105
0.380958 0.0177105
0.380958 0.00834528
0.397296 0.00834528
0.397296 0.00484447
0.407701 0.00484447
0.407701 0.0276334
0.420905 0.0276334
0.420905 0.0580146
0.438035 0.0580146
0.438035 0.0409519
0.451496 0.0409519
0.451496 0.0547107
0.457973 0.0547107
0.457973 0.0705134
0.475953 0.0705134
0.475953 0.118982
0.469458 0.118982
0.469458 0.0952423
0.434288 0.0952423
0.434288 0.0901042
0.417837 0.0901042
0.417837 0.127197
0.271027 0.127197
0.271027 0.144112
0.285731 0.144112
0.285731 0.133296
0.386695 0.133296
0.386695 0.142221
0.351386 0.142221
0.351386 0.154171
0.47334 0.154171
0.47334 0.154225
0.0973448 0.154225
0.0973448 0.175978
0.0498134 0.175978
0.0498134 0.178109
0.0542828 0.178109
0.0542828 0.182074
0.205679 0.182074
0.205679 0.168879
0.228444 0.168879
0.228444 0.166862
0.322762 0.166862
0.322762 0.168516
0.262012 0.168516
0.262012 0.191507
0.241314 0.191507
0.241314 0.194286
0.35864 0.194286
0.35864 0.225731
0.32302 0.225731
0.32302 0.199839
0.237703 0.199839
0.237703 0.214879
0.224061 0.214879
0.224061 0.185062
0.199022 0.185062
0.199022 0.184014
0.064745 0.184014
0.064745 0.221034
0.137289 0.221034
0.137289 0.23478
0.357335 0.23478
0.357335 0.247694
0.365772 0.247694
0.365772 0.258935
0.475662 0.258935
0.475662 0.256062
0.505776 0.256062
0.505776 0.254547
0.367953 0.254547
0.367953 0.247836
0.389626 0.247836
0.389626 0.230713
0.492766 0.230713
0.492766 0.23423
0.402259 0.23423
0.402259 0.25302
0.459612 0.25302
0.459612 0.238696
0.492096 0.238696
0.492096 0.245059
0.514023 0.245059
0.514023 0.277254
0.482344 0.277254
0.482344 0.261775
0.330988 0.261775
0.330988 0.263385
0.256638 0.263385
0.256638 0.265737
0.312808 0.265737
0.312808 0.265832
0.391489 0.265832
0.391489 0.269369
0.410479 0.269369
0.410479 0.278109
0.479314 0.278109
0.479314 0.309493
0.474685 0.309493
0.474685 0.315407
0.400398 0.315407
0.400398 0.312756
0.340563 0.312756
0.340563 0.303148
0.210199 0.303148
0.210199 0.314874
0.238219 0.314874
0.238219 0.315992
0.197674 0.315992
0.197674 0.297383
0.168569 0.297383
0.168569 0.390952
0.169529 0.390952
0.169529 0.353342
0.171042 0.353342
0.171042 0.342755
0.174898 0.342755
0.174898 0.354091
0.207379 0.354091
0.207379 0.325974
0.22875 0.325974
0.22875 0.411233
0.216992 0.411233
0.216992 0.39009
0.212543 0.39009
0.212543 0.543149
0.208313 0.543149
0.208313 0.445051
0.208273 0.445051
0.208273 0.392924
0.212409 0.392924
0.212409 0.363508
0.200309 0.363508
0.200309 0.391208
0.197735 0.391208
0.197735 0.394644
0.1956 0.394644
0.1956 0.416304
0.161938 0.416304
0.161938 0.392028
0.163658 0.392028
0.163658 0.275948
0.233864 0.275948
0.233864 0.28915
0.22941 0.28915
0.22941 0.30126
0.347866 0.30126
0.347866 0.297257
0.390728 0.297257
0.390728 0.307865
0.40235 0.307865
0.40235 0.287261
0.331203 0.287261
0.331203 0.273928
0.228868 0.273928
0.228868 0.271645
0.134337 0.271645
0.134337 0.412713
0.125357 0.412713
0.125357 0.414427
0.128605 0.414427
0.128605 0.605962
0.135502 0.605962
0.135502 0.511965
0.138369 0.511965
0.138369 0.456632
0.160093 0.456632
0.160093 0.507697
0.157306 0.507697
0.157306 0.627234
0.141314 0.627234
0.141314 0.650706
0.146461 0.650706
0.146461 0.672637
0.267159 0.672637
0.267159 0.67229
0.166949 0.67229
0.166949 0.668334
0.183215 0.668334
0.183215 0.66804
0.244562 0.66804
0.244562 0.670902
0.256465 0.670902
0.256465 0.658869
0.27796 0.658869
0.27796 0.618785
0.273838 0.618785
0.273838 0.608952
0.296397 0.608952
0.296397 0.603498
0.273003 0.603498
0.273003 0.576272
0.305777 0.576272
0.305777 0.523425
0.401135 0.523425
0.401135 0.520804
0.425909 0.520804
0.425909 0.515318
0.340353 0.515318
0.340353 0.468443
0.294739 0.468443
0.294739 0.466911
0.285579 0.466911
0.285579 0.453199
0.371845 0.453199
0.371845 0.461875
0.368049 0.461875
0.368049 0.514876
0.381963 0.514876
0.381963 0.42939
0.389638 0.42939
0.389638 0.447675
0.397514 0.447675
0.397514 0.512646
0.420562 0.512646
0.420562 0.400546
0.454242 0.400546
0.454242 0.48789
0.476965 0.48789
0.476965 0.54338
0.44757 0.54338
0.44757 0.544333
0.446951 0.544333
0.446951 0.55254
0.425426 0.55254
0.425426 0.552537
0.436368 0.552537
0.436368 0.528244
0.430676 0.528244
0.430676 0.527925
0.409036 0.527925
0.409036 0.524349
0.321661 0.524349
0.321661 0.560465
0.30613 0.560465
0.30613 0.687037
0.314633 0.687037
0.314633 0.667105
0.323658 0.667105
0.323658 0.574672
0.351608 0.574672
0.351608 0.620939
0.347625 0.620939
0.347625 0.662608
0.325186 0.662608
0.325186 0.683571
0.481593 0.683571
0.481593 0.69751
0.507861 0.69751
0.507861 0.712546
0.43496 0.712546
0.43496 0.714015
0.296653 0.714015
0.296653 0.716394
0.217843 0.716394
0.217843 0.734484
0.534461 0.734484
0.534461 0.622489
0.532799 0.622489
0.532799 0.57648
0.531875 0.57648
0.531875 0.545123
0.550462 0.545123
0.550462 0.446695
0.573164 0.446695
0.573164 0.608012
0.561014 0.608012
0.561014 0.563516
0.553681 0.563516
0.553681 0.632512
0.574058 0.632512
0.574058 0.682915
0.580572 0.682915
0.580572 0.614097
0.581906 0.614097
0.581906 0.49449
0.582597 0.49449
0.582597 0.596423
0.585452 0.596423
0.585452 0.436598
0.564306 0.436598
0.564306 0.418857
0.557662 0.418857
0.557662 0.367298
0.526934 0.367298
0.526934 0.100454
0.52799 0.100454
0.52799 0.314965
0.529737 0.314965
0.529737 0.256042
0.535652 0.256042
0.535652 0.300097
0.539238 0.300097
0.539238 0.116779
0.56964 0.116779
0.56964 0.161181
0.583703 0.161181
0.583703 0.182908
0.586626 0.182908
0.586626 0.328213
0.548924 0.328213
0.548924 0.351303
0.587479 0.351303
0.587479 0.35288
0.671443 0.35288
0.671443 0.333671
0.623055 0.333671
0.623055 0.319438
0.618772 0.319438
0.618772 0.282409
0.604411 0.282409
0.604411 0.262143
0.611957 0.262143
0.611957 0.238492
0.614026 0.238492
0.614026 0.16806
0.640339 0.16806
0.640339 0.179564
0.717606 0.179564
0.717606 0.171992
0.684131 0.171992
0.684131 0.170719
0.669622 0.170719
0.669622 0.162715
0.725148 0.162715
0.725148 0.160816
0.725528 0.160816
0.725528 0.0045637
0.73464 0.0045637
0.73464 0.0208797
0.725787 0.0208797
0.725787 0.0615363
0.742324 0.0615363
0.742324 0.00913564
0.862782 0.00913564
0.862782 0.0574078
0.884531 0.0574078
0.884531 0.0223617
0.88803 0.0223617
0.88803 0.0823225
0.901772 0.0823225
0.901772 0.122423
0.918469 0.122423
0.918469 0.119309
0.923677 0.119309
0.923677 0.1141
0.906018 0.1141
0.906018 0.10782
0.925209 0.10782
0.925209 0.111439
0.961902 0.111439
0.961902 0.140943
0.951889 0.140943
0.951889 0.133958
0.936325 0.133958
0.936325 0.135815
0.841377 0.135815
0.841377 0.0161906
0.76437 0.0161906
0.76437 0.0616491
0.798923 0.0616491
0.798923 0.0664405
0.77405 0.0664405
0.77405 0.0821138
0.768294 0.0821138
0.768294 0.0755939
0.726617 0.0755939
0.726617 0.127654
0.727964 0.127654
0.727964 0.184179
0.644737 0.184179
0.644737 0.191758
0.63341 0.191758
0.63341 0.20051
0.649235 0.20051
0.649235 0.204088
0.693506 0.204088
0.693506 0.203038
0.72985 0.203038
0.72985 0.164515
0.730543 0.164515
0.730543 0.168011
0.745162 0.168011
0.745162 0.15593
0.812228 0.15593
0.812228 0.17932
0.800285 0.17932
0.800285 0.177933
0.744223 0.177933
0.744223 0.222815
0.640665 0.222815
0.640665 0.226296
0.718161 0.226296
0.718161 0.232134
0.627953 0.232134
0.627953 0.262858
0.641543 0.262858
0.641543 0.294682
0.629201 0.294682
0.629201 0.327762
0.703242 0.327762
0.703242 0.337638
0.752021 0.337638
0.752021 0.356298
0.591488 0.356298
0.591488 0.37164
0.725414 0.37164
0.725414 0.378279
0.604228 0.378279
0.604228 0.408936
0.608477 0.408936
0.608477 0.410568
0.802205 0.410568
0.802205 0.409568
0.850249 0.409568
0.850249 0.402097
0.865906 0.402097
0.865906 0.401052
0.793176 0.401052
0.793176 0.400194
0.666479 0.400194
0.666479 0.396003
0.762414 0.396003
0.762414 0.39546
0.884823 0.39546
0.884823 0.398605
0.983309 0.398605
0.983309 0.509647
0.982168 0.509647
0.982168 0.429003
0.975139 0.429003
0.975139 0.423032
0.972496 0.423032
0.972496 0.552271
0.905255 0.552271
0.905255 0.571177
0.933514 0.571177
0.933514 0.559025
0.984537 0.559025
0.984537 0.470771
0.987993 0.470771
0.987993 0.390086
0.799972 0.390086
0.799972 0.38805
0.793996 0.38805
0.793996 0.38783
0.892725 0.38783
0.892725 0.381036
0.914596 0.381036
0.914596 0.383219
0.92315 0.383219
0.92315 0.387224
0.938354 0.387224
0.938354 0.32646
0.891405 0.32646
0.891405 0.323251
0.94125 0.323251
0.94125 0.385904
0.951221 0.385904
0.951221 0.35711
0.999335 0.35711
0.999335 0.605633
0.972973 0.605633
0.972973 0.598989
0.969777 0.598989
0.969777 0.615622
0.9687 0.615622
0.9687 0.618661
0.955646 0.618661
0.955646 0.625213
0.966697 0.625213
0.966697 0.637798
0.936031 0.637798
0.936031 0.764249
0.93269 0.764249
0.93269 0.864502
0.930313 0.864502
0.930313 0.626703
0.930249 0.626703
0.930249 0.853864
0.881243 0.853864
0.881243 0.883808
0.864254 0.883808
0.864254 0.873233
0.872058 0.873233
0.872058 0.868127
0.796743 0.868127
0.796743 0.889423
0.767434 0.889423
0.767434 0.884355
0.762729 0.884355
0.762729 0.89675
0.829707 0.89675
0.829707 0.90572
0.852355 0.90572
0.852355 0.901898
0.894986 0.901898
0.894986 0.914257
0.825715 0.914257
0.825715 0.917349
0.618948 0.917349
0.618948 0.919819
0.618235 0.919819
0.618235 0.926267
0.609756 0.926267
0.609756 0.923561
0.588765 0.923561
0.588765 0.911106
0.567601 0.911106
0.567601 0.920616
0.516747 0.920616
0.516747 0.902532
0.526463 0.902532
0.526463 0.897607
0.595307 0.897607
0.595307 0.898746
0.590188 0.898746
0.590188 0.899551
0.688789 0.899551
0.688789 0.91595
0.780738 0.91595
0.780738 0.910057
0.750895 0.910057
0.750895 0.896028
0.504141 0.896028
0.504141 0.929067
0.50345 0.929067
0.50345 0.935684
0.51271 0.935684
0.51271 0.933762
0.522904 0.933762
0.522904 0.936879
0.592136 0.936879
0.592136 0.936241
0.694614 0.936241
0.694614 0.936604
0.699203 0.936604
0.699203 0.946637
0.640544 0.946637
0.640544 0.962989
0.650147 0.962989
0.650147 0.963392
0.646847 0.963392
0.646847 0.967093
0.76637 0.967093
0.76637 0.966227
0.801963 0.966227
0.801963 0.940006
0.840705 0.940006
0.840705 0.938099
0.880424 0.938099
0.880424 0.963708
0.816361 0.963708
0.816361 0.964171
0.889727 0.964171
0.889727 0.978599
0.896873 0.978599
0.896873 0.990952
0.980834 0.990952
0.980834 0.939779
0.983114 0.939779
0.983114 0.9425
1 0.9425
1 0.954589
0.984435 0.954589
0.984435 0.997379
0.97828 0.997379
0.97828 1
