256
0.82575 1
0.82575 0.990915
0.953015 0.990915
0.953015 0.979844
0.900153 0.979844
0.900153 0.962059
0.914374 0.962059
0.914374 0.959611
0.897691 0.959611
0.897691 0.980864
0.623189 0.980864
0.623189 0.852524
0.699166 0.852524
0.699166 0.80512
0.617295 0.80512
0.617295 0.636691
0.599942 0.636691
0.599942 0.870195
0.578779 0.870195
0.578779 0.840317
0.482765 0.840317
0.482765 0.845979
0.423716 0.845979
0.423716 0.80396
0.400152 0.80396
0.400152 0.753292
0.598623 0.753292
0.598623 0.6473
0.506176 0.6473
0.506176 0.584341
0.448431 0.584341
0.448431 0.521774
0.515715 0.521774
0.515715 0.509634
0.398385 0.509634
0.398385 0.45096
0.351567 0.45096
0.351567 0.709315
0.387481 0.709315
0.387481 0.736901
0.335925 0.736901
0.335925 0.725247
0.34248 0.725247
0.34248 0.376372
0.357227 0.376372
0.357227 0.373332
0.581537 0.373332
0.581537 0.355549
0.607455 0.355549
0.607455 0.348277
0.382493 0.348277
0.382493 0.313806
0.430378 0.313806
0.430378 0.319849
0.657672 0.319849
0.657672 0.25493
0.482329 0.25493
0.482329 0.268831
0.346122 0.268831
0.346122 0.287782
0.176462 0.287782
0.176462 0.293656
0.0917397 0.293656
0.0917397 0.309329
0.0798378 0.309329
0.0798378 0.350341
0.0590492 0.350341
0.0590492 0.243334
0.103774 0.243334
0.103774 0.176889
0.0567887 0.176889
0.0567887 0.476026
0.2164 0.476026
0.2164 0.490042
0.334649 0.490042
0.334649 0.560926
0.154447 0.560926
0.154447 0.54933
0.282646 0.54933
0.282646 0.509213
0.177327 0.509213
0.177327 0.483833
0.158104 0.483833
0.158104 0.491599
0.0720129 0.491599
0.0720129 0.556344
0.041265 0.556344
0.041265 0.16813
0.0535252 0.16813
0.0535252 0.152683
0.117333 0.152683
0.117333 0.15568
0.110632 0.15568
0.110632 0.157753
0.151064 0.157753
0.151064 0.125125
0.140437 0.125125
0.140437 0.124771
0.159824 0.124771
0.159824 0.118187
0.135167 0.118187
0.135167 0.115286
0.0280395 0.115286
0.0280395 0.0601601
0 0.0601601
0 0.000420717
0.0400124 0.000420717
0.0400124 0.102451
0.0451528 0.102451
0.0451528 0.0644444
0.0507325 0.0644444
0.0507325 0.0566856
0.0502452 0.0566856
0.0502452 0
0.143461 0
0.143461 0.0130288
0.093185 0.0130288
0.093185 0.0867286
0.09645 0.0867286
0.09645 0.0787128
0.202372 0.0787128
0.202372 0.0833925
0.311627 0.0833925
0.311627 0.0873611
0.320072 0.0873611
0.320072 0.0893126
0.127237 0.0893126
0.127237 0.105524
0.280255 0.105524
0.280255 0.138391
0.27178 0.138391
0.27178 0.153276
0.254838 0.153276
0.254838 0.116148
0.202727 0.116148
0.202727 0.181159
0.158598 0.181159
0.158598 0.274071
0.223752 0.274071
0.223752 0.268464
0.209735 0.268464
0.209735 0.244259
0.706017 0.244259
0.706017 0.202866
0.534915 0.202866
0.534915 0.193781
0.500569 0.193781
0.500569 0.188594
0.717576 0.188594
0.717576 0.368105
0.594301 0.368105
0.594301 0.389357
0.474313 0.389357
0.474313 0.412721
0.448207 0.412721
0.448207 0.38418
0.359271 0.38418
0.359271 0.386651
0.411316 0.386651
0.411316 0.482445
0.7176 0.482445
0.7176 0.355192
0.759766 0.355192
0.759766 0.355937
0.927312 0.355937
0.927312 0.444504
0.890335 0.444504
0.890335 0.360238
0.810539 0.360238
0.810539 0.37148
0.736136 0.37148
0.736136 0.508686
0.766303 0.508686
0.766303 0.546889
0.610773 0.546889
0.610773 0.573985
0.543352 0.573985
0.543352 0.621038
0.617401 0.621038
0.617401 0.631453
0.622137 0.631453
0.622137 0.601315
0.772349 0.601315
0.772349 0.594213
0.776553 0.594213
0.776553 0.600122
0.80319 0.600122
0.80319 0.595129
0.819828 0.595129
0.819828 0.647279
0.691588 0.647279
0.691588 0.65529
0.775505 0.65529
0.775505 0.750831
0.809827 0.750831
0.809827 0.755144
0.843556 0.755144
0.843556 0.752384
0.983836 0.752384
0.983836 0.742018
0.908731 0.742018
0.908731 0.624379
0.910386 0.624379
0.910386 0.734008
0.933104 0.734008
0.933104 0.734898
0.967999 0.734898
0.967999 0.720083
0.966726 0.720083
0.966726 0.604497
0.991563 0.604497
0.991563 0.608713
1 0.608713
1 0.802342
0.860141 0.802342
0.860141 0.795839
0.994211 0.795839
0.994211 0.790238
0.773202 0.790238
0.773202 0.673671
0.71048 0.673671
0.71048 0.953588
0.72013 0.953588
0.72013 0.844299
0.778794 0.844299
0.778794 0.843634
0.782857 0.843634
0.782857 0.816988
0.783586 0.816988
0.783586 0.813348
0.792684 0.813348
0.792684 0.884285
0.788859 0.884285
0.788859 0.880775
0.736294 0.880775
0.736294 0.886005
0.725269 0.886005
0.725269 0.924345
0.850464 0.924345
0.850464 0.874164
0.839603 0.874164
0.839603 0.902665
0.824127 0.902665
0.824127 0.864825
0.874172 0.864825
0.874172 0.89358
0.869652 0.89358
0.869652 0.95892
0.952157 0.95892
0.952157 0.958293
0.96903 0.958293
0.96903 0.996031
0.892141 0.996031
0.892141 0.998148
0.863648 0.998148
0.863648 1
