32
0 1
0 0.916768
0.022217 0.916768
0.022217 0.657457
0.348172 0.657457
0.348172 0.5699
0.263483 0.5699
0.263483 0.199547
0.29124 0.199547
0.29124 0.0751573
0.148548 0.0751573
0.148548 0
0.56645 0
0.56645 0.159809
0.70436 0.159809
0.70436 0.192895
0.716557 0.192895
0.716557 0.265995
0.723856 0.265995
0.723856 0.109218
0.941801 0.109218
0.941801 0.401372
0.795472 0.401372
0.795472 0.61565
0.924691 0.61565
0.924691 0.914018
1 0.914018
1 0.962387
0.903648 0.962387
0.903648 0.620167
0.830162 0.620167
0.830162 1
