512
0.71541 1
0.71541 0.994231
0.748783 0.994231
0.748783 0.986892
0.764508 0.986892
0.764508 0.923254
0.817436 0.923254
0.817436 0.941566
0.817884 0.941566
0.817884 0.938681
0.817839 0.938681
0.817839 0.917654
0.59233 0.917654
0.59233 0.97014
0.620139 0.97014
0.620139 0.993838
0.578138 0.993838
0.578138 0.917738
0.538473 0.917738
0.538473 0.923634
0.545693 0.923634
0.545693 0.97001
0.545236 0.97001
0.545236 0.972172
0.530099 0.972172
0.530099 0.969512
0.445229 0.969512
0.445229 0.965893
0.538142 0.965893
0.538142 0.958195
0.455013 0.958195
0.455013 0.904546
0.127336 0.904546
0.127336 0.920059
0.0920233 0.920059
0.0920233 0.904183
0.108903 0.904183
0.108903 0.858443
0.498674 0.858443
0.498674 0.852388
0.631954 0.852388
0.631954 0.796734
0.639386 0.796734
0.639386 0.724265
0.659529 0.724265
0.659529 0.717619
0.606136 0.717619
0.606136 0.763991
0.464793 0.763991
0.464793 0.81471
0.555386 0.81471
0.555386 0.835352
0.628675 0.835352
0.628675 0.846292
0.305686 0.846292
0.305686 0.830986
0.543124 0.830986
0.543124 0.826427
0.464335 0.826427
0.464335 0.756374
0.0891049 0.756374
0.0891049 0.761142
0.32954 0.761142
0.32954 0.778305
0.0914983 0.778305
0.0914983 0.821292
0.115296 0.821292
0.115296 0.824573
0.0604782 0.824573
0.0604782 0.713925
0.058891 0.713925
0.058891 0.551841
0.0448248 0.551841
0.0448248 0.5505
0.0156494 0.5505
0.0156494 0.475725
0.0124222 0.475725
0.0124222 0.412451
0.0138438 0.412451
0.0138438 0.155033
0.0142393 0.155033
0.0142393 0.129537
0.000615465 0.129537
0.000615465 0.281039
0 0.281039
0 0.112084
0.000302059 0.112084
0.000302059 0.106174
0.0238012 0.106174
0.0238012 0.0844667
0.0584947 0.0844667
0.0584947 0.19886
0.0257854 0.19886
0.0257854 0.203028
0.0275776 0.203028
0.0275776 0.379551
0.0378564 0.379551
0.0378564 0.429179
0.0210501 0.429179
0.0210501 0.30886
0.0181557 0.30886
0.0181557 0.531152
0.0633466 0.531152
0.0633466 0.572704
0.0613649 0.572704
0.0613649 0.792659
0.086058 0.792659
0.086058 0.720528
0.218582 0.720528
0.218582 0.727158
0.128701 0.727158
0.128701 0.736902
0.28685 0.736902
0.28685 0.708463
0.326874 0.708463
0.326874 0.705937
0.139482 0.705937
0.139482 0.412324
0.138866 0.412324
0.138866 0.254797
0.145069 0.254797
0.145069 0.0760293
0.14591 0.0760293
0.14591 0.0507645
0.142344 0.0507645
0.142344 0.0458237
0.137195 0.0458237
0.137195 0.227872
0.108533 0.227872
0.108533 0.518697
0.0668085 0.518697
0.0668085 0.415544
0.0671117 0.415544
0.0671117 0.299078
0.0710083 0.299078
0.0710083 0.49206
0.0877881 0.49206
0.0877881 0.450364
0.0986294 0.450364
0.0986294 0.415744
0.0766963 0.415744
0.0766963 0.284739
0.0838496 0.284739
0.0838496 0.258678
0.0946893 0.258678
0.0946893 0.106953
0.117114 0.106953
0.117114 0.0580541
0.111865 0.0580541
0.111865 0.0573031
0.0747175 0.0573031
0.0747175 0.0478712
0.0757008 0.0478712
0.0757008 0.0206796
0.421909 0.0206796
0.421909 0.0135353
0.18809 0.0135353
0.18809 0.00819755
0.236569 0.00819755
0.236569 0.00116233
0.311104 0.00116233
0.311104 0
0.447538 0
0.447538 0.000350105
0.575809 0.000350105
0.575809 0.0365968
0.343518 0.0365968
0.343518 0.0338123
0.241913 0.0338123
0.241913 0.0445188
0.251081 0.0445188
0.251081 0.0520671
0.193027 0.0520671
0.193027 0.0875838
0.194963 0.0875838
0.194963 0.109392
0.16696 0.109392
0.16696 0.370689
0.187196 0.370689
0.187196 0.401186
0.186522 0.401186
0.186522 0.530663
0.159514 0.530663
0.159514 0.376823
0.140751 0.376823
0.140751 0.68907
0.401405 0.68907
0.401405 0.714241
0.29129 0.714241
0.29129 0.737272
0.209688 0.737272
0.209688 0.745113
0.589907 0.745113
0.589907 0.714822
0.62593 0.714822
0.62593 0.701532
0.753723 0.701532
0.753723 0.68094
0.632775 0.68094
0.632775 0.672039
0.53629 0.672039
0.53629 0.650295
0.429576 0.650295
0.429576 0.647594
0.425474 0.647594
0.425474 0.57229
0.524234 0.57229
0.524234 0.582034
0.540257 0.582034
0.540257 0.563657
0.566702 0.563657
0.566702 0.584518
0.577946 0.584518
0.577946 0.546072
0.59598 0.546072
0.59598 0.562963
0.602015 0.562963
0.602015 0.449442
0.560096 0.449442
0.560096 0.406914
0.558874 0.406914
0.558874 0.466049
0.544771 0.466049
0.544771 0.445137
0.558123 0.445137
0.558123 0.401769
0.493777 0.401769
0.493777 0.385261
0.635276 0.385261
0.635276 0.377054
0.637155 0.377054
0.637155 0.318926
0.601469 0.318926
0.601469 0.327109
0.530008 0.327109
0.530008 0.335503
0.632379 0.335503
0.632379 0.344906
0.432393 0.344906
0.432393 0.257522
0.388015 0.257522
0.388015 0.343632
0.409397 0.343632
0.409397 0.369047
0.405902 0.369047
0.405902 0.466399
0.386762 0.466399
0.386762 0.417809
0.381381 0.417809
0.381381 0.486597
0.363801 0.486597
0.363801 0.683437
0.280691 0.683437
0.280691 0.683278
0.254149 0.683278
0.254149 0.571927
0.273246 0.571927
0.273246 0.4329
0.248155 0.4329
0.248155 0.395699
0.261016 0.395699
0.261016 0.295275
0.270467 0.295275
0.270467 0.172934
0.266043 0.172934
0.266043 0.157222
0.239702 0.157222
0.239702 0.145124
0.199562 0.145124
0.199562 0.412386
0.206542 0.412386
0.206542 0.501297
0.244302 0.501297
0.244302 0.417386
0.246091 0.417386
0.246091 0.674053
0.239299 0.674053
0.239299 0.548378
0.23938 0.548378
0.23938 0.530374
0.228222 0.530374
0.228222 0.509502
0.195323 0.509502
0.195323 0.0585128
0.199075 0.0585128
0.199075 0.0893483
0.234763 0.0893483
0.234763 0.142396
0.280696 0.142396
0.280696 0.643763
0.282502 0.643763
0.282502 0.676898
0.289981 0.676898
0.289981 0.674704
0.292831 0.674704
0.292831 0.552091
0.31601 0.552091
0.31601 0.68246
0.342087 0.68246
0.342087 0.620432
0.329982 0.620432
0.329982 0.523614
0.363011 0.523614
0.363011 0.376663
0.320503 0.376663
0.320503 0.306311
0.30193 0.306311
0.30193 0.18888
0.342453 0.18888
0.342453 0.234427
0.440206 0.234427
0.440206 0.296856
0.610366 0.296856
0.610366 0.0979586
0.637978 0.0979586
0.637978 0.242403
0.652925 0.242403
0.652925 0.361481
0.655677 0.361481
0.655677 0.134542
0.659033 0.134542
0.659033 0.284719
0.682101 0.284719
0.682101 0.0719696
0.646119 0.0719696
0.646119 0.0529096
0.811061 0.0529096
0.811061 0.0615208
0.890713 0.0615208
0.890713 0.0686421
0.682673 0.0686421
0.682673 0.104552
0.707976 0.104552
0.707976 0.273701
0.715779 0.273701
0.715779 0.282956
0.818167 0.282956
0.818167 0.237667
0.90972 0.237667
0.90972 0.255164
0.825406 0.255164
0.825406 0.418219
0.918397 0.418219
0.918397 0.258964
0.918263 0.258964
0.918263 0.102953
0.919013 0.102953
0.919013 0.175741
0.926132 0.175741
0.926132 0.233519
0.939858 0.233519
0.939858 0.396444
0.933992 0.396444
0.933992 0.443874
0.862256 0.443874
0.862256 0.422304
0.799215 0.422304
0.799215 0.413997
0.690574 0.413997
0.690574 0.213183
0.688124 0.213183
0.688124 0.451435
0.905367 0.451435
0.905367 0.455586
0.693637 0.455586
0.693637 0.500226
0.715455 0.500226
0.715455 0.494555
0.85255 0.494555
0.85255 0.499494
0.745182 0.499494
0.745182 0.507851
0.688091 0.507851
0.688091 0.499144
0.683211 0.499144
0.683211 0.478497
0.673949 0.478497
0.673949 0.369276
0.66 0.369276
0.66 0.392571
0.614223 0.392571
0.614223 0.418004
0.603935 0.418004
0.603935 0.403328
0.598639 0.403328
0.598639 0.426151
0.598184 0.426151
0.598184 0.436031
0.611343 0.436031
0.611343 0.481282
0.613191 0.481282
0.613191 0.59009
0.699771 0.59009
0.699771 0.556662
0.773209 0.556662
0.773209 0.563216
0.930685 0.563216
0.930685 0.590237
0.746886 0.590237
0.746886 0.604533
0.596593 0.604533
0.596593 0.598139
0.579196 0.598139
0.579196 0.587361
0.50265 0.587361
0.50265 0.624211
0.546717 0.624211
0.546717 0.614508
0.578804 0.614508
0.578804 0.62127
0.840171 0.62127
0.840171 0.626117
0.811301 0.626117
0.811301 0.624556
0.516629 0.624556
0.516629 0.632043
0.435967 0.632043
0.435967 0.640241
0.540593 0.640241
0.540593 0.634637
0.547019 0.634637
0.547019 0.667744
0.762483 0.667744
0.762483 0.680852
0.784633 0.680852
0.784633 0.686587
0.830237 0.686587
0.830237 0.692402
0.805501 0.692402
0.805501 0.702694
0.700547 0.702694
0.700547 0.707598
0.761148 0.707598
0.761148 0.714625
0.674556 0.714625
0.674556 0.803265
0.748681 0.803265
0.748681 0.783864
0.78642 0.783864
0.78642 0.784462
0.954631 0.784462
0.954631 0.264964
0.955259 0.264964
0.955259 0.351004
0.955325 0.351004
0.955325 0.539447
0.969124 0.539447
0.969124 0.551612
0.970762 0.551612
0.970762 0.552396
0.960201 0.552396
0.960201 0.707412
0.986621 0.707412
0.986621 0.653269
0.995647 0.653269
0.995647 0.771084
0.986647 0.771084
0.986647 0.798599
0.926169 0.798599
0.926169 0.843406
1 0.843406
1 0.966102
0.986266 0.966102
0.986266 0.848157
0.637128 0.848157
0.637128 0.86012
0.309141 0.86012
0.309141 0.868715
0.127232 0.868715
0.127232 0.885081
0.206341 0.885081
0.206341 0.893316
0.423431 0.893316
0.423431 0.899762
0.250266 0.899762
0.250266 0.902392
0.162809 0.902392
0.162809 0.902822
0.607308 0.902822
0.607308 0.870344
0.591922 0.870344
0.591922 0.882857
0.528593 0.882857
0.528593 0.868959
0.673316 0.868959
0.673316 0.88016
0.768983 0.88016
0.768983 0.884102
0.629124 0.884102
0.629124 0.893981
0.669969 0.893981
0.669969 0.896988
0.815462 0.896988
0.815462 0.89255
0.949046 0.89255
0.949046 0.884514
0.969862 0.884514
0.969862 0.908808
0.857584 0.908808
0.857584 0.958523
0.889086 0.958523
0.889086 0.960102
0.770786 0.960102
0.770786 0.962322
0.94194 0.962322
0.94194 0.965659
0.944368 0.965659
0.944368 0.969462
0.962908 0.969462
0.962908 0.975294
0.82671 0.975294
0.82671 1
