512
0.835945 1
0.835945 0.957076
0.853966 0.957076
0.853966 0.932147
0.519881 0.932147
0.519881 0.940509
0.745321 0.940509
0.745321 0.953963
0.514943 0.953963
0.514943 0.957832
0.823831 0.957832
0.823831 0.980716
0.355419 0.980716
0.355419 0.991401
0.157823 0.991401
0.157823 0.983393
0.0841124 0.983393
0.0841124 0.97794
0.0226315 0.97794
0.0226315 0.942118
0.0901113 0.942118
0.0901113 0.971902
0.32768 0.971902
0.32768 0.974882
0.398483 0.974882
0.398483 0.923509
0.125845 0.923509
0.125845 0.920548
0.809464 0.920548
0.809464 0.918836
0.457005 0.918836
0.457005 0.897874
0.119036 0.897874
0.119036 0.869899
0.0907926 0.869899
0.0907926 0.903722
0.0115338 0.903722
0.0115338 0.900865
0.0706307 0.900865
0.0706307 0.862759
0.0586045 0.862759
0.0586045 0.84688
0.408129 0.84688
0.408129 0.851228
0.0692022 0.851228
0.0692022 0.8613
0.344554 0.8613
0.344554 0.864434
0.488214 0.864434
0.488214 0.876023
0.271037 0.876023
0.271037 0.871704
0.18023 0.871704
0.18023 0.884621
0.673925 0.884621
0.673925 0.884988
0.680954 0.884988
0.680954 0.901257
0.688833 0.901257
0.688833 0.829986
0.594705 0.829986
0.594705 0.819497
0.611347 0.819497
0.611347 0.801888
0.659574 0.801888
0.659574 0.793542
0.394165 0.793542
0.394165 0.800309
0.390897 0.800309
0.390897 0.787649
0.316293 0.787649
0.316293 0.799386
0.112292 0.799386
0.112292 0.813891
0.0744702 0.813891
0.0744702 0.846239
0.0176381 0.846239
0.0176381 0.821673
0.023895 0.821673
0.023895 0.7768
0.0298435 0.7768
0.0298435 0.59065
0.0345352 0.59065
0.0345352 0.67109
0.0780202 0.67109
0.0780202 0.715908
0.0970766 0.715908
0.0970766 0.573686
0.141209 0.573686
0.141209 0.56008
0.15187 0.56008
0.15187 0.596092
0.173028 0.596092
0.173028 0.58925
0.202912 0.58925
0.202912 0.722697
0.198338 0.722697
0.198338 0.602773
0.13614 0.602773
0.13614 0.589837
0.117644 0.589837
0.117644 0.621612
0.129178 0.621612
0.129178 0.640186
0.110684 0.640186
0.110684 0.621664
0.110426 0.621664
0.110426 0.768911
0.254734 0.768911
0.254734 0.759487
0.760698 0.759487
0.760698 0.755126
0.895929 0.755126
0.895929 0.631649
0.785245 0.631649
0.785245 0.637715
0.829433 0.637715
0.829433 0.676791
0.768927 0.676791
0.768927 0.703108
0.661267 0.703108
0.661267 0.703276
0.755264 0.703276
0.755264 0.708852
0.825701 0.708852
0.825701 0.754448
0.695655 0.754448
0.695655 0.754031
0.297172 0.754031
0.297172 0.751813
0.739009 0.751813
0.739009 0.73166
0.546578 0.73166
0.546578 0.740702
0.538016 0.740702
0.538016 0.71867
0.569536 0.71867
0.569536 0.683149
0.669631 0.683149
0.669631 0.654896
0.365192 0.654896
0.365192 0.725915
0.351811 0.725915
0.351811 0.726737
0.279256 0.726737
0.279256 0.702332
0.2351 0.702332
0.2351 0.691608
0.32125 0.691608
0.32125 0.619823
0.755852 0.619823
0.755852 0.619985
0.796298 0.619985
0.796298 0.613634
0.836339 0.613634
0.836339 0.630245
0.898875 0.630245
0.898875 0.459657
0.904491 0.459657
0.904491 0.231917
0.854173 0.231917
0.854173 0.248333
0.84393 0.248333
0.84393 0.302337
0.53989 0.302337
0.53989 0.282833
0.63564 0.282833
0.63564 0.290492
0.635677 0.290492
0.635677 0.232423
0.672471 0.232423
0.672471 0.290982
0.771866 0.290982
0.771866 0.264664
0.789662 0.264664
0.789662 0.270329
0.837133 0.270329
0.837133 0.223474
0.496996 0.223474
0.496996 0.20945
0.108607 0.20945
0.108607 0.228424
0.112976 0.228424
0.112976 0.273757
0.111367 0.273757
0.111367 0.278219
0.118502 0.278219
0.118502 0.28685
0.0931162 0.28685
0.0931162 0.311625
0.153381 0.311625
0.153381 0.345262
0.161804 0.345262
0.161804 0.330899
0.42462 0.330899
0.42462 0.353112
0.462611 0.353112
0.462611 0.356593
0.338878 0.356593
0.338878 0.342899
0.272525 0.342899
0.272525 0.349371
0.257159 0.349371
0.257159 0.358117
0.180112 0.358117
0.180112 0.48568
0.394286 0.48568
0.394286 0.463988
0.383005 0.463988
0.383005 0.470144
0.324044 0.470144
0.324044 0.391725
0.395681 0.391725
0.395681 0.438926
0.491438 0.438926
0.491438 0.441006
0.334189 0.441006
0.334189 0.446788
0.688719 0.446788
0.688719 0.501583
0.69443 0.501583
0.69443 0.455413
0.759431 0.455413
0.759431 0.508459
0.823012 0.508459
0.823012 0.527003
0.659863 0.527003
0.659863 0.506232
0.671936 0.506232
0.671936 0.496957
0.682512 0.496957
0.682512 0.451086
0.506796 0.451086
0.506796 0.500909
0.308598 0.500909
0.308598 0.489272
0.213071 0.489272
0.213071 0.487761
0.157096 0.487761
0.157096 0.510942
0.141667 0.510942
0.141667 0.514529
0.18878 0.514529
0.18878 0.53548
0.212928 0.53548
0.212928 0.504738
0.36677 0.504738
0.36677 0.513529
0.398695 0.513529
0.398695 0.53863
0.327827 0.53863
0.327827 0.550953
0.137869 0.550953
0.137869 0.538459
0.136234 0.538459
0.136234 0.378374
0.140357 0.378374
0.140357 0.414172
0.139733 0.414172
0.139733 0.42561
0.164934 0.42561
0.164934 0.380277
0.145724 0.380277
0.145724 0.313001
0.0578253 0.313001
0.0578253 0.250343
0.0559751 0.250343
0.0559751 0.255231
0.0518219 0.255231
0.0518219 0.306984
0.0508033 0.306984
0.0508033 0.415962
0.0445991 0.415962
0.0445991 0.342468
0.0166414 0.342468
0.0166414 0.439886
0.000831033 0.439886
0.000831033 0.36863
0 0.36863
0 0.311875
0.031352 0.311875
0.031352 0.287029
0.004338 0.287029
0.004338 0.225268
0.0750599 0.225268
0.0750599 0.207826
0.532463 0.207826
0.532463 0.21958
0.906735 0.21958
0.906735 0.573528
0.929389 0.573528
0.929389 0.363401
0.930757 0.363401
0.930757 0.0810036
0.903232 0.0810036
0.903232 0.0834242
0.922308 0.0834242
0.922308 0.143162
0.91304 0.143162
0.91304 0.141236
0.507689 0.141236
0.507689 0.107633
0.347892 0.107633
0.347892 0.0872183
0.29721 0.0872183
0.29721 0.133089
0.308764 0.133089
0.308764 0.142338
0.297312 0.142338
0.297312 0.145793
0.463261 0.145793
0.463261 0.1624
0.830042 0.1624
0.830042 0.179903
0.630357 0.179903
0.630357 0.172628
0.519645 0.172628
0.519645 0.170409
0.535927 0.170409
0.535927 0.162696
0.41898 0.162696
0.41898 0.188583
0.323309 0.188583
0.323309 0.164646
0.299124 0.164646
0.299124 0.153422
0.463069 0.153422
0.463069 0.151853
0.268465 0.151853
0.268465 0.180707
0.0829978 0.180707
0.0829978 0.16371
0.145087 0.16371
0.145087 0.121568
0.105822 0.121568
0.105822 0.100739
0.16637 0.100739
0.16637 0.170663
0.209992 0.170663
0.209992 0.157843
0.213417 0.157843
0.213417 0.0732909
0.236353 0.0732909
0.236353 0.151438
0.260492 0.151438
0.260492 0.0720162
0.365161 0.0720162
0.365161 0.0955989
0.360892 0.0955989
0.360892 0.0973719
0.622887 0.0973719
0.622887 0.113501
0.511086 0.113501
0.511086 0.1232
0.854247 0.1232
0.854247 0.096895
0.638833 0.096895
0.638833 0.0958791
0.653148 0.0958791
0.653148 0.0964551
0.90258 0.0964551
0.90258 0.0945451
0.807634 0.0945451
0.807634 0.0268344
0.727605 0.0268344
0.727605 0.0290421
0.724157 0.0290421
0.724157 0.0340762
0.756363 0.0340762
0.756363 0.0605698
0.728575 0.0605698
0.728575 0.0690471
0.353989 0.0690471
0.353989 0.0555197
0.556861 0.0555197
0.556861 0.0516072
0.429826 0.0516072
0.429826 0.0483099
0.716972 0.0483099
0.716972 0.0323334
0.406844 0.0323334
0.406844 0.0137137
0.366412 0.0137137
0.366412 0.0102599
0.403046 0.0102599
0.403046 0.00545326
0.279234 0.00545326
0.279234 0.0130309
0.281526 0.0130309
0.281526 0.0523773
0.174905 0.0523773
0.174905 0.0267446
0.208398 0.0267446
0.208398 0.00605392
0.208958 0.00605392
0.208958 0
0.51899 0
0.51899 0.0179199
0.420076 0.0179199
0.420076 0.0233208
0.790898 0.0233208
0.790898 0.0190575
0.847834 0.0190575
0.847834 0.0229886
0.891352 0.0229886
0.891352 0.0397424
0.904905 0.0397424
0.904905 0.0494009
0.864397 0.0494009
0.864397 0.0620776
0.852522 0.0620776
0.852522 0.0741318
0.935706 0.0741318
0.935706 0.32742
0.938236 0.32742
0.938236 0.530974
0.935095 0.530974
0.935095 0.132368
0.933932 0.132368
0.933932 0.601135
0.931255 0.601135
0.931255 0.755448
0.969865 0.755448
0.969865 0.768595
0.973949 0.768595
0.973949 0.466443
0.960065 0.466443
0.960065 0.464956
0.955294 0.464956
0.955294 0.451451
0.94486 0.451451
0.94486 0.344586
0.962895 0.344586
0.962895 0.443031
0.967302 0.443031
0.967302 0.368018
0.965855 0.368018
0.965855 0.197841
0.967337 0.197841
0.967337 0.350686
0.972467 0.350686
0.972467 0.374198
0.989757 0.374198
0.989757 0.326529
0.996667 0.326529
0.996667 0.277375
0.995541 0.277375
0.995541 0.0144066
1 0.0144066
1 0.529812
0.994051 0.529812
0.994051 0.378671
0.97164 0.378671
0.97164 0.428588
0.987864 0.428588
0.987864 0.532768
0.983387 0.532768
0.983387 0.781595
0.973863 0.781595
0.973863 0.778145
0.930542 0.778145
0.930542 0.602145
0.907253 0.602145
0.907253 0.64477
0.917204 0.64477
0.917204 0.759851
0.290033 0.759851
0.290033 0.760312
0.899905 0.760312
0.899905 0.768497
0.491048 0.768497
0.491048 0.770602
0.452165 0.770602
0.452165 0.77724
0.427279 0.77724
0.427279 0.773564
0.180926 0.773564
0.180926 0.771487
0.0530062 0.771487
0.0530062 0.691839
0.0397544 0.691839
0.0397544 0.771734
0.0468212 0.771734
0.0468212 0.805205
0.043768 0.805205
0.043768 0.806988
0.0536798 0.806988
0.0536798 0.79572
0.299955 0.79572
0.299955 0.793079
0.231297 0.793079
0.231297 0.787781
0.0768546 0.787781
0.0768546 0.782216
0.392548 0.782216
0.392548 0.78287
0.201802 0.78287
0.201802 0.783667
0.744916 0.783667
0.744916 0.805887
0.78818 0.805887
0.78818 0.914684
0.746097 0.914684
0.746097 0.827595
0.705446 0.827595
0.705446 0.91402
0.582851 0.91402
0.582851 0.918319
0.894164 0.918319
0.894164 0.922951
0.879023 0.922951
0.879023 1
