128
0.220875 1
0.220875 0.993539
0.100439 0.993539
0.100439 0.921137
0 0.921137
0 0.861255
0.0394916 0.861255
0.0394916 0.859031
0.320829 0.859031
0.320829 0.973751
0.708398 0.973751
0.708398 0.823632
0.0968346 0.823632
0.0968346 0.803532
0.0026838 0.803532
0.0026838 0.79492
0.581507 0.79492
0.581507 0.795616
0.611939 0.795616
0.611939 0.556504
0.663761 0.556504
0.663761 0.644369
0.671568 0.644369
0.671568 0.805076
0.708604 0.805076
0.708604 0.452156
0.536586 0.452156
0.536586 0.650968
0.424998 0.650968
0.424998 0.670778
0.0523852 0.670778
0.0523852 0.736307
0.011523 0.736307
0.011523 0.680372
0.00117046 0.680372
0.00117046 0.619921
0.260574 0.619921
0.260574 0.240765
0.181905 0.240765
0.181905 0.548476
0.0349583 0.548476
0.0349583 0.593671
0.0323913 0.593671
0.0323913 0.498139
0.162369 0.498139
0.162369 0.515925
0.171708 0.515925
0.171708 0.359611
0.0654806 0.359611
0.0654806 0.169331
0.0980051 0.169331
0.0980051 0.0538594
0.240313 0.0538594
0.240313 0.137008
0.303495 0.137008
0.303495 0.0397214
0.253075 0.0397214
0.253075 0.0291427
0.684311 0.0291427
0.684311 0.0353988
0.781536 0.0353988
0.781536 0.0526141
0.393475 0.0526141
0.393475 0.0379513
0.309306 0.0379513
0.309306 0.181486
0.289294 0.181486
0.289294 0.315196
0.292567 0.315196
0.292567 0.459767
0.361013 0.459767
0.361013 0.626706
0.504442 0.626706
0.504442 0.456165
0.417495 0.456165
0.417495 0.44428
0.487621 0.44428
0.487621 0.239782
0.46028 0.239782
0.46028 0.0592788
0.857663 0.0592788
0.857663 0
0.949591 0
0.949591 0.0177126
0.952211 0.0177126
0.952211 0.0415662
0.886 0.0415662
0.886 0.0489872
0.897197 0.0489872
0.897197 0.0608339
0.894513 0.0608339
0.894513 0.297477
1 0.297477
1 0.580504
0.963116 0.580504
0.963116 0.479724
0.870395 0.479724
0.870395 0.388754
0.844605 0.388754
0.844605 0.0887086
0.8793 0.0887086
0.8793 0.0645789
0.546909 0.0645789
0.546909 0.108497
0.743079 0.108497
0.743079 0.196071
0.558736 0.196071
0.558736 0.202532
0.819986 0.202532
0.819986 0.256905
0.820779 0.256905
0.820779 0.188463
0.825271 0.188463
0.825271 0.56469
0.820823 0.56469
0.820823 0.65467
0.787222 0.65467
0.787222 0.457375
0.791116 0.457375
0.791116 0.401488
0.790868 0.401488
0.790868 0.214181
0.760595 0.214181
0.760595 0.587475
0.714292 0.587475
0.714292 0.781378
0.7166 0.781378
0.7166 1
