32
0.104659 1
0.104659 0.8565
0 0.8565
0 0.832312
0.28431 0.832312
0.28431 0.876966
0.393214 0.876966
0.393214 0.515536
0.517539 0.515536
0.517539 0.240559
0.520976 0.240559
0.520976 0.553412
0.698881 0.553412
0.698881 0.145798
0.366231 0.145798
0.366231 0.11785
0.222202 0.11785
0.222202 0.399955
0.191958 0.399955
0.191958 0
0.22071 0
0.22071 0.0832125
0.782128 0.0832125
0.782128 0.0244983
1 0.0244983
1 0.304898
0.937282 0.304898
0.937282 0.589135
0.84456 0.589135
0.84456 0.693564
0.478576 0.693564
0.478576 1
