1024
0.481085 1
0.481085 0.999554
0.385275 0.999554
0.385275 0.972659
0.372564 0.972659
0.372564 0.981382
0.231009 0.981382
0.231009 0.978166
0.357301 0.978166
0.357301 0.96741
0.349829 0.96741
0.349829 0.913223
0.348272 0.913223
0.348272 0.590045
0.343035 0.590045
0.343035 0.630993
0.334782 0.630993
0.334782 0.9547
0.331579 0.9547
0.331579 0.577803
0.337407 0.577803
0.337407 0.567504
0.335223 0.567504
0.335223 0.561815
0.328636 0.561815
0.328636 0.92736
0.291253 0.92736
0.291253 0.973622
0.255825 0.973622
0.255825 0.975901
0.255569 0.975901
0.255569 0.957601
0.250972 0.957601
0.250972 0.952161
0.261853 0.952161
0.261853 0.630431
0.259315 0.630431
0.259315 0.67755
0.256917 0.67755
0.256917 0.615595
0.264382 0.615595
0.264382 0.663567
0.267657 0.663567
0.267657 0.941628
0.275241 0.941628
0.275241 0.930735
0.288774 0.930735
0.288774 0.887713
0.280785 0.887713
0.280785 0.860481
0.281916 0.860481
0.281916 0.620522
0.28421 0.620522
0.28421 0.769185
0.296365 0.769185
0.296365 0.66215
0.297085 0.66215
0.297085 0.652549
0.298135 0.652549
0.298135 0.603039
0.29821 0.603039
0.29821 0.771785
0.296896 0.771785
0.296896 0.926193
0.30479 0.926193
0.30479 0.874703
0.313487 0.874703
0.313487 0.740419
0.302775 0.740419
0.302775 0.465896
0.304865 0.465896
0.304865 0.729449
0.309314 0.729449
0.309314 0.637292
0.314431 0.637292
0.314431 0.558117
0.310228 0.558117
0.310228 0.53294
0.33269 0.53294
0.33269 0.499626
0.337881 0.499626
0.337881 0.617806
0.340591 0.617806
0.340591 0.615995
0.340468 0.615995
0.340468 0.554226
0.347998 0.554226
0.347998 0.538366
0.352925 0.538366
0.352925 0.964958
0.35512 0.964958
0.35512 0.94136
0.367852 0.94136
0.367852 0.821969
0.373017 0.821969
0.373017 0.749171
0.375746 0.749171
0.375746 0.753641
0.376919 0.753641
0.376919 0.801321
0.432438 0.801321
0.432438 0.744432
0.441718 0.744432
0.441718 0.779274
0.467667 0.779274
0.467667 0.82378
0.478195 0.82378
0.478195 0.829275
0.512154 0.829275
0.512154 0.826472
0.524749 0.826472
0.524749 0.820065
0.506991 0.820065
0.506991 0.773654
0.508151 0.773654
0.508151 0.762899
0.533963 0.762899
0.533963 0.796332
0.554142 0.796332
0.554142 0.680546
0.543016 0.680546
0.543016 0.662969
0.549857 0.662969
0.549857 0.652384
0.555711 0.652384
0.555711 0.584526
0.56403 0.584526
0.56403 0.74175
0.565609 0.74175
0.565609 0.503264
0.539958 0.503264
0.539958 0.557148
0.517051 0.557148
0.517051 0.394971
0.506731 0.394971
0.506731 0.398708
0.504971 0.398708
0.504971 0.394075
0.511002 0.394075
0.511002 0.372196
0.507475 0.372196
0.507475 0.36719
0.560307 0.36719
0.560307 0.364122
0.761415 0.364122
0.761415 0.365148
0.813895 0.365148
0.813895 0.405119
0.821468 0.405119
0.821468 0.436522
0.781376 0.436522
0.781376 0.455851
0.803077 0.455851
0.803077 0.458358
0.778713 0.458358
0.778713 0.505736
0.781998 0.505736
0.781998 0.645191
0.780245 0.645191
0.780245 0.527713
0.777563 0.527713
0.777563 0.429812
0.770862 0.429812
0.770862 0.40094
0.764563 0.40094
0.764563 0.397696
0.63099 0.397696
0.63099 0.529912
0.72249 0.529912
0.72249 0.492269
0.750967 0.492269
0.750967 0.601858
0.747423 0.601858
0.747423 0.614553
0.760482 0.614553
0.760482 0.699875
0.758929 0.699875
0.758929 0.841675
0.754511 0.841675
0.754511 0.797854
0.747122 0.797854
0.747122 0.760222
0.73837 0.760222
0.73837 0.757468
0.730577 0.757468
0.730577 0.733247
0.721402 0.733247
0.721402 0.827323
0.711944 0.827323
0.711944 0.898027
0.767609 0.898027
0.767609 0.895899
0.782027 0.895899
0.782027 0.8972
0.790695 0.8972
0.790695 0.898045
0.762724 0.898045
0.762724 0.913231
0.800973 0.913231
0.800973 0.894453
0.830914 0.894453
0.830914 0.912291
0.836277 0.912291
0.836277 0.864704
0.829719 0.864704
0.829719 0.575818
0.832849 0.575818
0.832849 0.782094
0.837333 0.782094
0.837333 0.688817
0.872119 0.688817
0.872119 0.672789
0.875934 0.672789
0.875934 0.696889
0.890292 0.696889
0.890292 0.487547
0.889667 0.487547
0.889667 0.478841
0.886496 0.478841
0.886496 0.315652
0.876029 0.315652
0.876029 0.564879
0.877156 0.564879
0.877156 0.61568
0.866184 0.61568
0.866184 0.62445
0.844618 0.62445
0.844618 0.305789
0.791489 0.305789
0.791489 0.297686
0.78539 0.297686
0.78539 0.325924
0.73879 0.325924
0.73879 0.327475
0.694635 0.327475
0.694635 0.337383
0.615071 0.337383
0.615071 0.33632
0.619053 0.33632
0.619053 0.334805
0.358499 0.334805
0.358499 0.340599
0.348049 0.340599
0.348049 0.34296
0.447284 0.34296
0.447284 0.344436
0.330946 0.344436
0.330946 0.317879
0.301945 0.317879
0.301945 0.350198
0.253848 0.350198
0.253848 0.339392
0.251136 0.339392
0.251136 0.264275
0.238824 0.264275
0.238824 0.184486
0.224399 0.184486
0.224399 0.208886
0.213938 0.208886
0.213938 0.258708
0.160159 0.258708
0.160159 0.574251
0.162075 0.574251
0.162075 0.401309
0.170855 0.401309
0.170855 0.553427
0.173044 0.553427
0.173044 0.502939
0.176126 0.502939
0.176126 0.546089
0.17943 0.546089
0.17943 0.561589
0.182347 0.561589
0.182347 0.861276
0.185208 0.861276
0.185208 0.832437
0.184838 0.832437
0.184838 0.743747
0.191309 0.743747
0.191309 0.449446
0.193074 0.449446
0.193074 0.487993
0.192729 0.487993
0.192729 0.512544
0.194026 0.512544
0.194026 0.796358
0.199023 0.796358
0.199023 0.596783
0.197358 0.596783
0.197358 0.588589
0.201109 0.588589
0.201109 0.615486
0.203351 0.615486
0.203351 0.653289
0.19938 0.653289
0.19938 0.894365
0.196343 0.894365
0.196343 0.895375
0.12404 0.895375
0.12404 0.932348
0.157356 0.932348
0.157356 0.964159
0.178479 0.964159
0.178479 0.968015
0.22069 0.968015
0.22069 0.975128
0.21571 0.975128
0.21571 0.971834
0.153214 0.971834
0.153214 0.941357
0.119287 0.941357
0.119287 0.93093
0.118886 0.93093
0.118886 0.807566
0.126916 0.807566
0.126916 0.768498
0.122648 0.768498
0.122648 0.693217
0.125207 0.693217
0.125207 0.666009
0.123587 0.666009
0.123587 0.652937
0.123846 0.652937
0.123846 0.35711
0.118031 0.35711
0.118031 0.461294
0.118496 0.461294
0.118496 0.686499
0.118477 0.686499
0.118477 0.560206
0.113074 0.560206
0.113074 0.663114
0.103711 0.663114
0.103711 0.679601
0.099394 0.679601
0.099394 0.717744
0.111812 0.717744
0.111812 0.785577
0.101582 0.785577
0.101582 0.881749
0.0915721 0.881749
0.0915721 0.825465
0.0992894 0.825465
0.0992894 0.501845
0.108142 0.501845
0.108142 0.475651
0.0941002 0.475651
0.0941002 0.532162
0.092714 0.532162
0.092714 0.46614
0.0861005 0.46614
0.0861005 0.658148
0.0440512 0.658148
0.0440512 0.660939
0.0770643 0.660939
0.0770643 0.686236
0.0403148 0.686236
0.0403148 0.646308
0.0667122 0.646308
0.0667122 0.587702
0.0363418 0.587702
0.0363418 0.605259
0.0354276 0.605259
0.0354276 0.69569
0.0332224 0.69569
0.0332224 0.681032
0.0299023 0.681032
0.0299023 0.582549
0.0167448 0.582549
0.0167448 0.766633
0.0140642 0.766633
0.0140642 0.755501
0 0.755501
0 0.525481
0.00759128 0.525481
0.00759128 0.580979
0.0361396 0.580979
0.0361396 0.575405
0.0793112 0.575405
0.0793112 0.557844
0.083147 0.557844
0.083147 0.473529
0.0451149 0.473529
0.0451149 0.475712
0.0654988 0.475712
0.0654988 0.504152
0.0591136 0.504152
0.0591136 0.484483
0.016491 0.484483
0.016491 0.454694
0.0126389 0.454694
0.0126389 0.438542
0.0214568 0.438542
0.0214568 0.415605
0.0191808 0.415605
0.0191808 0.40005
0.0215391 0.40005
0.0215391 0.482154
0.0370852 0.482154
0.0370852 0.472491
0.0771212 0.472491
0.0771212 0.446838
0.0603764 0.446838
0.0603764 0.421982
0.05228 0.421982
0.05228 0.360112
0.041438 0.360112
0.041438 0.356784
0.0291299 0.356784
0.0291299 0.323144
0.0317089 0.323144
0.0317089 0.0927977
0.0255167 0.0927977
0.0255167 0.032123
0.211294 0.032123
0.211294 0.0379344
0.0336004 0.0379344
0.0336004 0.259627
0.0639886 0.259627
0.0639886 0.0626588
0.0969356 0.0626588
0.0969356 0.0714358
0.208307 0.0714358
0.208307 0.0782223
0.213694 0.0782223
0.213694 0
0.218015 0
0.218015 0.0301028
0.509315 0.0301028
0.509315 0.0286164
0.443899 0.0286164
0.443899 0.0031998
0.349525 0.0031998
0.349525 0.0212971
0.356755 0.0212971
0.356755 0.0272166
0.243655 0.0272166
0.243655 0.024003
0.306513 0.024003
0.306513 0.000452562
0.590739 0.000452562
0.590739 0.0011541
0.459428 0.0011541
0.459428 0.00103234
0.454705 0.00103234
0.454705 0.0214608
0.471241 0.0214608
0.471241 0.00423213
0.587972 0.00423213
0.587972 0.00780074
0.490422 0.00780074
0.490422 0.0233223
0.550168 0.0233223
0.550168 0.0105651
0.588746 0.0105651
0.588746 0.0115824
0.594352 0.0115824
0.594352 0.00933445
0.795333 0.00933445
0.795333 0.0148606
0.79378 0.0148606
0.79378 0.0156121
0.72815 0.0156121
0.72815 0.0159972
0.808594 0.0159972
0.808594 0.0161003
0.996337 0.0161003
0.996337 0.087321
1 0.087321
1 0.13071
0.905537 0.13071
0.905537 0.104092
0.603591 0.104092
0.603591 0.104852
0.805683 0.104852
0.805683 0.120914
0.686828 0.120914
0.686828 0.118714
0.606545 0.118714
0.606545 0.132244
0.623774 0.132244
0.623774 0.15528
0.606606 0.15528
0.606606 0.155583
0.600458 0.155583
0.600458 0.121602
0.565746 0.121602
0.565746 0.0999639
0.600945 0.0999639
0.600945 0.0958541
0.562805 0.0958541
0.562805 0.1106
0.560359 0.1106
0.560359 0.15477
0.538003 0.15477
0.538003 0.154387
0.402169 0.154387
0.402169 0.155718
0.305949 0.155718
0.305949 0.158905
0.638271 0.158905
0.638271 0.156285
0.872959 0.156285
0.872959 0.160351
0.310148 0.160351
0.310148 0.160424
0.236348 0.160424
0.236348 0.140393
0.230185 0.140393
0.230185 0.0959651
0.226789 0.0959651
0.226789 0.0875046
0.380593 0.0875046
0.380593 0.0876221
0.39919 0.0876221
0.39919 0.0886882
0.468824 0.0886882
0.468824 0.094646
0.234975 0.094646
0.234975 0.129757
0.248073 0.129757
0.248073 0.134252
0.245928 0.134252
0.245928 0.142866
0.323859 0.142866
0.323859 0.136863
0.394572 0.136863
0.394572 0.134405
0.398087 0.134405
0.398087 0.130958
0.540872 0.130958
0.540872 0.136978
0.549835 0.136978
0.549835 0.0893614
0.884935 0.0893614
0.884935 0.0903576
0.746644 0.0903576
0.746644 0.103766
0.622486 0.103766
0.622486 0.103929
0.779052 0.103929
0.779052 0.103997
0.797643 0.103997
0.797643 0.0966608
0.952402 0.0966608
0.952402 0.124429
0.980402 0.124429
0.980402 0.0902972
0.995335 0.0902972
0.995335 0.041783
0.926638 0.041783
0.926638 0.0524738
0.707503 0.0524738
0.707503 0.0571473
0.806022 0.0571473
0.806022 0.0636956
0.630627 0.0636956
0.630627 0.063913
0.613377 0.063913
0.613377 0.0621158
0.590069 0.0621158
0.590069 0.0414494
0.542824 0.0414494
0.542824 0.037756
0.612871 0.037756
0.612871 0.0484714
0.676043 0.0484714
0.676043 0.052508
0.691613 0.052508
0.691613 0.0563439
0.697532 0.0563439
0.697532 0.0429431
0.76884 0.0429431
0.76884 0.0521564
0.778972 0.0521564
0.778972 0.0280796
0.804034 0.0280796
0.804034 0.0370986
0.80114 0.0370986
0.80114 0.0460359
0.901545 0.0460359
0.901545 0.0414336
0.957852 0.0414336
0.957852 0.0383803
0.97992 0.0383803
0.97992 0.0193832
0.618239 0.0193832
0.618239 0.0161863
0.558023 0.0161863
0.558023 0.0310186
0.672015 0.0310186
0.672015 0.0369547
0.480943 0.0369547
0.480943 0.0311561
0.225559 0.0311561
0.225559 0.0674439
0.22268 0.0674439
0.22268 0.0316705
0.214339 0.0316705
0.214339 0.0834633
0.147388 0.0834633
0.147388 0.0775739
0.107229 0.0775739
0.107229 0.123149
0.0898304 0.123149
0.0898304 0.162251
0.0783921 0.162251
0.0783921 0.110552
0.0713085 0.110552
0.0713085 0.354607
0.0661019 0.354607
0.0661019 0.387869
0.0802366 0.387869
0.0802366 0.394031
0.0932664 0.394031
0.0932664 0.377554
0.0964287 0.377554
0.0964287 0.467827
0.109559 0.467827
0.109559 0.359157
0.108149 0.359157
0.108149 0.298103
0.107024 0.298103
0.107024 0.243935
0.143667 0.243935
0.143667 0.252962
0.151291 0.252962
0.151291 0.385802
0.150772 0.385802
0.150772 0.425868
0.148444 0.425868
0.148444 0.341095
0.146377 0.341095
0.146377 0.281838
0.13157 0.281838
0.13157 0.686839
0.134446 0.686839
0.134446 0.6942
0.152623 0.6942
0.152623 0.745175
0.168478 0.745175
0.168478 0.72841
0.154839 0.72841
0.154839 0.177094
0.212309 0.177094
0.212309 0.183663
0.254696 0.183663
0.254696 0.220206
0.272811 0.220206
0.272811 0.335361
0.258918 0.335361
0.258918 0.347455
0.274644 0.347455
0.274644 0.198714
0.362619 0.198714
0.362619 0.202409
0.288741 0.202409
0.288741 0.240165
0.290387 0.240165
0.290387 0.289141
0.333555 0.289141
0.333555 0.242361
0.384255 0.242361
0.384255 0.243208
0.35411 0.243208
0.35411 0.268786
0.408604 0.268786
0.408604 0.293049
0.40114 0.293049
0.40114 0.288886
0.380468 0.288886
0.380468 0.331264
0.528629 0.331264
0.528629 0.319261
0.599077 0.319261
0.599077 0.31607
0.683007 0.31607
0.683007 0.325883
0.729795 0.325883
0.729795 0.315035
0.742817 0.315035
0.742817 0.31083
0.756339 0.31083
0.756339 0.318912
0.780737 0.318912
0.780737 0.305863
0.623692 0.305863
0.623692 0.274364
0.607733 0.274364
0.607733 0.267887
0.60925 0.267887
0.60925 0.264812
0.625956 0.264812
0.625956 0.264228
0.636444 0.264228
0.636444 0.248641
0.650675 0.248641
0.650675 0.252543
0.7359 0.252543
0.7359 0.24119
0.759111 0.24119
0.759111 0.254528
0.697652 0.254528
0.697652 0.288288
0.739321 0.288288
0.739321 0.296839
0.802187 0.296839
0.802187 0.197873
0.693587 0.197873
0.693587 0.194183
0.750176 0.194183
0.750176 0.18026
0.653662 0.18026
0.653662 0.208492
0.643816 0.208492
0.643816 0.220172
0.70768 0.220172
0.70768 0.211916
0.758052 0.211916
0.758052 0.20885
0.764218 0.20885
0.764218 0.228899
0.585289 0.228899
0.585289 0.229872
0.514229 0.229872
0.514229 0.223904
0.550599 0.223904
0.550599 0.217076
0.475146 0.217076
0.475146 0.212897
0.590349 0.212897
0.590349 0.184817
0.60971 0.184817
0.60971 0.204782
0.625725 0.204782
0.625725 0.198972
0.638663 0.198972
0.638663 0.176028
0.668614 0.176028
0.668614 0.166383
0.775498 0.166383
0.775498 0.173005
0.797616 0.173005
0.797616 0.173653
0.826036 0.173653
0.826036 0.198765
0.829024 0.198765
0.829024 0.225731
0.821652 0.225731
0.821652 0.251739
0.849221 0.251739
0.849221 0.558189
0.849956 0.558189
0.849956 0.448046
0.853901 0.448046
0.853901 0.454511
0.865076 0.454511
0.865076 0.423658
0.868097 0.423658
0.868097 0.479387
0.852562 0.479387
0.852562 0.527912
0.858318 0.527912
0.858318 0.542632
0.871446 0.542632
0.871446 0.608663
0.875977 0.608663
0.875977 0.232677
0.864957 0.232677
0.864957 0.182468
0.861906 0.182468
0.861906 0.172828
0.894727 0.172828
0.894727 0.595675
0.890759 0.595675
0.890759 0.730796
0.899664 0.730796
0.899664 0.776149
0.916975 0.776149
0.916975 0.785719
0.952991 0.785719
0.952991 0.871819
0.94446 0.871819
0.94446 0.876943
0.977492 0.876943
0.977492 0.844229
0.980039 0.844229
0.980039 0.638486
0.979441 0.638486
0.979441 0.761644
0.969526 0.761644
0.969526 0.791009
0.955163 0.791009
0.955163 0.687879
0.945561 0.687879
0.945561 0.686725
0.913159 0.686725
0.913159 0.688638
0.936267 0.688638
0.936267 0.714665
0.900832 0.714665
0.900832 0.682617
0.903045 0.682617
0.903045 0.688028
0.911193 0.688028
0.911193 0.577199
0.911749 0.577199
0.911749 0.494014
0.90115 0.494014
0.90115 0.420593
0.95387 0.420593
0.95387 0.447527
0.912046 0.447527
0.912046 0.634539
0.954189 0.634539
0.954189 0.67963
0.973911 0.67963
0.973911 0.754053
0.975409 0.754053
0.975409 0.73344
0.978156 0.73344
0.978156 0.543714
0.991491 0.543714
0.991491 0.792888
0.993609 0.792888
0.993609 0.58335
0.994176 0.58335
0.994176 0.594917
0.994548 0.594917
0.994548 0.81096
0.985607 0.81096
0.985607 0.71406
0.986311 0.71406
0.986311 0.699671
0.980315 0.699671
0.980315 0.909205
0.961399 0.909205
0.961399 0.942408
0.930372 0.942408
0.930372 0.92563
0.91329 0.92563
0.91329 0.907081
0.931027 0.907081
0.931027 0.888711
0.903439 0.888711
0.903439 0.854564
0.913756 0.854564
0.913756 0.839118
0.937169 0.839118
0.937169 0.829343
0.876287 0.829343
0.876287 0.751792
0.86427 0.751792
0.86427 0.708968
0.837678 0.708968
0.837678 0.851996
0.8363 0.851996
0.8363 0.902945
0.839772 0.902945
0.839772 0.917467
0.75552 0.917467
0.75552 0.905899
0.709938 0.905899
0.709938 0.777278
0.706125 0.777278
0.706125 0.867604
0.690626 0.867604
0.690626 0.733941
0.653585 0.733941
0.653585 0.753943
0.651809 0.753943
0.651809 0.763873
0.65489 0.763873
0.65489 0.78221
0.656626 0.78221
0.656626 0.889228
0.669918 0.889228
0.669918 0.880612
0.666912 0.880612
0.666912 0.772753
0.690065 0.772753
0.690065 0.900982
0.639386 0.900982
0.639386 0.863137
0.64071 0.863137
0.64071 0.895967
0.646782 0.895967
0.646782 0.721261
0.679084 0.721261
0.679084 0.675358
0.68392 0.675358
0.68392 0.702951
0.685749 0.702951
0.685749 0.667212
0.692837 0.667212
0.692837 0.840616
0.7011 0.840616
0.7011 0.717154
0.705395 0.717154
0.705395 0.718791
0.712667 0.718791
0.712667 0.727841
0.726108 0.727841
0.726108 0.72868
0.757147 0.72868
0.757147 0.827048
0.758624 0.827048
0.758624 0.705324
0.751345 0.705324
0.751345 0.651355
0.741559 0.651355
0.741559 0.578407
0.728466 0.578407
0.728466 0.541582
0.691899 0.541582
0.691899 0.565123
0.694407 0.565123
0.694407 0.568955
0.628909 0.568955
0.628909 0.446866
0.612698 0.446866
0.612698 0.447419
0.625465 0.447419
0.625465 0.502867
0.624614 0.502867
0.624614 0.524591
0.621915 0.524591
0.621915 0.456903
0.606467 0.456903
0.606467 0.432611
0.627738 0.432611
0.627738 0.392632
0.680083 0.392632
0.680083 0.396023
0.794337 0.396023
0.794337 0.407565
0.795148 0.407565
0.795148 0.409179
0.796941 0.409179
0.796941 0.392152
0.802925 0.392152
0.802925 0.371618
0.562785 0.371618
0.562785 0.371554
0.639864 0.371554
0.639864 0.36967
0.533664 0.36967
0.533664 0.379101
0.517948 0.379101
0.517948 0.503404
0.526667 0.503404
0.526667 0.496546
0.519422 0.496546
0.519422 0.489895
0.522712 0.489895
0.522712 0.446052
0.586584 0.446052
0.586584 0.426339
0.587236 0.426339
0.587236 0.473219
0.581808 0.473219
0.581808 0.464734
0.576834 0.464734
0.576834 0.461113
0.556649 0.461113
0.556649 0.453343
0.539026 0.453343
0.539026 0.486766
0.565708 0.486766
0.565708 0.793577
0.57094 0.793577
0.57094 0.536741
0.577104 0.536741
0.577104 0.513247
0.597406 0.513247
0.597406 0.55498
0.579614 0.55498
0.579614 0.714186
0.573939 0.714186
0.573939 0.779889
0.574757 0.779889
0.574757 0.80794
0.541963 0.80794
0.541963 0.838532
0.55143 0.838532
0.55143 0.847297
0.516269 0.847297
0.516269 0.842992
0.503825 0.842992
0.503825 0.895112
0.493582 0.895112
0.493582 0.893832
0.472038 0.893832
0.472038 0.845571
0.445589 0.845571
0.445589 0.888349
0.438141 0.888349
0.438141 0.881317
0.36878 0.881317
0.36878 0.889206
0.367918 0.889206
0.367918 0.931996
0.399293 0.931996
0.399293 0.919572
0.437136 0.919572
0.437136 0.939786
0.454282 0.939786
0.454282 0.962175
0.461488 0.962175
0.461488 0.972768
0.439714 0.972768
0.439714 0.974115
0.444743 0.974115
0.444743 0.984942
0.427657 0.984942
0.427657 0.944379
0.416372 0.944379
0.416372 0.989887
0.608209 0.989887
0.608209 0.990843
0.559199 0.990843
0.559199 0.9947
0.500548 0.9947
0.500548 1
