2048
0.0421664 1
0.0421664 0.999311
0.00370935 0.999311
0.00370935 0.950577
0.0056389 0.950577
0.0056389 0.995935
0.0106627 0.995935
0.0106627 0.97157
0.0143157 0.97157
0.0143157 0.807554
0.0125704 0.807554
0.0125704 0.66926
0.0110405 0.66926
0.0110405 0.680881
0.00696879 0.680881
0.00696879 0.631219
0.0106421 0.631219
0.0106421 0.653315
0.0152908 0.653315
0.0152908 0.873107
0.0157665 0.873107
0.0157665 0.747179
0.0184937 0.747179
0.0184937 0.513037
0.0121872 0.513037
0.0121872 0.541742
0.00596484 0.541742
0.00596484 0.499416
0.0187685 0.499416
0.0187685 0.763854
0.0195155 0.763854
0.0195155 0.588705
0.0188982 0.588705
0.0188982 0.454293
0.00834641 0.454293
0.00834641 0.496766
0.00530331 0.496766
0.00530331 0.490672
0.00303421 0.490672
0.00303421 0.48562
0.00557996 0.48562
0.00557996 0.44512
0.00262734 0.44512
0.00262734 0.4667
0 0.4667
0 0.443617
0.000266457 0.443617
0.000266457 0.40491
0.00399996 0.40491
0.00399996 0.419241
0.0112263 0.419241
0.0112263 0.446527
0.03324 0.446527
0.03324 0.506243
0.0328769 0.506243
0.0328769 0.564273
0.0327979 0.564273
0.0327979 0.562283
0.0232731 0.562283
0.0232731 0.549089
0.0194585 0.549089
0.0194585 0.582183
0.021927 0.582183
0.021927 0.568518
0.0294985 0.568518
0.0294985 0.57144
0.0237711 0.57144
0.0237711 0.58452
0.0260966 0.58452
0.0260966 0.597475
0.0217005 0.597475
0.0217005 0.885562
0.0195421 0.885562
0.0195421 0.918693
0.016892 0.918693
0.016892 0.997644
0.0451082 0.997644
0.0451082 0.994486
0.0406319 0.994486
0.0406319 0.993646
0.0374683 0.993646
0.0374683 0.992884
0.0456334 0.992884
0.0456334 0.981971
0.0447688 0.981971
0.0447688 0.952428
0.0437959 0.952428
0.0437959 0.973566
0.0441399 0.973566
0.0441399 0.99067
0.0411775 0.99067
0.0411775 0.977649
0.0426227 0.977649
0.0426227 0.934993
0.0399368 0.934993
0.0399368 0.946213
0.0364341 0.946213
0.0364341 0.939598
0.0349121 0.939598
0.0349121 0.832977
0.0375942 0.832977
0.0375942 0.928427
0.0540031 0.928427
0.0540031 0.862683
0.0485508 0.862683
0.0485508 0.533855
0.0487759 0.533855
0.0487759 0.767751
0.0489899 0.767751
0.0489899 0.850824
0.0690665 0.850824
0.0690665 0.848022
0.0752505 0.848022
0.0752505 0.883921
0.0758738 0.883921
0.0758738 0.782979
0.0733471 0.782979
0.0733471 0.52553
0.0725994 0.52553
0.0725994 0.501341
0.068218 0.501341
0.068218 0.691087
0.0635687 0.691087
0.0635687 0.692525
0.0582056 0.692525
0.0582056 0.738377
0.0732488 0.738377
0.0732488 0.738692
0.0633246 0.738692
0.0633246 0.751402
0.0547552 0.751402
0.0547552 0.717828
0.05358 0.717828
0.05358 0.628516
0.0596582 0.628516
0.0596582 0.572858
0.0531999 0.572858
0.0531999 0.514255
0.0626943 0.514255
0.0626943 0.637194
0.0633219 0.637194
0.0633219 0.669292
0.0595289 0.669292
0.0595289 0.684196
0.0640922 0.684196
0.0640922 0.616656
0.0640655 0.616656
0.0640655 0.588178
0.0679813 0.588178
0.0679813 0.510366
0.0572136 0.510366
0.0572136 0.464146
0.0611885 0.464146
0.0611885 0.460278
0.0524806 0.460278
0.0524806 0.458521
0.0493932 0.458521
0.0493932 0.455818
0.0436791 0.455818
0.0436791 0.449197
0.104564 0.449197
0.104564 0.455711
0.10714 0.455711
0.10714 0.454857
0.116123 0.454857
0.116123 0.438938
0.0803138 0.438938
0.0803138 0.440288
0.0473296 0.440288
0.0473296 0.436314
0.12274 0.436314
0.12274 0.42999
0.121509 0.42999
0.121509 0.42839
0.125431 0.42839
0.125431 0.425527
0.156295 0.425527
0.156295 0.425882
0.179223 0.425882
0.179223 0.417549
0.174072 0.417549
0.174072 0.419228
0.167965 0.419228
0.167965 0.417144
0.161082 0.417144
0.161082 0.415628
0.110849 0.415628
0.110849 0.322799
0.110197 0.322799
0.110197 0.306765
0.132856 0.306765
0.132856 0.301677
0.19566 0.301677
0.19566 0.302397
0.357684 0.302397
0.357684 0.303454
0.35212 0.303454
0.35212 0.303541
0.314641 0.303541
0.314641 0.308501
0.342705 0.308501
0.342705 0.309397
0.473568 0.309397
0.473568 0.284706
0.486695 0.284706
0.486695 0.280683
0.363656 0.280683
0.363656 0.296792
0.320002 0.296792
0.320002 0.289927
0.313339 0.289927
0.313339 0.289897
0.184853 0.289897
0.184853 0.287614
0.159887 0.287614
0.159887 0.292454
0.154307 0.292454
0.154307 0.264312
0.189833 0.264312
0.189833 0.265867
0.162547 0.265867
0.162547 0.281093
0.178215 0.281093
0.178215 0.284681
0.191658 0.284681
0.191658 0.285541
0.286557 0.285541
0.286557 0.286099
0.348255 0.286099
0.348255 0.2741
0.22486 0.2741
0.22486 0.260748
0.203943 0.260748
0.203943 0.260371
0.241348 0.260371
0.241348 0.256908
0.203473 0.256908
0.203473 0.260735
0.182723 0.260735
0.182723 0.253285
0.256921 0.253285
0.256921 0.27346
0.360766 0.27346
0.360766 0.279894
0.37178 0.279894
0.37178 0.252736
0.362936 0.252736
0.362936 0.258045
0.356742 0.258045
0.356742 0.2525
0.295882 0.2525
0.295882 0.251691
0.380777 0.251691
0.380777 0.257787
0.372564 0.257787
0.372564 0.277216
0.403701 0.277216
0.403701 0.275213
0.491169 0.275213
0.491169 0.273009
0.469979 0.273009
0.469979 0.266975
0.529101 0.266975
0.529101 0.299325
0.560676 0.299325
0.560676 0.298891
0.538976 0.298891
0.538976 0.297062
0.591111 0.297062
0.591111 0.30131
0.568412 0.30131
0.568412 0.301199
0.568644 0.301199
0.568644 0.299408
0.516859 0.299408
0.516859 0.29962
0.510935 0.29962
0.510935 0.320071
0.434586 0.320071
0.434586 0.315115
0.394302 0.315115
0.394302 0.310983
0.421613 0.310983
0.421613 0.310039
0.232724 0.310039
0.232724 0.31801
0.158663 0.31801
0.158663 0.316675
0.147888 0.316675
0.147888 0.308905
0.19687 0.308905
0.19687 0.308028
0.240545 0.308028
0.240545 0.304797
0.236286 0.304797
0.236286 0.302798
0.133414 0.302798
0.133414 0.316458
0.114915 0.316458
0.114915 0.31709
0.114305 0.31709
0.114305 0.342436
0.116216 0.342436
0.116216 0.326398
0.126491 0.326398
0.126491 0.353987
0.129076 0.353987
0.129076 0.394622
0.127435 0.394622
0.127435 0.373683
0.125268 0.373683
0.125268 0.371776
0.128935 0.371776
0.128935 0.357241
0.123314 0.357241
0.123314 0.405022
0.121227 0.405022
0.121227 0.387311
0.113373 0.387311
0.113373 0.405934
0.120014 0.405934
0.120014 0.408102
0.17567 0.408102
0.17567 0.40815
0.238343 0.40815
0.238343 0.355664
0.302788 0.355664
0.302788 0.362494
0.320471 0.362494
0.320471 0.322029
0.457914 0.322029
0.457914 0.320095
0.54986 0.320095
0.54986 0.330388
0.481596 0.330388
0.481596 0.328403
0.541348 0.328403
0.541348 0.32364
0.471744 0.32364
0.471744 0.323028
0.334493 0.323028
0.334493 0.393568
0.320422 0.393568
0.320422 0.394165
0.522823 0.394165
0.522823 0.390759
0.527797 0.390759
0.527797 0.390444
0.434672 0.390444
0.434672 0.376969
0.438671 0.376969
0.438671 0.384355
0.508304 0.384355
0.508304 0.38986
0.531769 0.38986
0.531769 0.388714
0.541581 0.388714
0.541581 0.373951
0.414326 0.373951
0.414326 0.379945
0.407007 0.379945
0.407007 0.369425
0.360188 0.369425
0.360188 0.364036
0.356253 0.364036
0.356253 0.344866
0.336964 0.344866
0.336964 0.356851
0.335234 0.356851
0.335234 0.331205
0.336795 0.331205
0.336795 0.332801
0.397181 0.332801
0.397181 0.345519
0.3575 0.345519
0.3575 0.334236
0.356328 0.334236
0.356328 0.359225
0.367768 0.359225
0.367768 0.367046
0.384043 0.367046
0.384043 0.347598
0.436156 0.347598
0.436156 0.368356
0.577326 0.368356
0.577326 0.366844
0.605156 0.366844
0.605156 0.365771
0.592117 0.365771
0.592117 0.365365
0.58963 0.365365
0.58963 0.362531
0.605938 0.362531
0.605938 0.330484
0.615705 0.330484
0.615705 0.349779
0.611284 0.349779
0.611284 0.365136
0.647353 0.365136
0.647353 0.367203
0.706601 0.367203
0.706601 0.380341
0.71391 0.380341
0.71391 0.381998
0.712407 0.381998
0.712407 0.398052
0.70656 0.398052
0.70656 0.392811
0.704886 0.392811
0.704886 0.420595
0.702867 0.420595
0.702867 0.449123
0.706699 0.449123
0.706699 0.472285
0.709438 0.472285
0.709438 0.488501
0.700018 0.488501
0.700018 0.487287
0.70175 0.487287
0.70175 0.414829
0.703576 0.414829
0.703576 0.405764
0.687624 0.405764
0.687624 0.412562
0.65745 0.412562
0.65745 0.421815
0.655986 0.421815
0.655986 0.52227
0.675813 0.52227
0.675813 0.51641
0.688557 0.51641
0.688557 0.497021
0.693726 0.497021
0.693726 0.518971
0.73286 0.518971
0.73286 0.510328
0.744678 0.510328
0.744678 0.465658
0.716883 0.465658
0.716883 0.463684
0.745682 0.463684
0.745682 0.494311
0.746846 0.494311
0.746846 0.461238
0.748617 0.461238
0.748617 0.494332
0.752035 0.494332
0.752035 0.599199
0.759717 0.599199
0.759717 0.655043
0.760935 0.655043
0.760935 0.728008
0.763199 0.728008
0.763199 0.767159
0.751696 0.767159
0.751696 0.728741
0.750736 0.728741
0.750736 0.639785
0.756664 0.639785
0.756664 0.619058
0.750856 0.619058
0.750856 0.494842
0.745786 0.494842
0.745786 0.528708
0.744108 0.528708
0.744108 0.828179
0.764725 0.828179
0.764725 0.803729
0.767846 0.803729
0.767846 0.83799
0.783825 0.83799
0.783825 0.724424
0.783069 0.724424
0.783069 0.716168
0.783927 0.716168
0.783927 0.701946
0.780823 0.701946
0.780823 0.802509
0.778096 0.802509
0.778096 0.591413
0.770549 0.591413
0.770549 0.512412
0.770835 0.512412
0.770835 0.522618
0.773417 0.522618
0.773417 0.515208
0.776306 0.515208
0.776306 0.503038
0.777039 0.503038
0.777039 0.583482
0.782109 0.583482
0.782109 0.547001
0.785755 0.547001
0.785755 0.743215
0.786464 0.743215
0.786464 0.70335
0.788306 0.70335
0.788306 0.588573
0.788332 0.588573
0.788332 0.78014
0.790008 0.78014
0.790008 0.792375
0.790034 0.792375
0.790034 0.576096
0.796164 0.576096
0.796164 0.579772
0.791888 0.579772
0.791888 0.851336
0.792695 0.851336
0.792695 0.776273
0.801504 0.776273
0.801504 0.806391
0.810922 0.806391
0.810922 0.828347
0.805153 0.828347
0.805153 0.875828
0.751825 0.875828
0.751825 0.881909
0.75091 0.881909
0.75091 0.880251
0.718007 0.880251
0.718007 0.859712
0.709473 0.859712
0.709473 0.869906
0.704739 0.869906
0.704739 0.852128
0.743775 0.852128
0.743775 0.856131
0.709405 0.856131
0.709405 0.856619
0.728442 0.856619
0.728442 0.869947
0.800074 0.869947
0.800074 0.861372
0.794038 0.861372
0.794038 0.851772
0.775782 0.851772
0.775782 0.851055
0.790003 0.851055
0.790003 0.846707
0.716946 0.846707
0.716946 0.807356
0.692447 0.807356
0.692447 0.817902
0.657559 0.817902
0.657559 0.818867
0.635532 0.818867
0.635532 0.823883
0.692757 0.823883
0.692757 0.899188
0.729018 0.899188
0.729018 0.905033
0.748411 0.905033
0.748411 0.906989
0.721569 0.906989
0.721569 0.907223
0.801671 0.907223
0.801671 0.904888
0.813782 0.904888
0.813782 0.912821
0.784389 0.912821
0.784389 0.914462
0.817676 0.914462
0.817676 0.892009
0.814171 0.892009
0.814171 0.891681
0.811354 0.891681
0.811354 0.884494
0.811305 0.884494
0.811305 0.77438
0.814511 0.77438
0.814511 0.817674
0.816523 0.817674
0.816523 0.866504
0.816764 0.866504
0.816764 0.728226
0.823256 0.728226
0.823256 0.671097
0.820232 0.671097
0.820232 0.570898
0.826964 0.570898
0.826964 0.566895
0.828171 0.566895
0.828171 0.325438
0.850827 0.325438
0.850827 0.322867
0.843013 0.322867
0.843013 0.322347
0.84151 0.322347
0.84151 0.290918
0.867514 0.290918
0.867514 0.246503
0.871886 0.246503
0.871886 0.245804
0.875886 0.245804
0.875886 0.245776
0.891773 0.245776
0.891773 0.231239
0.880418 0.231239
0.880418 0.208594
0.879897 0.208594
0.879897 0.236008
0.878564 0.236008
0.878564 0.192758
0.865977 0.192758
0.865977 0.203487
0.801947 0.203487
0.801947 0.209695
0.864833 0.209695
0.864833 0.211997
0.796527 0.211997
0.796527 0.228378
0.688953 0.228378
0.688953 0.230386
0.640901 0.230386
0.640901 0.227992
0.616895 0.227992
0.616895 0.227379
0.272697 0.227379
0.272697 0.226496
0.228566 0.226496
0.228566 0.22644
0.394351 0.22644
0.394351 0.226605
0.769145 0.226605
0.769145 0.224473
0.752072 0.224473
0.752072 0.217627
0.765058 0.217627
0.765058 0.209404
0.66169 0.209404
0.66169 0.214009
0.617424 0.214009
0.617424 0.207006
0.698072 0.207006
0.698072 0.205437
0.797996 0.205437
0.797996 0.202606
0.745103 0.202606
0.745103 0.203826
0.470384 0.203826
0.470384 0.204665
0.4234 0.204665
0.4234 0.205971
0.397935 0.205971
0.397935 0.194914
0.238518 0.194914
0.238518 0.199829
0.236312 0.199829
0.236312 0.194568
0.232629 0.194568
0.232629 0.191886
0.167034 0.191886
0.167034 0.216578
0.150243 0.216578
0.150243 0.219112
0.176104 0.219112
0.176104 0.222364
0.208566 0.222364
0.208566 0.220687
0.224232 0.220687
0.224232 0.23865
0.197647 0.23865
0.197647 0.248326
0.194942 0.248326
0.194942 0.24156
0.138495 0.24156
0.138495 0.116592
0.0476276 0.116592
0.0476276 0.115275
0.0474482 0.115275
0.0474482 0.0979319
0.10465 0.0979319
0.10465 0.0896664
0.0491597 0.0896664
0.0491597 0.080113
0.0946409 0.080113
0.0946409 0.0699661
0.0679786 0.0699661
0.0679786 0.0605684
0.106621 0.0605684
0.106621 0.039224
0.100296 0.039224
0.100296 0.0388055
0.109069 0.0388055
0.109069 0.0897688
0.11447 0.0897688
0.11447 0.101947
0.0784949 0.101947
0.0784949 0.102391
0.0534173 0.102391
0.0534173 0.109119
0.133573 0.109119
0.133573 0.101834
0.135088 0.101834
0.135088 0.107911
0.144334 0.107911
0.144334 0.105393
0.152679 0.105393
0.152679 0.100485
0.151744 0.100485
0.151744 0.0457468
0.15321 0.0457468
0.15321 0.0441445
0.154411 0.0441445
0.154411 0.0226332
0.154801 0.0226332
0.154801 0.0160163
0.185251 0.0160163
0.185251 0.0271769
0.15655 0.0271769
0.15655 0.0383337
0.154467 0.0383337
0.154467 0.0815326
0.153038 0.0815326
0.153038 0.103717
0.159939 0.103717
0.159939 0.084001
0.175775 0.084001
0.175775 0.0779059
0.170253 0.0779059
0.170253 0.0595705
0.186035 0.0595705
0.186035 0.0692073
0.193765 0.0692073
0.193765 0.0655721
0.189348 0.0655721
0.189348 0.056359
0.20011 0.056359
0.20011 0.0425973
0.199783 0.0425973
0.199783 0.0444278
0.190722 0.0444278
0.190722 0.039889
0.213993 0.039889
0.213993 0.045915
0.303964 0.045915
0.303964 0.043736
0.327257 0.043736
0.327257 0.0445299
0.319747 0.0445299
0.319747 0.0530605
0.248334 0.0530605
0.248334 0.057809
0.24478 0.057809
0.24478 0.0546424
0.207965 0.0546424
0.207965 0.0669656
0.452809 0.0669656
0.452809 0.0680411
0.493736 0.0680411
0.493736 0.0624889
0.597884 0.0624889
0.597884 0.0363133
0.581885 0.0363133
0.581885 0.0355554
0.566447 0.0355554
0.566447 0.0318402
0.612344 0.0318402
0.612344 0.0260414
0.563561 0.0260414
0.563561 0.0268934
0.557862 0.0268934
0.557862 0.0390008
0.544675 0.0390008
0.544675 0.0250911
0.590637 0.0250911
0.590637 0.0212593
0.59219 0.0212593
0.59219 0.0204709
0.576092 0.0204709
0.576092 0.0155852
0.405296 0.0155852
0.405296 0.0132719
0.425828 0.0132719
0.425828 0.0121088
0.466044 0.0121088
0.466044 0.00438092
0.710081 0.00438092
0.710081 0.00338129
0.813274 0.00338129
0.813274 0.00502982
0.691127 0.00502982
0.691127 0.00671576
0.729431 0.00671576
0.729431 0.00932566
0.876142 0.00932566
0.876142 0.0159667
0.867231 0.0159667
0.867231 0.019435
0.894734 0.019435
0.894734 0.0217913
0.841442 0.0217913
0.841442 0.0233061
0.80064 0.0233061
0.80064 0.0302993
0.617438 0.0302993
0.617438 0.020286
0.689283 0.020286
0.689283 0.0193552
0.725126 0.0193552
0.725126 0.0244322
0.698209 0.0244322
0.698209 0.026694
0.770425 0.026694
0.770425 0.0184242
0.823809 0.0184242
0.823809 0.0115942
0.667676 0.0115942
0.667676 0.0057005
0.567849 0.0057005
0.567849 0.00709943
0.593509 0.00709943
0.593509 0.0118768
0.559785 0.0118768
0.559785 0.00681884
0.468671 0.00681884
0.468671 0.0145696
0.615458 0.0145696
0.615458 0.0415888
0.598525 0.0415888
0.598525 0.0721811
0.574105 0.0721811
0.574105 0.0768169
0.521933 0.0768169
0.521933 0.0764178
0.573912 0.0764178
0.573912 0.0741858
0.29959 0.0741858
0.29959 0.074453
0.197573 0.074453
0.197573 0.0763531
0.354119 0.0763531
0.354119 0.0867173
0.360022 0.0867173
0.360022 0.0910745
0.3245 0.0910745
0.3245 0.0801557
0.233143 0.0801557
0.233143 0.0851969
0.166261 0.0851969
0.166261 0.107622
0.15764 0.107622
0.15764 0.109092
0.14022 0.109092
0.14022 0.120682
0.146202 0.120682
0.146202 0.112102
0.149582 0.112102
0.149582 0.119641
0.146867 0.119641
0.146867 0.130882
0.140588 0.130882
0.140588 0.176321
0.142991 0.176321
0.142991 0.186414
0.142627 0.186414
0.142627 0.213428
0.144497 0.213428
0.144497 0.233774
0.145318 0.233774
0.145318 0.238611
0.196749 0.238611
0.196749 0.238198
0.186871 0.238198
0.186871 0.236619
0.187683 0.236619
0.187683 0.235815
0.199068 0.235815
0.199068 0.224654
0.198697 0.224654
0.198697 0.223646
0.149868 0.223646
0.149868 0.204803
0.151633 0.204803
0.151633 0.190943
0.226648 0.190943
0.226648 0.190795
0.38701 0.190795
0.38701 0.181896
0.388704 0.181896
0.388704 0.176398
0.404082 0.176398
0.404082 0.160378
0.462674 0.160378
0.462674 0.176011
0.513586 0.176011
0.513586 0.153689
0.523188 0.153689
0.523188 0.181361
0.523701 0.181361
0.523701 0.151463
0.424128 0.151463
0.424128 0.144746
0.366405 0.144746
0.366405 0.138065
0.341775 0.138065
0.341775 0.142101
0.329449 0.142101
0.329449 0.13395
0.339951 0.13395
0.339951 0.133537
0.442669 0.133537
0.442669 0.131562
0.4648 0.131562
0.4648 0.123241
0.400618 0.123241
0.400618 0.121382
0.5335 0.121382
0.5335 0.12157
0.510051 0.12157
0.510051 0.12676
0.57275 0.12676
0.57275 0.122235
0.593184 0.122235
0.593184 0.124166
0.597414 0.124166
0.597414 0.129296
0.692535 0.129296
0.692535 0.125602
0.770092 0.125602
0.770092 0.128432
0.837588 0.128432
0.837588 0.134002
0.895336 0.134002
0.895336 0.176781
0.893404 0.176781
0.893404 0.167799
0.889849 0.167799
0.889849 0.162834
0.869559 0.162834
0.869559 0.173247
0.748899 0.173247
0.748899 0.148717
0.617221 0.148717
0.617221 0.134815
0.623067 0.134815
0.623067 0.145651
0.697707 0.145651
0.697707 0.138842
0.729687 0.138842
0.729687 0.130852
0.742375 0.130852
0.742375 0.140516
0.76687 0.140516
0.76687 0.158687
0.76542 0.158687
0.76542 0.15959
0.871846 0.15959
0.871846 0.150326
0.818975 0.150326
0.818975 0.129774
0.709404 0.129774
0.709404 0.130227
0.508433 0.130227
0.508433 0.124934
0.486509 0.124934
0.486509 0.131195
0.539863 0.131195
0.539863 0.178625
0.539162 0.178625
0.539162 0.182223
0.462438 0.182223
0.462438 0.182855
0.910074 0.182855
0.910074 0.0956564
0.907301 0.0956564
0.907301 0.176881
0.909195 0.176881
0.909195 0.177556
0.904421 0.177556
0.904421 0.120278
0.903242 0.120278
0.903242 0.0745222
0.904217 0.0745222
0.904217 0.0534396
0.898372 0.0534396
0.898372 0.0434671
0.927752 0.0434671
0.927752 0.0475328
0.929618 0.0475328
0.929618 0.05387
0.932265 0.05387
0.932265 0.0417927
0.938224 0.0417927
0.938224 0.0415053
0.939855 0.0415053
0.939855 0.00705023
0.955251 0.00705023
0.955251 0
1 0
1 0.0032357
0.995771 0.0032357
0.995771 0.0174118
0.993581 0.0174118
0.993581 0.0224772
0.994827 0.0224772
0.994827 0.171712
0.989588 0.171712
0.989588 0.174805
0.983428 0.174805
0.983428 0.216592
0.999957 0.216592
0.999957 0.248099
0.994196 0.248099
0.994196 0.245397
0.980569 0.245397
0.980569 0.231314
0.960127 0.231314
0.960127 0.188255
0.962573 0.188255
0.962573 0.181736
0.96363 0.181736
0.96363 0.159459
0.961428 0.159459
0.961428 0.151165
0.962372 0.151165
0.962372 0.114026
0.963017 0.114026
0.963017 0.148092
0.966751 0.148092
0.966751 0.213775
0.974011 0.213775
0.974011 0.212524
0.979241 0.212524
0.979241 0.202153
0.968046 0.202153
0.968046 0.0852928
0.977877 0.0852928
0.977877 0.112651
0.975254 0.112651
0.975254 0.179772
0.974331 0.179772
0.974331 0.104648
0.970122 0.104648
0.970122 0.148158
0.970356 0.148158
0.970356 0.182943
0.970668 0.182943
0.970668 0.188452
0.974065 0.188452
0.974065 0.197581
0.979382 0.197581
0.979382 0.224872
0.983143 0.224872
0.983143 0.22399
0.980568 0.22399
0.980568 0.223742
0.980832 0.223742
0.980832 0.14792
0.981663 0.14792
0.981663 0.159642
0.990553 0.159642
0.990553 0.112003
0.987696 0.112003
0.987696 0.0487044
0.990663 0.0487044
0.990663 0.139521
0.993184 0.139521
0.993184 0.00490133
0.982733 0.00490133
0.982733 0.0250173
0.979483 0.0250173
0.979483 0.00714936
0.947242 0.00714936
0.947242 0.0360267
0.94661 0.0360267
0.94661 0.0471267
0.942677 0.0471267
0.942677 0.0584814
0.937559 0.0584814
0.937559 0.0547425
0.92767 0.0547425
0.92767 0.0639082
0.935131 0.0639082
0.935131 0.0668289
0.918004 0.0668289
0.918004 0.0978543
0.937808 0.0978543
0.937808 0.101136
0.93602 0.101136
0.93602 0.112715
0.946174 0.112715
0.946174 0.190103
0.946518 0.190103
0.946518 0.248418
0.942762 0.248418
0.942762 0.16644
0.942641 0.16644
0.942641 0.121627
0.928666 0.121627
0.928666 0.195205
0.930917 0.195205
0.930917 0.204879
0.932427 0.204879
0.932427 0.229384
0.936752 0.229384
0.936752 0.233308
0.934816 0.233308
0.934816 0.276331
0.934035 0.276331
0.934035 0.367501
0.929936 0.367501
0.929936 0.366389
0.913748 0.366389
0.913748 0.399102
0.922071 0.399102
0.922071 0.439829
0.919464 0.439829
0.919464 0.399702
0.911791 0.399702
0.911791 0.354422
0.915265 0.354422
0.915265 0.294748
0.927674 0.294748
0.927674 0.363912
0.930538 0.363912
0.930538 0.34591
0.932561 0.34591
0.932561 0.259207
0.932764 0.259207
0.932764 0.234619
0.903174 0.234619
0.903174 0.217609
0.901034 0.217609
0.901034 0.204828
0.918286 0.204828
0.918286 0.184059
0.751115 0.184059
0.751115 0.186337
0.568274 0.186337
0.568274 0.184737
0.460977 0.184737
0.460977 0.178447
0.447596 0.178447
0.447596 0.167252
0.444904 0.167252
0.444904 0.17456
0.440341 0.17456
0.440341 0.166954
0.420784 0.166954
0.420784 0.175713
0.42186 0.175713
0.42186 0.180498
0.412592 0.180498
0.412592 0.187054
0.402074 0.187054
0.402074 0.202052
0.76421 0.202052
0.76421 0.197718
0.764006 0.197718
0.764006 0.199542
0.561759 0.199542
0.561759 0.197156
0.549769 0.197156
0.549769 0.189346
0.880778 0.189346
0.880778 0.225967
0.889763 0.225967
0.889763 0.230051
0.892576 0.230051
0.892576 0.246062
0.890284 0.246062
0.890284 0.26263
0.874552 0.26263
0.874552 0.294089
0.871652 0.294089
0.871652 0.301512
0.87568 0.301512
0.87568 0.471538
0.873559 0.471538
0.873559 0.331784
0.8307 0.331784
0.8307 0.648257
0.821437 0.648257
0.821437 0.669079
0.833634 0.669079
0.833634 0.33327
0.840718 0.33327
0.840718 0.422649
0.833792 0.422649
0.833792 0.806368
0.827707 0.806368
0.827707 0.815867
0.833835 0.815867
0.833835 0.818223
0.842501 0.818223
0.842501 0.812336
0.850165 0.812336
0.850165 0.79707
0.850493 0.79707
0.850493 0.813451
0.853071 0.813451
0.853071 0.80496
0.851366 0.80496
0.851366 0.574649
0.858943 0.574649
0.858943 0.563999
0.858329 0.563999
0.858329 0.537924
0.849877 0.537924
0.849877 0.366506
0.864557 0.366506
0.864557 0.353469
0.865731 0.353469
0.865731 0.3832
0.870493 0.3832
0.870493 0.443756
0.864882 0.443756
0.864882 0.46021
0.861825 0.46021
0.861825 0.449031
0.862447 0.449031
0.862447 0.409575
0.853912 0.409575
0.853912 0.505444
0.856232 0.505444
0.856232 0.506623
0.859793 0.506623
0.859793 0.485801
0.85774 0.485801
0.85774 0.470425
0.856569 0.470425
0.856569 0.468929
0.866577 0.468929
0.866577 0.472999
0.861798 0.472999
0.861798 0.580942
0.853907 0.580942
0.853907 0.838771
0.828426 0.838771
0.828426 0.847917
0.849548 0.847917
0.849548 0.89913
0.847096 0.89913
0.847096 0.897324
0.827277 0.897324
0.827277 0.862727
0.82628 0.862727
0.82628 0.78451
0.826134 0.78451
0.826134 0.768814
0.828773 0.768814
0.828773 0.732793
0.820833 0.732793
0.820833 0.76182
0.817764 0.76182
0.817764 0.913177
0.842913 0.913177
0.842913 0.916349
0.80699 0.916349
0.80699 0.919038
0.796821 0.919038
0.796821 0.916275
0.789628 0.916275
0.789628 0.921246
0.798473 0.921246
0.798473 0.922697
0.78833 0.922697
0.78833 0.915898
0.719082 0.915898
0.719082 0.911667
0.701657 0.911667
0.701657 0.90107
0.69065 0.90107
0.69065 0.870123
0.690563 0.870123
0.690563 0.876862
0.66042 0.876862
0.66042 0.837274
0.679048 0.837274
0.679048 0.831556
0.626428 0.831556
0.626428 0.859654
0.628207 0.859654
0.628207 0.868301
0.63534 0.868301
0.63534 0.881852
0.625543 0.881852
0.625543 0.835302
0.623108 0.835302
0.623108 0.813007
0.616758 0.813007
0.616758 0.798828
0.614925 0.798828
0.614925 0.79696
0.60858 0.79696
0.60858 0.793653
0.605397 0.793653
0.605397 0.931607
0.5961 0.931607
0.5961 0.980593
0.590605 0.980593
0.590605 0.980774
0.581529 0.980774
0.581529 0.973389
0.575438 0.973389
0.575438 0.964459
0.410658 0.964459
0.410658 0.964579
0.541215 0.964579
0.541215 0.965249
0.467077 0.965249
0.467077 0.972231
0.461099 0.972231
0.461099 0.965764
0.403563 0.965764
0.403563 0.987692
0.417925 0.987692
0.417925 0.987903
0.429427 0.987903
0.429427 0.98898
0.492801 0.98898
0.492801 0.986297
0.496852 0.986297
0.496852 0.98922
0.438057 0.98922
0.438057 0.990229
0.42553 0.990229
0.42553 0.991989
0.397775 0.991989
0.397775 0.964286
0.58955 0.964286
0.58955 0.962686
0.592802 0.962686
0.592802 0.957759
0.47001 0.957759
0.47001 0.955687
0.479402 0.955687
0.479402 0.954351
0.499225 0.954351
0.499225 0.956684
0.545326 0.956684
0.545326 0.953655
0.389402 0.953655
0.389402 0.930384
0.384558 0.930384
0.384558 0.946702
0.382198 0.946702
0.382198 0.837393
0.384091 0.837393
0.384091 0.825358
0.3786 0.825358
0.3786 0.854257
0.379563 0.854257
0.379563 0.943433
0.298329 0.943433
0.298329 0.95041
0.301009 0.95041
0.301009 0.952693
0.289054 0.952693
0.289054 0.96596
0.286932 0.96596
0.286932 0.956477
0.273864 0.956477
0.273864 0.955713
0.25099 0.955713
0.25099 0.948893
0.245916 0.948893
0.245916 0.948613
0.233618 0.948613
0.233618 0.948262
0.22228 0.948262
0.22228 0.94503
0.246732 0.94503
0.246732 0.944065
0.269873 0.944065
0.269873 0.934478
0.306846 0.934478
0.306846 0.940071
0.315059 0.940071
0.315059 0.941783
0.318696 0.941783
0.318696 0.92953
0.315378 0.92953
0.315378 0.934067
0.271691 0.934067
0.271691 0.925868
0.232814 0.925868
0.232814 0.927791
0.215914 0.927791
0.215914 0.933941
0.201101 0.933941
0.201101 0.907261
0.210978 0.907261
0.210978 0.885102
0.199441 0.885102
0.199441 0.840822
0.204641 0.840822
0.204641 0.870898
0.201091 0.870898
0.201091 0.878403
0.211412 0.878403
0.211412 0.879901
0.21373 0.879901
0.21373 0.880685
0.219193 0.880685
0.219193 0.909943
0.23653 0.909943
0.23653 0.897556
0.270046 0.897556
0.270046 0.88619
0.251774 0.88619
0.251774 0.884169
0.242449 0.884169
0.242449 0.854029
0.245202 0.854029
0.245202 0.873993
0.2583 0.873993
0.2583 0.83812
0.275531 0.83812
0.275531 0.853673
0.278872 0.853673
0.278872 0.821064
0.277297 0.821064
0.277297 0.796918
0.257 0.796918
0.257 0.798579
0.228136 0.798579
0.228136 0.791196
0.267889 0.791196
0.267889 0.779541
0.238835 0.779541
0.238835 0.779314
0.232977 0.779314
0.232977 0.776893
0.282238 0.776893
0.282238 0.899901
0.285921 0.899901
0.285921 0.898908
0.310502 0.898908
0.310502 0.888675
0.310821 0.888675
0.310821 0.911868
0.29651 0.911868
0.29651 0.910467
0.201176 0.910467
0.201176 0.913939
0.210049 0.913939
0.210049 0.924223
0.276896 0.924223
0.276896 0.916063
0.281716 0.916063
0.281716 0.926833
0.330973 0.926833
0.330973 0.927124
0.319275 0.927124
0.319275 0.927215
0.332795 0.927215
0.332795 0.926959
0.33853 0.926959
0.33853 0.933647
0.377294 0.933647
0.377294 0.91528
0.369919 0.91528
0.369919 0.897536
0.375363 0.897536
0.375363 0.895189
0.376946 0.895189
0.376946 0.887872
0.374811 0.887872
0.374811 0.832247
0.36505 0.832247
0.36505 0.859029
0.362435 0.859029
0.362435 0.881582
0.357584 0.881582
0.357584 0.78852
0.359268 0.78852
0.359268 0.848507
0.364604 0.848507
0.364604 0.805725
0.372655 0.805725
0.372655 0.82771
0.374337 0.82771
0.374337 0.810156
0.385553 0.810156
0.385553 0.886156
0.389673 0.886156
0.389673 0.848833
0.391668 0.848833
0.391668 0.952808
0.58653 0.952808
0.58653 0.954915
0.593569 0.954915
0.593569 0.94638
0.595999 0.94638
0.595999 0.926294
0.59647 0.926294
0.59647 0.917718
0.597083 0.917718
0.597083 0.921546
0.6045 0.921546
0.6045 0.790096
0.612741 0.790096
0.612741 0.788934
0.615855 0.788934
0.615855 0.779921
0.643112 0.779921
0.643112 0.785926
0.620575 0.785926
0.620575 0.790403
0.618123 0.790403
0.618123 0.809601
0.641459 0.809601
0.641459 0.806261
0.648778 0.806261
0.648778 0.806314
0.72862 0.806314
0.72862 0.822599
0.720629 0.822599
0.720629 0.831973
0.729715 0.831973
0.729715 0.837303
0.743236 0.837303
0.743236 0.575067
0.735089 0.575067
0.735089 0.706652
0.733725 0.706652
0.733725 0.776764
0.741911 0.776764
0.741911 0.614076
0.742373 0.614076
0.742373 0.764576
0.743194 0.764576
0.743194 0.794689
0.742379 0.794689
0.742379 0.784443
0.724824 0.784443
0.724824 0.761418
0.727656 0.761418
0.727656 0.612967
0.726261 0.612967
0.726261 0.535276
0.698184 0.535276
0.698184 0.570846
0.697602 0.570846
0.697602 0.572936
0.664364 0.572936
0.664364 0.65049
0.67071 0.65049
0.67071 0.594316
0.684663 0.594316
0.684663 0.647204
0.68494 0.647204
0.68494 0.76265
0.646792 0.76265
0.646792 0.764037
0.635175 0.764037
0.635175 0.775633
0.504997 0.775633
0.504997 0.772296
0.515354 0.772296
0.515354 0.771469
0.620546 0.771469
0.620546 0.766225
0.63079 0.766225
0.63079 0.771793
0.63434 0.771793
0.63434 0.753181
0.634937 0.753181
0.634937 0.747861
0.607055 0.747861
0.607055 0.746767
0.638568 0.746767
0.638568 0.753747
0.674255 0.753747
0.674255 0.74489
0.589222 0.74489
0.589222 0.765071
0.580337 0.765071
0.580337 0.763819
0.58849 0.763819
0.58849 0.746259
0.552207 0.746259
0.552207 0.724133
0.543858 0.724133
0.543858 0.714941
0.565492 0.714941
0.565492 0.70955
0.568135 0.70955
0.568135 0.708385
0.493118 0.708385
0.493118 0.685658
0.471742 0.685658
0.471742 0.673995
0.501586 0.673995
0.501586 0.676533
0.5051 0.676533
0.5051 0.670493
0.48416 0.670493
0.48416 0.669804
0.463076 0.669804
0.463076 0.665527
0.455155 0.665527
0.455155 0.69104
0.450612 0.69104
0.450612 0.758221
0.448052 0.758221
0.448052 0.659118
0.453084 0.659118
0.453084 0.657853
0.445587 0.657853
0.445587 0.61865
0.440328 0.61865
0.440328 0.58371
0.444333 0.58371
0.444333 0.581084
0.436103 0.581084
0.436103 0.609504
0.421566 0.609504
0.421566 0.64475
0.418534 0.64475
0.418534 0.610461
0.363648 0.610461
0.363648 0.622036
0.373442 0.622036
0.373442 0.642057
0.355962 0.642057
0.355962 0.708583
0.359917 0.708583
0.359917 0.689854
0.364646 0.689854
0.364646 0.713449
0.378166 0.713449
0.378166 0.668667
0.387248 0.668667
0.387248 0.672975
0.382411 0.672975
0.382411 0.725583
0.296592 0.725583
0.296592 0.721189
0.310555 0.721189
0.310555 0.719117
0.245361 0.719117
0.245361 0.714662
0.233681 0.714662
0.233681 0.712225
0.208629 0.712225
0.208629 0.58741
0.212862 0.58741
0.212862 0.609686
0.21386 0.609686
0.21386 0.536162
0.22158 0.536162
0.22158 0.573461
0.215287 0.573461
0.215287 0.621106
0.214772 0.621106
0.214772 0.61542
0.210538 0.61542
0.210538 0.667786
0.20931 0.667786
0.20931 0.694667
0.212142 0.694667
0.212142 0.681689
0.238387 0.681689
0.238387 0.679619
0.268871 0.679619
0.268871 0.682383
0.293054 0.682383
0.293054 0.68627
0.300669 0.68627
0.300669 0.694046
0.226613 0.694046
0.226613 0.687516
0.218522 0.687516
0.218522 0.695204
0.343958 0.695204
0.343958 0.695337
0.346463 0.695337
0.346463 0.696527
0.209376 0.696527
0.209376 0.709576
0.247622 0.709576
0.247622 0.715963
0.326424 0.715963
0.326424 0.717653
0.355246 0.717653
0.355246 0.628795
0.34825 0.628795
0.34825 0.644971
0.345778 0.644971
0.345778 0.628269
0.3594 0.628269
0.3594 0.624812
0.315873 0.624812
0.315873 0.51234
0.316062 0.51234
0.316062 0.509441
0.320106 0.509441
0.320106 0.571414
0.321186 0.571414
0.321186 0.623867
0.34138 0.623867
0.34138 0.587901
0.329175 0.587901
0.329175 0.544705
0.333381 0.544705
0.333381 0.556277
0.335957 0.556277
0.335957 0.568832
0.346172 0.568832
0.346172 0.619441
0.342993 0.619441
0.342993 0.622455
0.351716 0.622455
0.351716 0.612252
0.350763 0.612252
0.350763 0.596664
0.354278 0.596664
0.354278 0.597109
0.413774 0.597109
0.413774 0.582298
0.393617 0.582298
0.393617 0.583295
0.352963 0.583295
0.352963 0.593093
0.348275 0.593093
0.348275 0.564028
0.347021 0.564028
0.347021 0.549103
0.397129 0.549103
0.397129 0.556443
0.424561 0.556443
0.424561 0.558768
0.394777 0.558768
0.394777 0.562966
0.355545 0.562966
0.355545 0.580602
0.524856 0.580602
0.524856 0.579562
0.490016 0.579562
0.490016 0.575675
0.483674 0.575675
0.483674 0.569046
0.492535 0.569046
0.492535 0.579204
0.516221 0.579204
0.516221 0.571278
0.528182 0.571278
0.528182 0.575248
0.53097 0.575248
0.53097 0.568366
0.531358 0.568366
0.531358 0.575905
0.555482 0.575905
0.555482 0.583445
0.534986 0.583445
0.534986 0.587192
0.505174 0.587192
0.505174 0.587783
0.442377 0.587783
0.442377 0.594851
0.523094 0.594851
0.523094 0.595335
0.499926 0.595335
0.499926 0.595561
0.60158 0.595561
0.60158 0.60145
0.551373 0.60145
0.551373 0.637119
0.552402 0.637119
0.552402 0.655378
0.613741 0.655378
0.613741 0.654881
0.581697 0.654881
0.581697 0.645663
0.577828 0.645663
0.577828 0.6364
0.565669 0.6364
0.565669 0.622848
0.555564 0.622848
0.555564 0.62173
0.591923 0.62173
0.591923 0.653787
0.610713 0.653787
0.610713 0.652651
0.627702 0.652651
0.627702 0.656504
0.535064 0.656504
0.535064 0.645254
0.546995 0.645254
0.546995 0.60837
0.534837 0.60837
0.534837 0.607172
0.529126 0.607172
0.529126 0.639821
0.525529 0.639821
0.525529 0.637863
0.525325 0.637863
0.525325 0.621488
0.528215 0.621488
0.528215 0.6189
0.489595 0.6189
0.489595 0.596285
0.453418 0.596285
0.453418 0.628552
0.447544 0.628552
0.447544 0.615819
0.447156 0.615819
0.447156 0.62998
0.452874 0.62998
0.452874 0.653651
0.447136 0.653651
0.447136 0.656796
0.516343 0.656796
0.516343 0.676961
0.505967 0.676961
0.505967 0.701317
0.533736 0.701317
0.533736 0.701594
0.539719 0.701594
0.539719 0.69742
0.580773 0.69742
0.580773 0.712302
0.566035 0.712302
0.566035 0.735495
0.563012 0.735495
0.563012 0.745963
0.582309 0.745963
0.582309 0.7388
0.674992 0.7388
0.674992 0.737466
0.648936 0.737466
0.648936 0.71145
0.652438 0.71145
0.652438 0.688072
0.654333 0.688072
0.654333 0.73409
0.67969 0.73409
0.67969 0.722131
0.656948 0.722131
0.656948 0.657079
0.645021 0.657079
0.645021 0.656526
0.648453 0.656526
0.648453 0.638961
0.662083 0.638961
0.662083 0.69491
0.663186 0.69491
0.663186 0.572853
0.696591 0.572853
0.696591 0.567944
0.697828 0.567944
0.697828 0.556118
0.662799 0.556118
0.662799 0.554463
0.655364 0.554463
0.655364 0.509668
0.654823 0.509668
0.654823 0.539002
0.64921 0.539002
0.64921 0.418335
0.655774 0.418335
0.655774 0.376657
0.643697 0.376657
0.643697 0.370174
0.417318 0.370174
0.417318 0.372247
0.561503 0.372247
0.561503 0.394647
0.622462 0.394647
0.622462 0.385086
0.640322 0.385086
0.640322 0.423456
0.638597 0.423456
0.638597 0.461543
0.633484 0.461543
0.633484 0.471893
0.633204 0.471893
0.633204 0.487958
0.594172 0.487958
0.594172 0.488242
0.530428 0.488242
0.530428 0.488636
0.486104 0.488636
0.486104 0.4849
0.543883 0.4849
0.543883 0.482498
0.485283 0.482498
0.485283 0.522914
0.498295 0.522914
0.498295 0.527452
0.504104 0.527452
0.504104 0.531653
0.467807 0.531653
0.467807 0.514944
0.479595 0.514944
0.479595 0.470165
0.418986 0.470165
0.418986 0.477535
0.421044 0.477535
0.421044 0.501333
0.417658 0.501333
0.417658 0.494503
0.409237 0.494503
0.409237 0.480627
0.417258 0.480627
0.417258 0.469123
0.462716 0.469123
0.462716 0.468396
0.432435 0.468396
0.432435 0.464957
0.46336 0.464957
0.46336 0.469167
0.54975 0.469167
0.54975 0.469775
0.536962 0.469775
0.536962 0.477265
0.514683 0.477265
0.514683 0.481899
0.528859 0.481899
0.528859 0.482453
0.614348 0.482453
0.614348 0.487061
0.630259 0.487061
0.630259 0.457574
0.626858 0.457574
0.626858 0.403402
0.626896 0.403402
0.626896 0.395762
0.463405 0.395762
0.463405 0.394335
0.310825 0.394335
0.310825 0.395793
0.45697 0.395793
0.45697 0.397619
0.405465 0.397619
0.405465 0.398266
0.30972 0.398266
0.30972 0.385392
0.295823 0.385392
0.295823 0.372609
0.271718 0.372609
0.271718 0.365472
0.264952 0.365472
0.264952 0.356351
0.243366 0.356351
0.243366 0.393463
0.27198 0.393463
0.27198 0.426067
0.229037 0.426067
0.229037 0.424874
0.22583 0.424874
0.22583 0.417622
0.195147 0.417622
0.195147 0.41721
0.222637 0.41721
0.222637 0.415835
0.265232 0.415835
0.265232 0.410024
0.187599 0.410024
0.187599 0.424142
0.189893 0.424142
0.189893 0.427072
0.184026 0.427072
0.184026 0.43414
0.13689 0.43414
0.13689 0.440221
0.136628 0.440221
0.136628 0.443366
0.136466 0.443366
0.136466 0.447281
0.132453 0.447281
0.132453 0.450129
0.128531 0.450129
0.128531 0.44786
0.123222 0.44786
0.123222 0.443404
0.119345 0.443404
0.119345 0.442495
0.117271 0.442495
0.117271 0.456842
0.115034 0.456842
0.115034 0.456292
0.0894914 0.456292
0.0894914 0.457421
0.0820594 0.457421
0.0820594 0.467152
0.0794719 0.467152
0.0794719 0.481184
0.068009 0.481184
0.068009 0.491316
0.0786578 0.491316
0.0786578 0.760701
0.0775527 0.760701
0.0775527 0.766953
0.0801751 0.766953
0.0801751 0.791262
0.083724 0.791262
0.083724 0.805037
0.0865297 0.805037
0.0865297 0.729222
0.0968567 0.729222
0.0968567 0.691348
0.0892096 0.691348
0.0892096 0.639151
0.09603 0.639151
0.09603 0.628523
0.0807058 0.628523
0.0807058 0.515462
0.111179 0.515462
0.111179 0.559625
0.106169 0.559625
0.106169 0.564938
0.115136 0.564938
0.115136 0.565774
0.102872 0.565774
0.102872 0.553204
0.110392 0.553204
0.110392 0.515481
0.086144 0.515481
0.086144 0.528361
0.0999597 0.528361
0.0999597 0.532251
0.102521 0.532251
0.102521 0.565831
0.0884964 0.565831
0.0884964 0.62744
0.0993203 0.62744
0.0993203 0.74508
0.0890447 0.74508
0.0890447 0.872607
0.0849142 0.872607
0.0849142 0.832316
0.0761857 0.832316
0.0761857 0.875345
0.0776841 0.875345
0.0776841 0.890397
0.0555021 0.890397
0.0555021 0.919686
0.0608224 0.919686
0.0608224 0.942446
0.0576947 0.942446
0.0576947 0.95108
0.0553857 0.95108
0.0553857 0.945566
0.0526858 0.945566
0.0526858 0.982005
0.0465788 0.982005
0.0465788 0.980853
0.0511392 0.980853
0.0511392 0.942866
0.0477792 0.942866
0.0477792 0.928989
0.0462007 0.928989
0.0462007 1
