2048
0.188139 1
0.188139 0.991456
0.0623395 0.991456
0.0623395 0.991436
0.116663 0.991436
0.116663 0.986974
0.0125863 0.986974
0.0125863 0.981849
0.0519993 0.981849
0.0519993 0.978844
0.0464622 0.978844
0.0464622 0.965582
0.00495285 0.965582
0.00495285 0.884546
0.000844447 0.884546
0.000844447 0.784019
0 0.784019
0 0.639383
0.00445634 0.639383
0.00445634 0.730897
0.00201205 0.730897
0.00201205 0.88154
0.01445 0.88154
0.01445 0.831892
0.0112622 0.831892
0.0112622 0.775559
0.00521669 0.775559
0.00521669 0.750045
0.0117217 0.750045
0.0117217 0.802759
0.0158027 0.802759
0.0158027 0.89988
0.00502314 0.89988
0.00502314 0.951905
0.0171882 0.951905
0.0171882 0.957773
0.0320541 0.957773
0.0320541 0.95674
0.0384545 0.95674
0.0384545 0.956013
0.0610736 0.956013
0.0610736 0.949183
0.0380701 0.949183
0.0380701 0.949311
0.0375207 0.949311
0.0375207 0.943349
0.0201862 0.943349
0.0201862 0.856066
0.0273854 0.856066
0.0273854 0.852228
0.0187654 0.852228
0.0187654 0.840909
0.0200421 0.840909
0.0200421 0.779255
0.0237128 0.779255
0.0237128 0.646972
0.0203508 0.646972
0.0203508 0.580299
0.0246564 0.580299
0.0246564 0.570558
0.0310837 0.570558
0.0310837 0.594194
0.0355904 0.594194
0.0355904 0.614838
0.0244714 0.614838
0.0244714 0.634164
0.0416693 0.634164
0.0416693 0.641037
0.0457503 0.641037
0.0457503 0.731167
0.0463059 0.731167
0.0463059 0.867448
0.0422637 0.867448
0.0422637 0.843079
0.0424291 0.843079
0.0424291 0.661777
0.0319813 0.661777
0.0319813 0.884153
0.0219104 0.884153
0.0219104 0.931587
0.0340633 0.931587
0.0340633 0.907423
0.0334058 0.907423
0.0334058 0.85476
0.0396481 0.85476
0.0396481 0.871439
0.0383727 0.871439
0.0383727 0.904807
0.0490747 0.904807
0.0490747 0.905677
0.0588515 0.905677
0.0588515 0.904094
0.0566563 0.904094
0.0566563 0.885101
0.0505369 0.885101
0.0505369 0.833481
0.0497394 0.833481
0.0497394 0.827088
0.0498628 0.827088
0.0498628 0.698098
0.0472842 0.698098
0.0472842 0.631186
0.081006 0.631186
0.081006 0.591053
0.0716807 0.591053
0.0716807 0.565007
0.121794 0.565007
0.121794 0.570549
0.10825 0.570549
0.10825 0.572638
0.135142 0.572638
0.135142 0.535164
0.134413 0.535164
0.134413 0.549291
0.13434 0.549291
0.13434 0.524672
0.135586 0.524672
0.135586 0.522811
0.106604 0.522811
0.106604 0.518807
0.091782 0.518807
0.091782 0.512697
0.0778452 0.512697
0.0778452 0.500256
0.0778155 0.500256
0.0778155 0.512089
0.0641822 0.512089
0.0641822 0.442276
0.0660644 0.442276
0.0660644 0.455613
0.0671536 0.455613
0.0671536 0.492552
0.0709398 0.492552
0.0709398 0.489586
0.082431 0.489586
0.082431 0.459267
0.0743727 0.459267
0.0743727 0.406518
0.0751863 0.406518
0.0751863 0.406627
0.0804667 0.406627
0.0804667 0.439712
0.0828088 0.439712
0.0828088 0.332292
0.0693707 0.332292
0.0693707 0.32857
0.0807852 0.32857
0.0807852 0.300579
0.0844774 0.300579
0.0844774 0.447927
0.0853562 0.447927
0.0853562 0.395674
0.0924644 0.395674
0.0924644 0.477097
0.0902867 0.477097
0.0902867 0.50178
0.121455 0.50178
0.121455 0.503486
0.135611 0.503486
0.135611 0.540602
0.144561 0.540602
0.144561 0.482025
0.13932 0.482025
0.13932 0.450597
0.13893 0.450597
0.13893 0.4375
0.095521 0.4375
0.095521 0.416731
0.153376 0.416731
0.153376 0.416704
0.263632 0.416704
0.263632 0.426348
0.2689 0.426348
0.2689 0.410907
0.268798 0.410907
0.268798 0.383836
0.20947 0.383836
0.20947 0.371929
0.192676 0.371929
0.192676 0.394296
0.184835 0.394296
0.184835 0.3924
0.179338 0.3924
0.179338 0.378311
0.178417 0.378311
0.178417 0.355712
0.187721 0.355712
0.187721 0.356921
0.185942 0.356921
0.185942 0.39008
0.190381 0.39008
0.190381 0.268838
0.215762 0.268838
0.215762 0.379833
0.232718 0.379833
0.232718 0.380575
0.264887 0.380575
0.264887 0.364253
0.26139 0.364253
0.26139 0.35309
0.233277 0.35309
0.233277 0.348006
0.239652 0.348006
0.239652 0.3225
0.26377 0.3225
0.26377 0.347516
0.270683 0.347516
0.270683 0.348604
0.274566 0.348604
0.274566 0.354277
0.3076 0.354277
0.3076 0.382832
0.323959 0.382832
0.323959 0.325284
0.327787 0.325284
0.327787 0.297436
0.319892 0.297436
0.319892 0.294725
0.300915 0.294725
0.300915 0.291171
0.298894 0.291171
0.298894 0.297027
0.296714 0.297027
0.296714 0.291032
0.288729 0.291032
0.288729 0.197602
0.284777 0.197602
0.284777 0.289331
0.281308 0.289331
0.281308 0.311787
0.280723 0.311787
0.280723 0.302581
0.279826 0.302581
0.279826 0.264847
0.280733 0.264847
0.280733 0.218307
0.284474 0.218307
0.284474 0.196639
0.28712 0.196639
0.28712 0.189219
0.291992 0.189219
0.291992 0.167947
0.30111 0.167947
0.30111 0.189639
0.303161 0.189639
0.303161 0.127656
0.27621 0.127656
0.27621 0.128114
0.281073 0.128114
0.281073 0.145183
0.271166 0.145183
0.271166 0.141867
0.271679 0.141867
0.271679 0.124255
0.309531 0.124255
0.309531 0.185026
0.306711 0.185026
0.306711 0.186697
0.309716 0.186697
0.309716 0.182252
0.323162 0.182252
0.323162 0.182157
0.320033 0.182157
0.320033 0.165262
0.349469 0.165262
0.349469 0.167534
0.353575 0.167534
0.353575 0.125374
0.329489 0.125374
0.329489 0.150332
0.320006 0.150332
0.320006 0.12502
0.362922 0.12502
0.362922 0.160791
0.363956 0.160791
0.363956 0.120591
0.385783 0.120591
0.385783 0.14504
0.379145 0.14504
0.379145 0.142818
0.375461 0.142818
0.375461 0.151982
0.388756 0.151982
0.388756 0.184319
0.384044 0.184319
0.384044 0.168465
0.383442 0.168465
0.383442 0.162177
0.366264 0.162177
0.366264 0.169644
0.32729 0.169644
0.32729 0.170127
0.35128 0.170127
0.35128 0.171234
0.366297 0.171234
0.366297 0.191468
0.293578 0.191468
0.293578 0.176416
0.292906 0.176416
0.292906 0.195448
0.37703 0.195448
0.37703 0.190845
0.380546 0.190845
0.380546 0.195507
0.38603 0.195507
0.38603 0.202719
0.3966 0.202719
0.3966 0.227182
0.391378 0.227182
0.391378 0.212947
0.38395 0.212947
0.38395 0.210859
0.389262 0.210859
0.389262 0.206923
0.326178 0.206923
0.326178 0.197418
0.290476 0.197418
0.290476 0.288046
0.294195 0.288046
0.294195 0.24213
0.295985 0.24213
0.295985 0.284331
0.327887 0.284331
0.327887 0.320718
0.327949 0.320718
0.327949 0.355746
0.330264 0.355746
0.330264 0.351131
0.349698 0.351131
0.349698 0.384501
0.306969 0.384501
0.306969 0.381438
0.303486 0.381438
0.303486 0.360609
0.302076 0.360609
0.302076 0.354522
0.270529 0.354522
0.270529 0.464178
0.267153 0.464178
0.267153 0.460558
0.265636 0.460558
0.265636 0.477295
0.257492 0.477295
0.257492 0.458796
0.257666 0.458796
0.257666 0.441277
0.265681 0.441277
0.265681 0.445806
0.268627 0.445806
0.268627 0.430803
0.244734 0.430803
0.244734 0.421576
0.151909 0.421576
0.151909 0.439198
0.148911 0.439198
0.148911 0.426022
0.139771 0.426022
0.139771 0.457932
0.146988 0.457932
0.146988 0.573186
0.148202 0.573186
0.148202 0.578117
0.135122 0.578117
0.135122 0.577762
0.0929344 0.577762
0.0929344 0.570749
0.0765965 0.570749
0.0765965 0.581348
0.11851 0.581348
0.11851 0.588315
0.0811017 0.588315
0.0811017 0.631683
0.0893786 0.631683
0.0893786 0.633403
0.125336 0.633403
0.125336 0.624982
0.116707 0.624982
0.116707 0.617786
0.129027 0.617786
0.129027 0.612609
0.127077 0.612609
0.127077 0.606527
0.131649 0.606527
0.131649 0.613592
0.141275 0.613592
0.141275 0.612047
0.149897 0.612047
0.149897 0.559421
0.158211 0.559421
0.158211 0.561368
0.175474 0.561368
0.175474 0.562716
0.177183 0.562716
0.177183 0.552797
0.187653 0.552797
0.187653 0.555135
0.185007 0.555135
0.185007 0.56346
0.175264 0.56346
0.175264 0.56156
0.150704 0.56156
0.150704 0.619334
0.145777 0.619334
0.145777 0.62683
0.129789 0.62683
0.129789 0.634822
0.0533875 0.634822
0.0533875 0.671663
0.0504208 0.671663
0.0504208 0.734783
0.0548643 0.734783
0.0548643 0.749261
0.0524502 0.749261
0.0524502 0.875907
0.0582595 0.875907
0.0582595 0.643648
0.112709 0.643648
0.112709 0.63812
0.12294 0.63812
0.12294 0.641821
0.121191 0.641821
0.121191 0.642606
0.16864 0.642606
0.16864 0.678513
0.176235 0.678513
0.176235 0.717779
0.133547 0.717779
0.133547 0.722823
0.109279 0.722823
0.109279 0.770576
0.120039 0.770576
0.120039 0.774962
0.106975 0.774962
0.106975 0.789596
0.161024 0.789596
0.161024 0.776012
0.185232 0.776012
0.185232 0.775094
0.24143 0.775094
0.24143 0.770047
0.23991 0.770047
0.23991 0.676095
0.234819 0.676095
0.234819 0.723922
0.231241 0.723922
0.231241 0.766849
0.219918 0.766849
0.219918 0.742129
0.222598 0.742129
0.222598 0.719379
0.179631 0.719379
0.179631 0.717906
0.231511 0.717906
0.231511 0.703243
0.218052 0.703243
0.218052 0.661439
0.19922 0.661439
0.19922 0.649055
0.199499 0.649055
0.199499 0.599775
0.200274 0.599775
0.200274 0.587875
0.210773 0.587875
0.210773 0.586352
0.198613 0.586352
0.198613 0.589159
0.197819 0.589159
0.197819 0.580198
0.198752 0.580198
0.198752 0.581178
0.208057 0.581178
0.208057 0.56421
0.218734 0.56421
0.218734 0.502527
0.279803 0.502527
0.279803 0.504226
0.246641 0.504226
0.246641 0.513587
0.238235 0.513587
0.238235 0.536347
0.24626 0.536347
0.24626 0.52598
0.386816 0.52598
0.386816 0.530858
0.40162 0.530858
0.40162 0.525849
0.317217 0.525849
0.317217 0.507959
0.31848 0.507959
0.31848 0.514231
0.385363 0.514231
0.385363 0.517006
0.319441 0.517006
0.319441 0.5216
0.344602 0.5216
0.344602 0.520949
0.407774 0.520949
0.407774 0.548155
0.425746 0.548155
0.425746 0.564743
0.436772 0.564743
0.436772 0.68988
0.437276 0.68988
0.437276 0.630934
0.451504 0.630934
0.451504 0.627466
0.45382 0.627466
0.45382 0.640616
0.442203 0.640616
0.442203 0.676902
0.444511 0.676902
0.444511 0.696709
0.436692 0.696709
0.436692 0.710835
0.432759 0.710835
0.432759 0.716769
0.440713 0.716769
0.440713 0.732538
0.432549 0.732538
0.432549 0.738061
0.45833 0.738061
0.45833 0.676009
0.459346 0.676009
0.459346 0.595076
0.459501 0.595076
0.459501 0.749335
0.463257 0.749335
0.463257 0.714554
0.459748 0.714554
0.459748 0.615593
0.462621 0.615593
0.462621 0.620246
0.46671 0.620246
0.46671 0.626781
0.467778 0.626781
0.467778 0.76819
0.465025 0.76819
0.465025 0.761426
0.455388 0.761426
0.455388 0.8638
0.454473 0.8638
0.454473 0.851987
0.452318 0.851987
0.452318 0.876952
0.45116 0.876952
0.45116 0.875701
0.444517 0.875701
0.444517 0.864091
0.443256 0.864091
0.443256 0.840299
0.455123 0.840299
0.455123 0.74448
0.444798 0.74448
0.444798 0.761752
0.42747 0.761752
0.42747 0.838471
0.42907 0.838471
0.42907 0.868442
0.430873 0.868442
0.430873 0.824826
0.442454 0.824826
0.442454 0.902566
0.4429 0.902566
0.4429 0.941945
0.471619 0.941945
0.471619 0.937776
0.458959 0.937776
0.458959 0.93218
0.4702 0.93218
0.4702 0.937113
0.481305 0.937113
0.481305 0.93827
0.530591 0.93827
0.530591 0.93875
0.511184 0.93875
0.511184 0.943082
0.544219 0.943082
0.544219 0.931367
0.542357 0.931367
0.542357 0.876466
0.511277 0.876466
0.511277 0.901914
0.533441 0.901914
0.533441 0.891685
0.537465 0.891685
0.537465 0.925483
0.508706 0.925483
0.508706 0.882514
0.509711 0.882514
0.509711 0.880279
0.510375 0.880279
0.510375 0.78615
0.510594 0.78615
0.510594 0.81094
0.510813 0.81094
0.510813 0.866363
0.513437 0.866363
0.513437 0.805088
0.517551 0.805088
0.517551 0.654715
0.512563 0.654715
0.512563 0.606538
0.512814 0.606538
0.512814 0.604865
0.492046 0.604865
0.492046 0.560987
0.494256 0.560987
0.494256 0.556648
0.51005 0.556648
0.51005 0.599949
0.517853 0.599949
0.517853 0.552711
0.487032 0.552711
0.487032 0.531851
0.482333 0.531851
0.482333 0.558401
0.47875 0.558401
0.47875 0.488356
0.476538 0.488356
0.476538 0.47062
0.473424 0.47062
0.473424 0.453428
0.469746 0.453428
0.469746 0.452107
0.503717 0.452107
0.503717 0.430018
0.475731 0.430018
0.475731 0.38986
0.473557 0.38986
0.473557 0.333019
0.474992 0.333019
0.474992 0.334501
0.482279 0.334501
0.482279 0.379302
0.480293 0.379302
0.480293 0.352967
0.476028 0.352967
0.476028 0.41559
0.491798 0.41559
0.491798 0.335611
0.530023 0.335611
0.530023 0.314842
0.532016 0.314842
0.532016 0.324914
0.532634 0.324914
0.532634 0.306859
0.468706 0.306859
0.468706 0.306605
0.539639 0.306605
0.539639 0.324071
0.546553 0.324071
0.546553 0.363349
0.548211 0.363349
0.548211 0.413141
0.535878 0.413141
0.535878 0.525143
0.535513 0.525143
0.535513 0.407478
0.545357 0.407478
0.545357 0.396685
0.540918 0.396685
0.540918 0.341609
0.539577 0.341609
0.539577 0.369282
0.534408 0.369282
0.534408 0.351943
0.508511 0.351943
0.508511 0.50261
0.486872 0.50261
0.486872 0.513627
0.498384 0.513627
0.498384 0.514059
0.489102 0.514059
0.489102 0.517727
0.496713 0.517727
0.496713 0.518327
0.479015 0.518327
0.479015 0.530371
0.488989 0.530371
0.488989 0.537372
0.494202 0.537372
0.494202 0.54065
0.518997 0.54065
0.518997 0.749439
0.52099 0.749439
0.52099 0.601731
0.522807 0.601731
0.522807 0.778117
0.522739 0.778117
0.522739 0.825527
0.513756 0.825527
0.513756 0.873102
0.538342 0.873102
0.538342 0.863359
0.546363 0.863359
0.546363 0.949464
0.539456 0.949464
0.539456 0.950399
0.529052 0.950399
0.529052 0.945975
0.512312 0.945975
0.512312 0.949372
0.461564 0.949372
0.461564 0.9456
0.441619 0.9456
0.441619 0.952327
0.439913 0.952327
0.439913 0.906022
0.427699 0.906022
0.427699 0.96067
0.423388 0.96067
0.423388 0.969844
0.459362 0.969844
0.459362 0.970528
0.430117 0.970528
0.430117 0.975018
0.523091 0.975018
0.523091 0.966563
0.52304 0.966563
0.52304 0.965886
0.54213 0.965886
0.54213 0.969489
0.552322 0.969489
0.552322 0.984063
0.560201 0.984063
0.560201 0.961813
0.561559 0.961813
0.561559 0.957168
0.570251 0.957168
0.570251 0.96192
0.589606 0.96192
0.589606 0.955343
0.564855 0.955343
0.564855 0.953982
0.60387 0.953982
0.60387 0.933053
0.579975 0.933053
0.579975 0.926404
0.578237 0.926404
0.578237 0.898018
0.575863 0.898018
0.575863 0.862616
0.574886 0.862616
0.574886 0.902497
0.558649 0.902497
0.558649 0.910857
0.565319 0.910857
0.565319 0.942506
0.562654 0.942506
0.562654 0.927962
0.559667 0.927962
0.559667 0.942771
0.55427 0.942771
0.55427 0.906228
0.551594 0.906228
0.551594 0.902658
0.554564 0.902658
0.554564 0.932556
0.558439 0.932556
0.558439 0.894409
0.564266 0.894409
0.564266 0.862998
0.564523 0.862998
0.564523 0.852806
0.564747 0.852806
0.564747 0.876119
0.564697 0.876119
0.564697 0.894149
0.569716 0.894149
0.569716 0.896561
0.571529 0.896561
0.571529 0.888733
0.574751 0.888733
0.574751 0.887598
0.568114 0.887598
0.568114 0.857949
0.578738 0.857949
0.578738 0.862524
0.588068 0.862524
0.588068 0.872882
0.592166 0.872882
0.592166 0.855148
0.591576 0.855148
0.591576 0.852998
0.591443 0.852998
0.591443 0.790342
0.591778 0.790342
0.591778 0.744992
0.592752 0.744992
0.592752 0.750305
0.594611 0.750305
0.594611 0.708811
0.614003 0.708811
0.614003 0.705973
0.611667 0.705973
0.611667 0.689956
0.594928 0.689956
0.594928 0.668976
0.61349 0.668976
0.61349 0.564116
0.598963 0.564116
0.598963 0.466435
0.597348 0.466435
0.597348 0.51693
0.593523 0.51693
0.593523 0.259053
0.586318 0.259053
0.586318 0.243432
0.660022 0.243432
0.660022 0.243953
0.737161 0.243953
0.737161 0.247676
0.747648 0.247676
0.747648 0.248494
0.794345 0.248494
0.794345 0.318627
0.80213 0.318627
0.80213 0.24928
0.856956 0.24928
0.856956 0.24873
0.91724 0.24873
0.91724 0.240924
0.745474 0.240924
0.745474 0.236475
0.797861 0.236475
0.797861 0.234032
0.739455 0.234032
0.739455 0.233874
0.759698 0.233874
0.759698 0.232006
0.806207 0.232006
0.806207 0.23297
0.809711 0.23297
0.809711 0.231272
0.772819 0.231272
0.772819 0.209251
0.764982 0.209251
0.764982 0.216693
0.755926 0.216693
0.755926 0.215225
0.7445 0.215225
0.7445 0.200401
0.763496 0.200401
0.763496 0.195143
0.736837 0.195143
0.736837 0.189423
0.747562 0.189423
0.747562 0.18412
0.742097 0.18412
0.742097 0.182085
0.744343 0.182085
0.744343 0.177677
0.752616 0.177677
0.752616 0.190233
0.780933 0.190233
0.780933 0.167517
0.754422 0.167517
0.754422 0.165023
0.789505 0.165023
0.789505 0.159526
0.856195 0.159526
0.856195 0.165098
0.867697 0.165098
0.867697 0.158676
0.871954 0.158676
0.871954 0.164374
0.872643 0.164374
0.872643 0.152005
0.879737 0.152005
0.879737 0.137703
0.874316 0.137703
0.874316 0.129721
0.880966 0.129721
0.880966 0.138498
0.883067 0.138498
0.883067 0.157598
0.884199 0.157598
0.884199 0.165199
0.881999 0.165199
0.881999 0.175424
0.854349 0.175424
0.854349 0.16714
0.78821 0.16714
0.78821 0.189831
0.7919 0.189831
0.7919 0.197909
0.774489 0.197909
0.774489 0.219902
0.784758 0.219902
0.784758 0.221819
0.785161 0.221819
0.785161 0.222564
0.851622 0.222564
0.851622 0.220693
0.843141 0.220693
0.843141 0.219979
0.823264 0.219979
0.823264 0.217414
0.840371 0.217414
0.840371 0.211365
0.845175 0.211365
0.845175 0.209103
0.825471 0.209103
0.825471 0.207313
0.854329 0.207313
0.854329 0.210777
0.858751 0.210777
0.858751 0.22668
0.825628 0.22668
0.825628 0.228115
0.782942 0.228115
0.782942 0.231127
0.820342 0.231127
0.820342 0.232199
0.8252 0.232199
0.8252 0.231884
0.833324 0.231884
0.833324 0.234964
0.818999 0.234964
0.818999 0.238264
0.853533 0.238264
0.853533 0.238736
0.793416 0.238736
0.793416 0.239389
0.91918 0.239389
0.91918 0.263993
0.92375 0.263993
0.92375 0.204608
0.898356 0.204608
0.898356 0.176349
0.921203 0.176349
0.921203 0.132335
0.922937 0.132335
0.922937 0.194183
0.924167 0.194183
0.924167 0.207191
0.938293 0.207191
0.938293 0.20335
0.928207 0.20335
0.928207 0.18169
0.932173 0.18169
0.932173 0.110897
0.928685 0.110897
0.928685 0.109992
0.934078 0.109992
0.934078 0.107103
0.947254 0.107103
0.947254 0.106212
0.921485 0.106212
0.921485 0.0993288
0.931724 0.0993288
0.931724 0.0953893
0.951513 0.0953893
0.951513 0.0782811
0.944802 0.0782811
0.944802 0.0938878
0.819141 0.0938878
0.819141 0.0893281
0.733867 0.0893281
0.733867 0.0896564
0.792276 0.0896564
0.792276 0.0896796
0.792219 0.0896796
0.792219 0.0919067
0.731976 0.0919067
0.731976 0.0609616
0.732289 0.0609616
0.732289 0.0625973
0.768704 0.0625973
0.768704 0.0641024
0.733665 0.0641024
0.733665 0.0648983
0.73329 0.0648983
0.73329 0.0702349
0.75201 0.0702349
0.75201 0.0836062
0.773901 0.0836062
0.773901 0.0860132
0.826621 0.0860132
0.826621 0.0933178
0.922917 0.0933178
0.922917 0.0920778
0.907965 0.0920778
0.907965 0.0899039
0.887399 0.0899039
0.887399 0.0733236
0.872812 0.0733236
0.872812 0.079807
0.85415 0.079807
0.85415 0.0778512
0.846751 0.0778512
0.846751 0.071263
0.892218 0.071263
0.892218 0.0731702
0.891692 0.0731702
0.891692 0.0817881
0.897304 0.0817881
0.897304 0.0803906
0.939332 0.0803906
0.939332 0.0770609
0.955748 0.0770609
0.955748 0.078382
0.954581 0.078382
0.954581 0.0956488
0.946391 0.0956488
0.946391 0.106022
0.964426 0.106022
0.964426 0.095817
0.965057 0.095817
0.965057 0.060832
0.967966 0.060832
0.967966 0.0604398
0.969151 0.0604398
0.969151 0.042311
0.921005 0.042311
0.921005 0.0455513
0.913065 0.0455513
0.913065 0.0500065
0.909341 0.0500065
0.909341 0.047889
0.848134 0.047889
0.848134 0.0507799
0.869362 0.0507799
0.869362 0.0567893
0.868081 0.0567893
0.868081 0.0594338
0.849222 0.0594338
0.849222 0.0566682
0.823881 0.0566682
0.823881 0.0574771
0.805578 0.0574771
0.805578 0.0453326
0.801171 0.0453326
0.801171 0.0355355
0.815282 0.0355355
0.815282 0.0544204
0.817847 0.0544204
0.817847 0.0471683
0.825879 0.0471683
0.825879 0.0247246
0.838659 0.0247246
0.838659 0.0294805
0.878058 0.0294805
0.878058 0.021355
0.817467 0.021355
0.817467 0.0247083
0.703143 0.0247083
0.703143 0.0362097
0.723902 0.0362097
0.723902 0.0595126
0.703844 0.0595126
0.703844 0.0603914
0.689724 0.0603914
0.689724 0.0581932
0.680425 0.0581932
0.680425 0.0360918
0.619821 0.0360918
0.619821 0.0365285
0.609377 0.0365285
0.609377 0.0353771
0.589758 0.0353771
0.589758 0.0483802
0.573957 0.0483802
0.573957 0.0420517
0.56653 0.0420517
0.56653 0.0358134
0.583197 0.0358134
0.583197 0.0307584
0.559807 0.0307584
0.559807 0.0586055
0.552959 0.0586055
0.552959 0.0604371
0.551785 0.0604371
0.551785 0.0353243
0.55151 0.0353243
0.55151 0.0355829
0.550237 0.0355829
0.550237 0.0284556
0.535512 0.0284556
0.535512 0.0498481
0.525567 0.0498481
0.525567 0.0585272
0.541281 0.0585272
0.541281 0.0591702
0.471022 0.0591702
0.471022 0.0555712
0.468451 0.0555712
0.468451 0.0531825
0.479686 0.0531825
0.479686 0.0526909
0.50761 0.0526909
0.50761 0.0298134
0.488133 0.0298134
0.488133 0.026371
0.457107 0.026371
0.457107 0.0182816
0.457049 0.0182816
0.457049 0.0131567
0.525999 0.0131567
0.525999 0.0279585
0.559045 0.0279585
0.559045 0.0243955
0.690736 0.0243955
0.690736 0.0219428
0.730577 0.0219428
0.730577 0.0201169
0.852264 0.0201169
0.852264 0.0200312
0.6361 0.0200312
0.6361 0.0187704
0.865458 0.0187704
0.865458 0.017059
0.865304 0.017059
0.865304 0.0187102
0.784577 0.0187102
0.784577 0.0150377
0.724225 0.0150377
0.724225 0.0119783
0.691592 0.0119783
0.691592 0.0176739
0.690841 0.0176739
0.690841 0.00597999
0.650787 0.00597999
0.650787 0.014236
0.579211 0.014236
0.579211 0.0143941
0.562302 0.0143941
0.562302 0.0107583
0.584972 0.0107583
0.584972 0.0062104
0.612508 0.0062104
0.612508 0.00350622
0.666623 0.00350622
0.666623 0.00167124
0.724376 0.00167124
0.724376 0.00222258
0.865102 0.00222258
0.865102 0.00209882
0.869743 0.00209882
0.869743 0.0011418
0.86735 0.0011418
0.86735 0
0.890844 0
0.890844 0.0054977
0.885627 0.0054977
0.885627 0.00944279
0.876729 0.00944279
0.876729 0.0101385
0.885215 0.0101385
0.885215 0.0113703
0.872504 0.0113703
0.872504 0.00787471
0.864094 0.00787471
0.864094 0.00228327
0.724557 0.00228327
0.724557 0.0134803
0.841978 0.0134803
0.841978 0.0143525
0.883686 0.0143525
0.883686 0.0213127
0.882254 0.0213127
0.882254 0.0374117
0.840686 0.0374117
0.840686 0.0394202
0.907729 0.0394202
0.907729 0.0412695
0.978691 0.0412695
0.978691 0.0692074
0.978765 0.0692074
0.978765 0.0708054
0.979309 0.0708054
0.979309 0.117154
0.981317 0.117154
0.981317 0.11413
0.988381 0.11413
0.988381 0.11353
0.988489 0.11353
0.988489 0.117478
0.994959 0.117478
0.994959 0.111354
0.999742 0.111354
0.999742 0.144668
1 0.144668
1 0.164284
0.99619 0.164284
0.99619 0.172425
0.992613 0.172425
0.992613 0.172259
0.991587 0.172259
0.991587 0.237796
0.986231 0.237796
0.986231 0.193691
0.988646 0.193691
0.988646 0.160232
0.995561 0.160232
0.995561 0.146999
0.997618 0.146999
0.997618 0.12377
0.984382 0.12377
0.984382 0.124736
0.981707 0.124736
0.981707 0.19042
0.981049 0.19042
0.981049 0.155858
0.980165 0.155858
0.980165 0.122693
0.97098 0.122693
0.97098 0.149144
0.969663 0.149144
0.969663 0.116626
0.971957 0.116626
0.971957 0.102018
0.973205 0.102018
0.973205 0.0943511
0.976545 0.0943511
0.976545 0.0699182
0.967771 0.0699182
0.967771 0.111116
0.966787 0.111116
0.966787 0.117601
0.961598 0.117601
0.961598 0.10787
0.960696 0.10787
0.960696 0.120935
0.96069 0.120935
0.96069 0.141406
0.95997 0.141406
0.95997 0.190591
0.958924 0.190591
0.958924 0.144823
0.953841 0.144823
0.953841 0.138935
0.95653 0.138935
0.95653 0.13863
0.959824 0.13863
0.959824 0.11756
0.956281 0.11756
0.956281 0.129712
0.951438 0.129712
0.951438 0.132192
0.950404 0.132192
0.950404 0.134661
0.94982 0.134661
0.94982 0.216795
0.947358 0.216795
0.947358 0.204981
0.948817 0.204981
0.948817 0.148575
0.947141 0.148575
0.947141 0.110683
0.946364 0.110683
0.946364 0.110944
0.946565 0.110944
0.946565 0.112062
0.946297 0.112062
0.946297 0.108315
0.942163 0.108315
0.942163 0.109987
0.936322 0.109987
0.936322 0.134471
0.937712 0.134471
0.937712 0.134529
0.933156 0.134529
0.933156 0.137329
0.938467 0.137329
0.938467 0.139752
0.937767 0.139752
0.937767 0.202027
0.943303 0.202027
0.943303 0.187107
0.94621 0.187107
0.94621 0.208714
0.943889 0.208714
0.943889 0.211594
0.928913 0.211594
0.928913 0.229573
0.926458 0.229573
0.926458 0.269356
0.919048 0.269356
0.919048 0.269664
0.898154 0.269664
0.898154 0.394055
0.90424 0.394055
0.90424 0.392189
0.902711 0.392189
0.902711 0.291797
0.90577 0.291797
0.90577 0.4083
0.908029 0.4083
0.908029 0.273418
0.911666 0.273418
0.911666 0.329466
0.911866 0.329466
0.911866 0.378763
0.920196 0.378763
0.920196 0.389256
0.919503 0.389256
0.919503 0.389167
0.908823 0.389167
0.908823 0.440581
0.908276 0.440581
0.908276 0.421503
0.907545 0.421503
0.907545 0.452498
0.90473 0.452498
0.90473 0.49085
0.907442 0.49085
0.907442 0.500868
0.8037 0.500868
0.8037 0.499735
0.758552 0.499735
0.758552 0.444808
0.788375 0.444808
0.788375 0.450431
0.788597 0.450431
0.788597 0.45494
0.7919 0.45494
0.7919 0.457721
0.786732 0.457721
0.786732 0.46748
0.762393 0.46748
0.762393 0.494376
0.846864 0.494376
0.846864 0.484771
0.821759 0.484771
0.821759 0.480242
0.800835 0.480242
0.800835 0.468306
0.865157 0.468306
0.865157 0.468727
0.865157 0.468727
0.865157 0.470875
0.836275 0.470875
0.836275 0.476557
0.869664 0.476557
0.869664 0.478002
0.825431 0.478002
0.825431 0.479775
0.837745 0.479775
0.837745 0.481339
0.839722 0.481339
0.839722 0.484711
0.850375 0.484711
0.850375 0.493693
0.854573 0.493693
0.854573 0.4994
0.904502 0.4994
0.904502 0.435547
0.897548 0.435547
0.897548 0.419723
0.895355 0.419723
0.895355 0.277473
0.894747 0.277473
0.894747 0.265642
0.901346 0.265642
0.901346 0.264439
0.864699 0.264439
0.864699 0.270392
0.861011 0.270392
0.861011 0.378321
0.861226 0.378321
0.861226 0.355867
0.862514 0.355867
0.862514 0.373116
0.86299 0.373116
0.86299 0.405652
0.847256 0.405652
0.847256 0.410703
0.774925 0.410703
0.774925 0.408487
0.759584 0.408487
0.759584 0.405577
0.73558 0.405577
0.73558 0.414052
0.72788 0.414052
0.72788 0.390744
0.728145 0.390744
0.728145 0.348444
0.731379 0.348444
0.731379 0.304853
0.732532 0.304853
0.732532 0.281047
0.741585 0.281047
0.741585 0.29543
0.747408 0.29543
0.747408 0.305908
0.735886 0.305908
0.735886 0.345413
0.733806 0.345413
0.733806 0.3476
0.759943 0.3476
0.759943 0.298828
0.759038 0.298828
0.759038 0.31412
0.75644 0.31412
0.75644 0.284583
0.767772 0.284583
0.767772 0.307531
0.792438 0.307531
0.792438 0.313038
0.779392 0.313038
0.779392 0.321135
0.784837 0.321135
0.784837 0.343052
0.778062 0.343052
0.778062 0.317741
0.775147 0.317741
0.775147 0.335342
0.760837 0.335342
0.760837 0.352346
0.738734 0.352346
0.738734 0.35024
0.730493 0.35024
0.730493 0.403163
0.74723 0.403163
0.74723 0.402273
0.762507 0.402273
0.762507 0.404314
0.787166 0.404314
0.787166 0.40009
0.789647 0.40009
0.789647 0.402944
0.791386 0.402944
0.791386 0.406253
0.774796 0.406253
0.774796 0.406448
0.835616 0.406448
0.835616 0.37979
0.83076 0.37979
0.83076 0.376098
0.844777 0.376098
0.844777 0.366698
0.845394 0.366698
0.845394 0.39641
0.854658 0.39641
0.854658 0.36626
0.860974 0.36626
0.860974 0.263036
0.809397 0.263036
0.809397 0.324727
0.809295 0.324727
0.809295 0.337947
0.808639 0.337947
0.808639 0.343674
0.823737 0.343674
0.823737 0.344063
0.814567 0.344063
0.814567 0.345238
0.792911 0.345238
0.792911 0.336694
0.793947 0.336694
0.793947 0.33029
0.793719 0.33029
0.793719 0.249097
0.7487 0.249097
0.7487 0.256419
0.738431 0.256419
0.738431 0.253477
0.731575 0.253477
0.731575 0.244632
0.725077 0.244632
0.725077 0.260913
0.707085 0.260913
0.707085 0.246395
0.691427 0.246395
0.691427 0.264955
0.676378 0.264955
0.676378 0.343994
0.674009 0.343994
0.674009 0.276158
0.672884 0.276158
0.672884 0.275085
0.673684 0.275085
0.673684 0.267116
0.667756 0.267116
0.667756 0.52983
0.662028 0.52983
0.662028 0.538156
0.667886 0.538156
0.667886 0.51382
0.671169 0.51382
0.671169 0.439627
0.67885 0.439627
0.67885 0.442677
0.6745 0.442677
0.6745 0.498211
0.67919 0.498211
0.67919 0.50104
0.67998 0.50104
0.67998 0.425664
0.684907 0.425664
0.684907 0.477518
0.680257 0.477518
0.680257 0.489244
0.689462 0.489244
0.689462 0.613088
0.699919 0.613088
0.699919 0.56754
0.697975 0.56754
0.697975 0.564557
0.704228 0.564557
0.704228 0.629847
0.708647 0.629847
0.708647 0.373951
0.681417 0.373951
0.681417 0.350683
0.690006 0.350683
0.690006 0.358784
0.710222 0.358784
0.710222 0.54081
0.710722 0.54081
0.710722 0.403937
0.717946 0.403937
0.717946 0.285786
0.695168 0.285786
0.695168 0.273588
0.704968 0.273588
0.704968 0.280247
0.720283 0.280247
0.720283 0.510098
0.72169 0.510098
0.72169 0.566268
0.714905 0.566268
0.714905 0.572902
0.718339 0.572902
0.718339 0.617387
0.713372 0.617387
0.713372 0.458251
0.711853 0.458251
0.711853 0.609888
0.709867 0.609888
0.709867 0.63234
0.68264 0.63234
0.68264 0.600978
0.680188 0.600978
0.680188 0.616872
0.669503 0.616872
0.669503 0.625739
0.646354 0.625739
0.646354 0.639366
0.633983 0.639366
0.633983 0.67098
0.668522 0.67098
0.668522 0.680135
0.668656 0.680135
0.668656 0.657302
0.672546 0.657302
0.672546 0.684653
0.651648 0.684653
0.651648 0.686397
0.64952 0.686397
0.64952 0.695305
0.640607 0.695305
0.640607 0.71347
0.632173 0.71347
0.632173 0.919957
0.632428 0.919957
0.632428 0.888803
0.636585 0.888803
0.636585 0.92762
0.644792 0.92762
0.644792 0.849629
0.647699 0.849629
0.647699 0.935982
0.627917 0.935982
0.627917 0.957672
0.628746 0.957672
0.628746 0.998597
0.62377 0.998597
0.62377 0.996286
0.623398 0.996286
0.623398 0.961024
0.627009 0.961024
0.627009 0.80586
0.621792 0.80586
0.621792 0.88631
0.621679 0.88631
0.621679 0.852505
0.620868 0.852505
0.620868 0.84369
0.62164 0.84369
0.62164 0.789394
0.629282 0.789394
0.629282 0.711728
0.634726 0.711728
0.634726 0.688823
0.647536 0.688823
0.647536 0.687907
0.6486 0.687907
0.6486 0.677739
0.624893 0.677739
0.624893 0.627741
0.639587 0.627741
0.639587 0.634297
0.641992 0.634297
0.641992 0.567265
0.643834 0.567265
0.643834 0.584156
0.647387 0.584156
0.647387 0.593048
0.664871 0.593048
0.664871 0.598075
0.642994 0.598075
0.642994 0.601492
0.657038 0.601492
0.657038 0.60423
0.645983 0.60423
0.645983 0.616654
0.676516 0.616654
0.676516 0.610912
0.672823 0.610912
0.672823 0.583368
0.673367 0.583368
0.673367 0.600355
0.679093 0.600355
0.679093 0.599355
0.687372 0.599355
0.687372 0.504885
0.684173 0.504885
0.684173 0.515987
0.682901 0.515987
0.682901 0.504693
0.687041 0.504693
0.687041 0.502986
0.673908 0.502986
0.673908 0.535342
0.672372 0.535342
0.672372 0.517131
0.670071 0.517131
0.670071 0.555588
0.652064 0.555588
0.652064 0.512161
0.652505 0.512161
0.652505 0.504281
0.666763 0.504281
0.666763 0.481583
0.664458 0.481583
0.664458 0.299245
0.662733 0.299245
0.662733 0.485718
0.664215 0.485718
0.664215 0.502203
0.652225 0.502203
0.652225 0.296217
0.656155 0.296217
0.656155 0.285857
0.66004 0.285857
0.66004 0.26471
0.681261 0.26471
0.681261 0.26332
0.690371 0.26332
0.690371 0.246356
0.649255 0.246356
0.649255 0.250635
0.598197 0.250635
0.598197 0.253041
0.613261 0.253041
0.613261 0.260022
0.594908 0.260022
0.594908 0.458717
0.601101 0.458717
0.601101 0.561172
0.609804 0.561172
0.609804 0.555295
0.617773 0.555295
0.617773 0.556688
0.61816 0.556688
0.61816 0.579581
0.614204 0.579581
0.614204 0.653837
0.614528 0.653837
0.614528 0.719453
0.595336 0.719453
0.595336 0.754295
0.604788 0.754295
0.604788 0.778435
0.597333 0.778435
0.597333 0.791369
0.593032 0.791369
0.593032 0.887393
0.618515 0.887393
0.618515 0.89639
0.58664 0.89639
0.58664 0.878567
0.578431 0.878567
0.578431 0.921284
0.587722 0.921284
0.587722 0.912906
0.605593 0.912906
0.605593 0.964271
0.565651 0.964271
0.565651 0.966651
0.561224 0.966651
0.561224 0.975198
0.560242 0.975198
0.560242 0.987899
0.55912 0.987899
0.55912 0.997647
0.551852 0.997647
0.551852 0.982131
0.549659 0.982131
0.549659 0.995291
0.536576 0.995291
0.536576 0.997318
0.501872 0.997318
0.501872 0.996872
0.455552 0.996872
0.455552 0.992139
0.538759 0.992139
0.538759 0.976026
0.523279 0.976026
0.523279 0.977042
0.52313 0.977042
0.52313 0.975715
0.423063 0.975715
0.423063 0.88725
0.424225 0.88725
0.424225 0.701387
0.42134 0.701387
0.42134 0.84803
0.41785 0.84803
0.41785 0.846286
0.406426 0.846286
0.406426 0.810542
0.405702 0.810542
0.405702 0.805735
0.403567 0.805735
0.403567 0.773936
0.402971 0.773936
0.402971 0.772257
0.402327 0.772257
0.402327 0.761091
0.39936 0.761091
0.39936 0.762427
0.396476 0.762427
0.396476 0.735581
0.413801 0.735581
0.413801 0.730344
0.395469 0.730344
0.395469 0.896525
0.399396 0.896525
0.399396 0.918041
0.390177 0.918041
0.390177 0.911816
0.391055 0.911816
0.391055 0.828869
0.389238 0.828869
0.389238 0.822032
0.369099 0.822032
0.369099 0.826515
0.368185 0.826515
0.368185 0.813534
0.391559 0.813534
0.391559 0.812036
0.37221 0.812036
0.37221 0.808841
0.359781 0.808841
0.359781 0.803946
0.34665 0.803946
0.34665 0.838733
0.337663 0.838733
0.337663 0.847386
0.318519 0.847386
0.318519 0.835941
0.33764 0.835941
0.33764 0.80091
0.332321 0.80091
0.332321 0.798977
0.335681 0.798977
0.335681 0.796797
0.337077 0.796797
0.337077 0.787026
0.384697 0.787026
0.384697 0.799875
0.389454 0.799875
0.389454 0.786466
0.387949 0.786466
0.387949 0.755543
0.376529 0.755543
0.376529 0.754209
0.352613 0.754209
0.352613 0.752595
0.335031 0.752595
0.335031 0.740062
0.346407 0.740062
0.346407 0.690224
0.351439 0.690224
0.351439 0.675613
0.349643 0.675613
0.349643 0.672675
0.345525 0.672675
0.345525 0.686285
0.332995 0.686285
0.332995 0.678776
0.338114 0.678776
0.338114 0.669193
0.341664 0.669193
0.341664 0.662007
0.315067 0.662007
0.315067 0.662564
0.314831 0.662564
0.314831 0.662913
0.317335 0.662913
0.317335 0.666693
0.311794 0.666693
0.311794 0.691611
0.309975 0.691611
0.309975 0.703942
0.305681 0.703942
0.305681 0.688708
0.300456 0.688708
0.300456 0.715339
0.312091 0.715339
0.312091 0.752906
0.308004 0.752906
0.308004 0.773003
0.304888 0.773003
0.304888 0.735373
0.304305 0.735373
0.304305 0.7528
0.296944 0.7528
0.296944 0.697958
0.295409 0.697958
0.295409 0.679402
0.305334 0.679402
0.305334 0.669627
0.283123 0.669627
0.283123 0.673549
0.289142 0.673549
0.289142 0.678463
0.276223 0.678463
0.276223 0.677458
0.273647 0.677458
0.273647 0.746444
0.27201 0.746444
0.27201 0.761323
0.271864 0.761323
0.271864 0.723679
0.273558 0.723679
0.273558 0.669579
0.305941 0.669579
0.305941 0.687299
0.311163 0.687299
0.311163 0.652194
0.342695 0.652194
0.342695 0.658421
0.335881 0.658421
0.335881 0.658605
0.358309 0.658605
0.358309 0.689486
0.368301 0.689486
0.368301 0.709179
0.366238 0.709179
0.366238 0.7096
0.349443 0.7096
0.349443 0.729609
0.346492 0.729609
0.346492 0.752243
0.362271 0.752243
0.362271 0.749236
0.367778 0.749236
0.367778 0.738522
0.392835 0.738522
0.392835 0.730034
0.401483 0.730034
0.401483 0.728581
0.415918 0.728581
0.415918 0.757817
0.414361 0.757817
0.414361 0.760749
0.406684 0.760749
0.406684 0.831249
0.418074 0.831249
0.418074 0.737684
0.417919 0.737684
0.417919 0.650149
0.426909 0.650149
0.426909 0.680058
0.43388 0.680058
0.43388 0.585366
0.430249 0.585366
0.430249 0.615315
0.400706 0.615315
0.400706 0.607251
0.399946 0.607251
0.399946 0.598214
0.400622 0.598214
0.400622 0.578958
0.409994 0.578958
0.409994 0.550348
0.387007 0.550348
0.387007 0.531455
0.300559 0.531455
0.300559 0.546032
0.289294 0.546032
0.289294 0.539413
0.295613 0.539413
0.295613 0.537089
0.288671 0.537089
0.288671 0.532674
0.29941 0.532674
0.29941 0.528535
0.293216 0.528535
0.293216 0.526126
0.256387 0.526126
0.256387 0.533983
0.280701 0.533983
0.280701 0.548567
0.264501 0.548567
0.264501 0.551512
0.248151 0.551512
0.248151 0.551381
0.220139 0.551381
0.220139 0.602937
0.234705 0.602937
0.234705 0.605101
0.242554 0.605101
0.242554 0.614133
0.243818 0.614133
0.243818 0.628335
0.218852 0.628335
0.218852 0.631581
0.22052 0.631581
0.22052 0.65512
0.228724 0.65512
0.228724 0.687922
0.232971 0.687922
0.232971 0.654779
0.251609 0.654779
0.251609 0.651258
0.252806 0.651258
0.252806 0.638836
0.258198 0.638836
0.258198 0.564139
0.259449 0.564139
0.259449 0.611609
0.259252 0.611609
0.259252 0.6529
0.252904 0.6529
0.252904 0.669196
0.242046 0.669196
0.242046 0.77844
0.233067 0.77844
0.233067 0.793834
0.231206 0.793834
0.231206 0.794129
0.239822 0.794129
0.239822 0.795647
0.237119 0.795647
0.237119 0.801297
0.23041 0.801297
0.23041 0.776079
0.182123 0.776079
0.182123 0.79948
0.154663 0.79948
0.154663 0.806342
0.18188 0.806342
0.18188 0.833445
0.198986 0.833445
0.198986 0.828248
0.200231 0.828248
0.200231 0.83358
0.182431 0.83358
0.182431 0.833649
0.166387 0.833649
0.166387 0.814778
0.141714 0.814778
0.141714 0.814111
0.135938 0.814111
0.135938 0.811437
0.153984 0.811437
0.153984 0.801379
0.148927 0.801379
0.148927 0.806614
0.129139 0.806614
0.129139 0.800992
0.127456 0.800992
0.127456 0.790988
0.181116 0.790988
0.181116 0.778694
0.166003 0.778694
0.166003 0.782551
0.162186 0.782551
0.162186 0.790331
0.107258 0.790331
0.107258 0.838459
0.115549 0.838459
0.115549 0.842278
0.125452 0.842278
0.125452 0.850568
0.126496 0.850568
0.126496 0.887538
0.125072 0.887538
0.125072 0.850584
0.113156 0.850584
0.113156 0.840979
0.0970512 0.840979
0.0970512 0.785172
0.0970778 0.785172
0.0970778 0.776445
0.0954347 0.776445
0.0954347 0.786058
0.0765027 0.786058
0.0765027 0.759173
0.102305 0.759173
0.102305 0.715364
0.113194 0.715364
0.113194 0.700129
0.115621 0.700129
0.115621 0.71613
0.119899 0.71613
0.119899 0.709228
0.151746 0.709228
0.151746 0.692677
0.154663 0.692677
0.154663 0.691537
0.150365 0.691537
0.150365 0.696017
0.138927 0.696017
0.138927 0.694468
0.149261 0.694468
0.149261 0.65177
0.159191 0.65177
0.159191 0.643025
0.123024 0.643025
0.123024 0.644476
0.0999345 0.644476
0.0999345 0.651558
0.0671559 0.651558
0.0671559 0.648484
0.0597484 0.648484
0.0597484 0.767294
0.059868 0.767294
0.059868 0.703174
0.0603625 0.703174
0.0603625 0.805
0.0602819 0.805
0.0602819 0.904689
0.0641051 0.904689
0.0641051 0.956905
0.0565279 0.956905
0.0565279 0.986966
0.157572 0.986966
0.157572 0.984058
0.191196 0.984058
0.191196 0.989052
0.192228 0.989052
0.192228 1
