64
0.551184 1
0.551184 0.886213
0.079702 0.886213
0.079702 0.983499
0.0742728 0.983499
0.0742728 0.661638
0.123379 0.661638
0.123379 0.540655
0.186099 0.540655
0.186099 0.590123
0.173216 0.590123
0.173216 0.641948
0.480122 0.641948
0.480122 0.561273
0.448117 0.561273
0.448117 0.502089
0.503861 0.502089
0.503861 0.488468
0.621964 0.488468
0.621964 0.678604
0.369716 0.678604
0.369716 0.873062
0.836391 0.873062
0.836391 0.811914
0.797129 0.811914
0.797129 0.806533
0.79152 0.806533
0.79152 0.637532
0.846639 0.637532
0.846639 0.494468
0.834093 0.494468
0.834093 0.240145
0.767339 0.240145
0.767339 0.157309
0.722245 0.157309
0.722245 0.0660153
0.695054 0.0660153
0.695054 0.064026
0.539795 0.064026
0.539795 0.240521
0.414418 0.240521
0.414418 0.350506
0.496672 0.350506
0.496672 0.410204
0.239275 0.410204
0.239275 0.283214
0.0161453 0.283214
0.0161453 0.419298
0.00927033 0.419298
0.00927033 0.276263
0.200127 0.276263
0.200127 0.159076
0 0.159076
0 0.0188217
0.437669 0.0188217
0.437669 0
0.836314 0
0.836314 0.0362011
1 0.0362011
1 0.221322
0.885084 0.221322
0.885084 0.92985
0.565326 0.92985
0.565326 1
