512
0.731866 1
0.731866 0.991555
0.879112 0.991555
0.879112 0.993001
0.991647 0.993001
0.991647 0.990867
0.968446 0.990867
0.968446 0.845029
0.961682 0.845029
0.961682 0.626321
0.959656 0.626321
0.959656 0.942168
0.700207 0.942168
0.700207 0.939888
0.586978 0.939888
0.586978 0.974508
0.465344 0.974508
0.465344 0.967498
0.239052 0.967498
0.239052 0.949939
0.198011 0.949939
0.198011 0.97461
0.220017 0.97461
0.220017 0.977991
0.197983 0.977991
0.197983 0.948234
0.229743 0.948234
0.229743 0.948276
0.257642 0.948276
0.257642 0.960211
0.30272 0.960211
0.30272 0.96022
0.527741 0.96022
0.527741 0.945245
0.49546 0.945245
0.49546 0.882914
0.425929 0.882914
0.425929 0.866838
0.312115 0.866838
0.312115 0.881796
0.305736 0.881796
0.305736 0.873204
0.301032 0.873204
0.301032 0.835485
0.335264 0.835485
0.335264 0.864292
0.520558 0.864292
0.520558 0.929519
0.698375 0.929519
0.698375 0.834632
0.728153 0.834632
0.728153 0.846733
0.724142 0.846733
0.724142 0.876413
0.749663 0.876413
0.749663 0.883547
0.767815 0.883547
0.767815 0.869814
0.854241 0.869814
0.854241 0.878134
0.874842 0.878134
0.874842 0.832716
0.798579 0.832716
0.798579 0.815559
0.780107 0.815559
0.780107 0.808861
0.704437 0.808861
0.704437 0.806727
0.709392 0.806727
0.709392 0.789903
0.70568 0.789903
0.70568 0.796594
0.654297 0.796594
0.654297 0.786115
0.496187 0.786115
0.496187 0.821775
0.612983 0.821775
0.612983 0.832208
0.637166 0.832208
0.637166 0.832936
0.402212 0.832936
0.402212 0.825844
0.286845 0.825844
0.286845 0.812433
0.241523 0.812433
0.241523 0.811912
0.433388 0.811912
0.433388 0.798325
0.280438 0.798325
0.280438 0.801862
0.160181 0.801862
0.160181 0.789676
0.436865 0.789676
0.436865 0.78393
0.797151 0.78393
0.797151 0.812898
0.833769 0.812898
0.833769 0.77637
0.541902 0.77637
0.541902 0.768103
0.480249 0.768103
0.480249 0.781544
0.462055 0.781544
0.462055 0.780286
0.418835 0.780286
0.418835 0.770801
0.286061 0.770801
0.286061 0.7305
0.304367 0.7305
0.304367 0.765016
0.32223 0.765016
0.32223 0.765498
0.36756 0.765498
0.36756 0.767021
0.522912 0.767021
0.522912 0.763032
0.386639 0.763032
0.386639 0.734519
0.357246 0.734519
0.357246 0.744634
0.329157 0.744634
0.329157 0.733452
0.335476 0.733452
0.335476 0.728374
0.340828 0.728374
0.340828 0.72724
0.383089 0.72724
0.383089 0.730579
0.542763 0.730579
0.542763 0.734114
0.66817 0.734114
0.66817 0.739305
0.501195 0.739305
0.501195 0.742515
0.504277 0.742515
0.504277 0.756389
0.532393 0.756389
0.532393 0.75469
0.542615 0.75469
0.542615 0.772383
0.603096 0.772383
0.603096 0.768015
0.844436 0.768015
0.844436 0.780818
0.878051 0.780818
0.878051 0.887496
0.709862 0.887496
0.709862 0.93352
0.566288 0.93352
0.566288 0.934169
0.954924 0.934169
0.954924 0.928621
0.840331 0.928621
0.840331 0.913522
0.919415 0.913522
0.919415 0.904894
0.920178 0.904894
0.920178 0.927061
0.959396 0.927061
0.959396 0.675239
0.949859 0.675239
0.949859 0.576583
0.952715 0.576583
0.952715 0.396933
0.944891 0.396933
0.944891 0.699858
0.923724 0.699858
0.923724 0.765172
0.922093 0.765172
0.922093 0.567388
0.929505 0.567388
0.929505 0.410405
0.845618 0.410405
0.845618 0.416529
0.845123 0.416529
0.845123 0.461759
0.899044 0.461759
0.899044 0.579271
0.895828 0.579271
0.895828 0.675032
0.711304 0.675032
0.711304 0.682393
0.569896 0.682393
0.569896 0.690657
0.539677 0.690657
0.539677 0.702525
0.668681 0.702525
0.668681 0.709129
0.132734 0.709129
0.132734 0.710896
0.063167 0.710896
0.063167 0.699066
0.0441712 0.699066
0.0441712 0.552346
0.0694622 0.552346
0.0694622 0.549464
0.0043121 0.549464
0.0043121 0.374508
0.00161241 0.374508
0.00161241 0.245751
0 0.245751
0 0.224876
0.00420634 0.224876
0.00420634 0.0686584
0.0377384 0.0686584
0.0377384 0.0937709
0.0975005 0.0937709
0.0975005 0.117949
0.0979438 0.117949
0.0979438 0.124056
0.0938465 0.124056
0.0938465 0.179429
0.071634 0.179429
0.071634 0.182297
0.0446558 0.182297
0.0446558 0.155173
0.0286671 0.155173
0.0286671 0.229774
0.0355586 0.229774
0.0355586 0.267835
0.0292248 0.267835
0.0292248 0.358921
0.0243863 0.358921
0.0243863 0.52428
0.0470386 0.52428
0.0470386 0.509155
0.043134 0.509155
0.043134 0.463964
0.123469 0.463964
0.123469 0.379463
0.0415041 0.379463
0.0415041 0.333961
0.0499308 0.333961
0.0499308 0.333409
0.0366983 0.333409
0.0366983 0.331862
0.0694287 0.331862
0.0694287 0.311469
0.113185 0.311469
0.113185 0.309339
0.115283 0.309339
0.115283 0.351586
0.120257 0.351586
0.120257 0.330033
0.127651 0.330033
0.127651 0.407865
0.147675 0.407865
0.147675 0.466448
0.154397 0.466448
0.154397 0.427927
0.150002 0.427927
0.150002 0.331746
0.150589 0.331746
0.150589 0.373147
0.153327 0.373147
0.153327 0.288859
0.18556 0.288859
0.18556 0.222501
0.202295 0.222501
0.202295 0.156135
0.208236 0.156135
0.208236 0.190214
0.212115 0.190214
0.212115 0.130555
0.203002 0.130555
0.203002 0.0132891
0.203946 0.0132891
0.203946 0.046414
0.208196 0.046414
0.208196 0.0299395
0.216978 0.0299395
0.216978 0.233409
0.195681 0.233409
0.195681 0.27425
0.186227 0.27425
0.186227 0.552403
0.224545 0.552403
0.224545 0.473829
0.230646 0.473829
0.230646 0.55436
0.248948 0.55436
0.248948 0.376707
0.255816 0.376707
0.255816 0.35571
0.263538 0.35571
0.263538 0.415091
0.267744 0.415091
0.267744 0.404281
0.296014 0.404281
0.296014 0.425834
0.35879 0.425834
0.35879 0.404447
0.396677 0.404447
0.396677 0.454398
0.382778 0.454398
0.382778 0.512755
0.314671 0.512755
0.314671 0.50431
0.261954 0.50431
0.261954 0.514349
0.254717 0.514349
0.254717 0.574496
0.250265 0.574496
0.250265 0.57696
0.165578 0.57696
0.165578 0.56139
0.168287 0.56139
0.168287 0.568954
0.17666 0.568954
0.17666 0.510216
0.141911 0.510216
0.141911 0.520229
0.127068 0.520229
0.127068 0.505371
0.116835 0.505371
0.116835 0.502683
0.107231 0.502683
0.107231 0.479064
0.0610514 0.479064
0.0610514 0.524817
0.0900253 0.524817
0.0900253 0.536815
0.111999 0.536815
0.111999 0.546381
0.0830582 0.546381
0.0830582 0.588554
0.0984602 0.588554
0.0984602 0.616372
0.0771228 0.616372
0.0771228 0.703756
0.152132 0.703756
0.152132 0.691564
0.217137 0.691564
0.217137 0.609865
0.338557 0.609865
0.338557 0.622839
0.408263 0.622839
0.408263 0.655028
0.292379 0.655028
0.292379 0.677172
0.621061 0.677172
0.621061 0.62072
0.523145 0.62072
0.523145 0.619137
0.674303 0.619137
0.674303 0.657451
0.731938 0.657451
0.731938 0.625846
0.882257 0.625846
0.882257 0.609455
0.885407 0.609455
0.885407 0.477648
0.85425 0.477648
0.85425 0.494911
0.807811 0.494911
0.807811 0.496907
0.543993 0.496907
0.543993 0.468252
0.555369 0.468252
0.555369 0.330395
0.57689 0.330395
0.57689 0.324092
0.4891 0.324092
0.4891 0.313259
0.512809 0.313259
0.512809 0.298325
0.488503 0.298325
0.488503 0.227087
0.484045 0.227087
0.484045 0.143609
0.468132 0.143609
0.468132 0.121794
0.391766 0.121794
0.391766 0.20722
0.293057 0.20722
0.293057 0.189713
0.27122 0.189713
0.27122 0.058875
0.284502 0.058875
0.284502 0.153677
0.321151 0.153677
0.321151 0.165647
0.297986 0.165647
0.297986 0.200487
0.369255 0.200487
0.369255 0.200056
0.332899 0.200056
0.332899 0.0919535
0.332261 0.0919535
0.332261 0.0622461
0.464249 0.0622461
0.464249 0.0463708
0.41304 0.0463708
0.41304 0.0246176
0.43237 0.0246176
0.43237 0.0210236
0.412002 0.0210236
0.412002 0.00444774
0.384345 0.00444774
0.384345 0
0.560137 0
0.560137 0.0021342
0.527014 0.0021342
0.527014 0.00484427
0.521532 0.00484427
0.521532 0.00242321
0.466072 0.00242321
0.466072 0.0986554
0.438882 0.0986554
0.438882 0.105752
0.472771 0.105752
0.472771 0.111386
0.486231 0.111386
0.486231 0.209388
0.522738 0.209388
0.522738 0.227996
0.518679 0.227996
0.518679 0.300246
0.589155 0.300246
0.589155 0.318994
0.600885 0.318994
0.600885 0.335564
0.584923 0.335564
0.584923 0.346449
0.623676 0.346449
0.623676 0.40524
0.585524 0.40524
0.585524 0.492082
0.794132 0.492082
0.794132 0.480514
0.823047 0.480514
0.823047 0.293225
0.796835 0.293225
0.796835 0.266796
0.758371 0.266796
0.758371 0.252261
0.737658 0.252261
0.737658 0.104258
0.690995 0.104258
0.690995 0.0911961
0.703368 0.0911961
0.703368 0.0640266
0.687883 0.0640266
0.687883 0.274175
0.685498 0.274175
0.685498 0.282928
0.662469 0.282928
0.662469 0.305096
0.690082 0.305096
0.690082 0.305334
0.636422 0.305334
0.636422 0.273795
0.675049 0.273795
0.675049 0.247874
0.679372 0.247874
0.679372 0.0617235
0.730268 0.0617235
0.730268 0.0419046
0.718469 0.0419046
0.718469 0.0334964
0.68634 0.0334964
0.68634 0.0193702
0.706786 0.0193702
0.706786 0.0130995
0.735425 0.0130995
0.735425 0.011017
0.751792 0.011017
0.751792 0.150119
0.752702 0.150119
0.752702 0.246931
0.759664 0.246931
0.759664 0.250604
0.771869 0.250604
0.771869 0.0880005
0.808179 0.0880005
0.808179 0.212493
0.818063 0.212493
0.818063 0.269326
0.831561 0.269326
0.831561 0.188881
0.845897 0.188881
0.845897 0.193591
0.895422 0.193591
0.895422 0.230995
0.88222 0.230995
0.88222 0.293319
0.825098 0.293319
0.825098 0.408895
0.854772 0.408895
0.854772 0.324276
0.901016 0.324276
0.901016 0.17614
0.934381 0.17614
0.934381 0.138444
0.917628 0.138444
0.917628 0.0805316
0.981601 0.0805316
0.981601 0.00611916
0.989665 0.00611916
0.989665 0.178658
0.977995 0.178658
0.977995 0.0964752
0.937391 0.0964752
0.937391 0.187071
0.903576 0.187071
0.903576 0.293826
0.906489 0.293826
0.906489 0.393878
1 0.393878
1 0.995102
0.77842 0.995102
0.77842 1
