32
0 1
0 0.483457
0.0241602 0.483457
0.0241602 0.355939
0.123857 0.355939
0.123857 0
0.63952 0
0.63952 0.24593
0.683741 0.24593
0.683741 0.120395
0.873507 0.120395
0.873507 0.0645534
0.912335 0.0645534
0.912335 0.303747
0.604166 0.303747
0.604166 0.442087
0.351986 0.442087
0.351986 0.463346
0.443163 0.463346
0.443163 0.509592
1 0.509592
1 0.5655
0.704613 0.5655
0.704613 0.734209
0.171898 0.734209
0.171898 0.785207
0.645852 0.785207
0.645852 0.891937
0.254795 0.891937
0.254795 0.989862
0.277344 0.989862
0.277344 1
