2048
0.0171871 1
0.0171871 0.970164
0.00315487 0.970164
0.00315487 0.999476
0.00130981 0.999476
0.00130981 0.99945
0.00127513 0.99945
0.00127513 0.996342
0.000678985 0.996342
0.000678985 0.998203
0 0.998203
0 0.996281
0.000124936 0.996281
0.000124936 0.969296
0.00453262 0.969296
0.00453262 0.959673
0.0115696 0.959673
0.0115696 0.920645
0.00837246 0.920645
0.00837246 0.791987
0.00719927 0.791987
0.00719927 0.939149
0.0063672 0.939149
0.0063672 0.786169
0.00891453 0.786169
0.00891453 0.704959
0.0205734 0.704959
0.0205734 0.56889
0.0229386 0.56889
0.0229386 0.691181
0.0380013 0.691181
0.0380013 0.695494
0.041942 0.695494
0.041942 0.679817
0.0245111 0.679817
0.0245111 0.670196
0.0239696 0.670196
0.0239696 0.631228
0.0255943 0.631228
0.0255943 0.622756
0.029485 0.622756
0.029485 0.569487
0.0334665 0.569487
0.0334665 0.641318
0.088561 0.641318
0.088561 0.636873
0.0360488 0.636873
0.0360488 0.617638
0.0459277 0.617638
0.0459277 0.607969
0.0459457 0.607969
0.0459457 0.625364
0.0677255 0.625364
0.0677255 0.602564
0.0839882 0.602564
0.0839882 0.601951
0.099374 0.601951
0.099374 0.594003
0.100718 0.594003
0.100718 0.643992
0.111435 0.643992
0.111435 0.639728
0.110645 0.639728
0.110645 0.600178
0.104622 0.600178
0.104622 0.592802
0.116373 0.592802
0.116373 0.629491
0.127372 0.629491
0.127372 0.671106
0.132948 0.671106
0.132948 0.707314
0.123885 0.707314
0.123885 0.727011
0.144739 0.727011
0.144739 0.7196
0.151043 0.7196
0.151043 0.803027
0.15463 0.803027
0.15463 0.690111
0.154922 0.690111
0.154922 0.825467
0.159183 0.825467
0.159183 0.87056
0.157523 0.87056
0.157523 0.883184
0.159541 0.883184
0.159541 0.863616
0.166091 0.863616
0.166091 0.861981
0.241161 0.861981
0.241161 0.859916
0.223945 0.859916
0.223945 0.859794
0.239305 0.859794
0.239305 0.849072
0.16277 0.849072
0.16277 0.844055
0.164781 0.844055
0.164781 0.847367
0.184434 0.847367
0.184434 0.833904
0.187481 0.833904
0.187481 0.848711
0.219658 0.848711
0.219658 0.842987
0.258452 0.842987
0.258452 0.858122
0.260781 0.858122
0.260781 0.79603
0.272798 0.79603
0.272798 0.672514
0.274034 0.672514
0.274034 0.60084
0.263385 0.60084
0.263385 0.55381
0.256097 0.55381
0.256097 0.555439
0.242669 0.555439
0.242669 0.561676
0.193943 0.561676
0.193943 0.558701
0.167322 0.558701
0.167322 0.556815
0.225536 0.556815
0.225536 0.552347
0.227443 0.552347
0.227443 0.523807
0.232862 0.523807
0.232862 0.557656
0.233368 0.557656
0.233368 0.546971
0.258838 0.546971
0.258838 0.540284
0.328008 0.540284
0.328008 0.524455
0.39265 0.524455
0.39265 0.509208
0.391577 0.509208
0.391577 0.505182
0.389851 0.505182
0.389851 0.516308
0.289096 0.516308
0.289096 0.511593
0.271263 0.511593
0.271263 0.513267
0.24529 0.513267
0.24529 0.522766
0.194179 0.522766
0.194179 0.502853
0.211858 0.502853
0.211858 0.501665
0.18211 0.501665
0.18211 0.506328
0.178396 0.506328
0.178396 0.496378
0.256289 0.496378
0.256289 0.481663
0.50037 0.481663
0.50037 0.480467
0.345005 0.480467
0.345005 0.481335
0.335373 0.481335
0.335373 0.478673
0.481804 0.478673
0.481804 0.47781
0.513552 0.47781
0.513552 0.486421
0.440397 0.486421
0.440397 0.48646
0.556064 0.48646
0.556064 0.611897
0.568917 0.611897
0.568917 0.591197
0.576535 0.591197
0.576535 0.457178
0.547723 0.457178
0.547723 0.459151
0.546756 0.459151
0.546756 0.45838
0.513796 0.45838
0.513796 0.442942
0.508011 0.442942
0.508011 0.443334
0.410135 0.443334
0.410135 0.446682
0.287054 0.446682
0.287054 0.467124
0.205665 0.467124
0.205665 0.472752
0.171085 0.472752
0.171085 0.473874
0.239137 0.473874
0.239137 0.474694
0.123201 0.474694
0.123201 0.442746
0.11023 0.442746
0.11023 0.433469
0.105062 0.433469
0.105062 0.419757
0.144842 0.419757
0.144842 0.429614
0.129426 0.429614
0.129426 0.429882
0.144864 0.429882
0.144864 0.430508
0.146787 0.430508
0.146787 0.474356
0.167059 0.474356
0.167059 0.434647
0.168227 0.434647
0.168227 0.457718
0.168812 0.457718
0.168812 0.458027
0.186272 0.458027
0.186272 0.469388
0.19947 0.469388
0.19947 0.465426
0.28428 0.465426
0.28428 0.447954
0.244407 0.447954
0.244407 0.413765
0.240644 0.413765
0.240644 0.379086
0.240018 0.379086
0.240018 0.377001
0.210788 0.377001
0.210788 0.378625
0.238937 0.378625
0.238937 0.45618
0.222398 0.45618
0.222398 0.457517
0.217825 0.457517
0.217825 0.417819
0.225049 0.417819
0.225049 0.45372
0.234027 0.45372
0.234027 0.384484
0.193009 0.384484
0.193009 0.391428
0.197356 0.391428
0.197356 0.392001
0.192524 0.392001
0.192524 0.411635
0.18669 0.411635
0.18669 0.38985
0.166738 0.38985
0.166738 0.383114
0.21744 0.383114
0.21744 0.382852
0.195459 0.382852
0.195459 0.377319
0.176109 0.377319
0.176109 0.37559
0.241484 0.37559
0.241484 0.384354
0.290973 0.384354
0.290973 0.409241
0.344116 0.409241
0.344116 0.403655
0.342638 0.403655
0.342638 0.385699
0.482031 0.385699
0.482031 0.386104
0.528591 0.386104
0.528591 0.385822
0.616762 0.385822
0.616762 0.432546
0.611899 0.432546
0.611899 0.456581
0.609756 0.456581
0.609756 0.567089
0.605083 0.567089
0.605083 0.564449
0.596195 0.564449
0.596195 0.568435
0.613181 0.568435
0.613181 0.570034
0.589675 0.570034
0.589675 0.609997
0.596048 0.609997
0.596048 0.648575
0.589214 0.648575
0.589214 0.674835
0.591084 0.674835
0.591084 0.704217
0.591646 0.704217
0.591646 0.682679
0.613098 0.682679
0.613098 0.703359
0.614679 0.703359
0.614679 0.717755
0.608825 0.717755
0.608825 0.6991
0.608156 0.6991
0.608156 0.707829
0.607066 0.707829
0.607066 0.725084
0.612452 0.725084
0.612452 0.72611
0.626626 0.72611
0.626626 0.657918
0.624622 0.657918
0.624622 0.645102
0.627154 0.645102
0.627154 0.627227
0.62077 0.627227
0.62077 0.548912
0.6206 0.548912
0.6206 0.44828
0.631079 0.44828
0.631079 0.380635
0.631713 0.380635
0.631713 0.46434
0.625599 0.46434
0.625599 0.593932
0.627572 0.593932
0.627572 0.708966
0.628483 0.708966
0.628483 0.757054
0.617401 0.757054
0.617401 0.768165
0.601999 0.768165
0.601999 0.780541
0.599145 0.780541
0.599145 0.804004
0.597077 0.804004
0.597077 0.746509
0.596782 0.746509
0.596782 0.735864
0.584912 0.735864
0.584912 0.903328
0.633643 0.903328
0.633643 0.890101
0.639846 0.890101
0.639846 0.910315
0.643853 0.910315
0.643853 0.918809
0.619905 0.918809
0.619905 0.91924
0.618935 0.91924
0.618935 0.95036
0.695045 0.95036
0.695045 0.928058
0.656041 0.928058
0.656041 0.6806
0.649549 0.6806
0.649549 0.787462
0.654553 0.787462
0.654553 0.841434
0.648146 0.841434
0.648146 0.707078
0.649408 0.707078
0.649408 0.664045
0.646045 0.664045
0.646045 0.637347
0.65109 0.637347
0.65109 0.573841
0.658563 0.573841
0.658563 0.70287
0.656999 0.70287
0.656999 0.759004
0.656071 0.759004
0.656071 0.785964
0.662077 0.785964
0.662077 0.795675
0.672518 0.795675
0.672518 0.804179
0.672692 0.804179
0.672692 0.834687
0.674252 0.834687
0.674252 0.834479
0.677894 0.834479
0.677894 0.847267
0.660899 0.847267
0.660899 0.869135
0.678122 0.869135
0.678122 0.730154
0.678792 0.730154
0.678792 0.478309
0.67539 0.478309
0.67539 0.396915
0.675869 0.396915
0.675869 0.428431
0.680345 0.428431
0.680345 0.363943
0.66455 0.363943
0.66455 0.363349
0.64437 0.363349
0.64437 0.352486
0.664919 0.352486
0.664919 0.347226
0.67445 0.347226
0.67445 0.203485
0.663443 0.203485
0.663443 0.210155
0.643041 0.210155
0.643041 0.327473
0.643516 0.327473
0.643516 0.334466
0.639788 0.334466
0.639788 0.375572
0.412719 0.375572
0.412719 0.374126
0.3808 0.374126
0.3808 0.372937
0.498798 0.372937
0.498798 0.362706
0.480746 0.362706
0.480746 0.360168
0.504728 0.360168
0.504728 0.357554
0.44033 0.357554
0.44033 0.354614
0.454101 0.354614
0.454101 0.343217
0.448578 0.343217
0.448578 0.336499
0.400761 0.336499
0.400761 0.330843
0.357505 0.330843
0.357505 0.310555
0.365036 0.310555
0.365036 0.270871
0.346265 0.270871
0.346265 0.264723
0.338926 0.264723
0.338926 0.259281
0.330868 0.259281
0.330868 0.236069
0.228619 0.236069
0.228619 0.240222
0.241936 0.240222
0.241936 0.242762
0.252428 0.242762
0.252428 0.25687
0.260676 0.25687
0.260676 0.260719
0.179681 0.260719
0.179681 0.262658
0.28407 0.262658
0.28407 0.27402
0.221447 0.27402
0.221447 0.275212
0.204556 0.275212
0.204556 0.26855
0.204983 0.26855
0.204983 0.263535
0.181936 0.263535
0.181936 0.289253
0.19003 0.289253
0.19003 0.289405
0.181516 0.289405
0.181516 0.269972
0.174967 0.269972
0.174967 0.266283
0.161211 0.266283
0.161211 0.266837
0.162059 0.266837
0.162059 0.293877
0.159351 0.293877
0.159351 0.255449
0.171297 0.255449
0.171297 0.251161
0.171205 0.251161
0.171205 0.237766
0.162936 0.237766
0.162936 0.231406
0.0975184 0.231406
0.0975184 0.231042
0.0818509 0.231042
0.0818509 0.238711
0.0915481 0.238711
0.0915481 0.276811
0.0960303 0.276811
0.0960303 0.285563
0.0933396 0.285563
0.0933396 0.285273
0.0529088 0.285273
0.0529088 0.306527
0.0636927 0.306527
0.0636927 0.306427
0.067969 0.306427
0.067969 0.345077
0.15535 0.345077
0.15535 0.346336
0.163605 0.346336
0.163605 0.330622
0.16501 0.330622
0.16501 0.355451
0.145654 0.355451
0.145654 0.349498
0.0962256 0.349498
0.0962256 0.364949
0.13806 0.364949
0.13806 0.368923
0.101453 0.368923
0.101453 0.369029
0.093328 0.369029
0.093328 0.373139
0.0754235 0.373139
0.0754235 0.3492
0.0461677 0.3492
0.0461677 0.363592
0.040114 0.363592
0.040114 0.339835
0.0677757 0.339835
0.0677757 0.323503
0.0663971 0.323503
0.0663971 0.338676
0.0426637 0.338676
0.0426637 0.335897
0.041484 0.335897
0.041484 0.299643
0.0435903 0.299643
0.0435903 0.198071
0.0936667 0.198071
0.0936667 0.196192
0.114306 0.196192
0.114306 0.197616
0.155262 0.197616
0.155262 0.192604
0.124575 0.192604
0.124575 0.195081
0.109133 0.195081
0.109133 0.194964
0.050426 0.194964
0.050426 0.186936
0.0260551 0.186936
0.0260551 0.178549
0.0783191 0.178549
0.0783191 0.18635
0.09625 0.18635
0.09625 0.188425
0.15708 0.188425
0.15708 0.202173
0.103605 0.202173
0.103605 0.202196
0.0449051 0.202196
0.0449051 0.280138
0.0453649 0.280138
0.0453649 0.324622
0.0456703 0.324622
0.0456703 0.296648
0.0492123 0.296648
0.0492123 0.207142
0.0541476 0.207142
0.0541476 0.216184
0.0615786 0.216184
0.0615786 0.25974
0.054184 0.25974
0.054184 0.281604
0.0624734 0.281604
0.0624734 0.280484
0.0628745 0.280484
0.0628745 0.229857
0.134103 0.229857
0.134103 0.230211
0.177242 0.230211
0.177242 0.238563
0.175587 0.238563
0.175587 0.24527
0.180197 0.24527
0.180197 0.25627
0.168306 0.25627
0.168306 0.25916
0.19264 0.25916
0.19264 0.242628
0.18415 0.242628
0.18415 0.23246
0.18666 0.23246
0.18666 0.240898
0.216233 0.240898
0.216233 0.253985
0.226953 0.253985
0.226953 0.234082
0.33665 0.234082
0.33665 0.240233
0.342632 0.240233
0.342632 0.262197
0.368688 0.262197
0.368688 0.306803
0.375952 0.306803
0.375952 0.209586
0.363169 0.209586
0.363169 0.186045
0.335878 0.186045
0.335878 0.181506
0.353196 0.181506
0.353196 0.167773
0.352699 0.167773
0.352699 0.177865
0.224828 0.177865
0.224828 0.151428
0.220477 0.151428
0.220477 0.144292
0.212726 0.144292
0.212726 0.144185
0.219225 0.144185
0.219225 0.142151
0.191399 0.142151
0.191399 0.131927
0.19125 0.131927
0.19125 0.117909
0.186174 0.117909
0.186174 0.0875294
0.19253 0.0875294
0.19253 0.0968946
0.19999 0.0968946
0.19999 0.0559124
0.200452 0.0559124
0.200452 0.0676223
0.205124 0.0676223
0.205124 0.058984
0.617483 0.058984
0.617483 0.0592343
0.317079 0.0592343
0.317079 0.0636959
0.27988 0.0636959
0.27988 0.0665408
0.260499 0.0665408
0.260499 0.0703412
0.217396 0.0703412
0.217396 0.0974168
0.206385 0.0974168
0.206385 0.0981173
0.205235 0.0981173
0.205235 0.107478
0.196723 0.107478
0.196723 0.135414
0.21853 0.135414
0.21853 0.126785
0.220646 0.126785
0.220646 0.119879
0.293644 0.119879
0.293644 0.138608
0.230068 0.138608
0.230068 0.134573
0.225698 0.134573
0.225698 0.129779
0.225126 0.129779
0.225126 0.148278
0.246598 0.148278
0.246598 0.176773
0.350753 0.176773
0.350753 0.174253
0.350941 0.174253
0.350941 0.167651
0.371763 0.167651
0.371763 0.196761
0.378362 0.196761
0.378362 0.218766
0.4733 0.218766
0.4733 0.21211
0.444881 0.21211
0.444881 0.170191
0.474185 0.170191
0.474185 0.166998
0.470872 0.166998
0.470872 0.0994027
0.506054 0.0994027
0.506054 0.111389
0.471564 0.111389
0.471564 0.122676
0.479161 0.122676
0.479161 0.133113
0.479553 0.133113
0.479553 0.132497
0.479674 0.132497
0.479674 0.12488
0.495395 0.12488
0.495395 0.126796
0.508969 0.126796
0.508969 0.116685
0.554306 0.116685
0.554306 0.108101
0.582985 0.108101
0.582985 0.126105
0.618852 0.126105
0.618852 0.13267
0.580846 0.13267
0.580846 0.11527
0.578165 0.11527
0.578165 0.127189
0.500517 0.127189
0.500517 0.129961
0.53107 0.129961
0.53107 0.130855
0.531811 0.130855
0.531811 0.141251
0.579095 0.141251
0.579095 0.141376
0.48549 0.141376
0.48549 0.149013
0.489354 0.149013
0.489354 0.158677
0.522807 0.158677
0.522807 0.171029
0.449063 0.171029
0.449063 0.197984
0.452154 0.197984
0.452154 0.189558
0.47903 0.189558
0.47903 0.200275
0.446651 0.200275
0.446651 0.211248
0.616958 0.211248
0.616958 0.219007
0.577894 0.219007
0.577894 0.229179
0.529084 0.229179
0.529084 0.211824
0.585402 0.211824
0.585402 0.211536
0.486947 0.211536
0.486947 0.229111
0.448231 0.229111
0.448231 0.224561
0.447007 0.224561
0.447007 0.2281
0.377797 0.2281
0.377797 0.320113
0.392755 0.320113
0.392755 0.311339
0.394209 0.311339
0.394209 0.30002
0.423191 0.30002
0.423191 0.294643
0.403711 0.294643
0.403711 0.294173
0.426661 0.294173
0.426661 0.307222
0.452754 0.307222
0.452754 0.330418
0.461262 0.330418
0.461262 0.296983
0.447869 0.296983
0.447869 0.277557
0.446824 0.277557
0.446824 0.279162
0.433225 0.279162
0.433225 0.256524
0.440135 0.256524
0.440135 0.269196
0.442034 0.269196
0.442034 0.263985
0.474455 0.263985
0.474455 0.282311
0.463091 0.282311
0.463091 0.333779
0.4249 0.333779
0.4249 0.335129
0.474061 0.335129
0.474061 0.336896
0.467184 0.336896
0.467184 0.349569
0.456394 0.349569
0.456394 0.354133
0.488144 0.354133
0.488144 0.3418
0.482957 0.3418
0.482957 0.322305
0.480305 0.322305
0.480305 0.296803
0.486257 0.296803
0.486257 0.317413
0.487998 0.317413
0.487998 0.33825
0.499306 0.33825
0.499306 0.342787
0.502983 0.342787
0.502983 0.337107
0.503062 0.337107
0.503062 0.344103
0.490814 0.344103
0.490814 0.354262
0.525172 0.354262
0.525172 0.348801
0.528173 0.348801
0.528173 0.344917
0.53166 0.344917
0.53166 0.361328
0.545048 0.361328
0.545048 0.36333
0.531438 0.36333
0.531438 0.365458
0.532103 0.365458
0.532103 0.373624
0.445843 0.373624
0.445843 0.374916
0.63799 0.374916
0.63799 0.205754
0.637208 0.205754
0.637208 0.265626
0.633943 0.265626
0.633943 0.299748
0.619606 0.299748
0.619606 0.29895
0.63236 0.29895
0.63236 0.279161
0.633761 0.279161
0.633761 0.205109
0.633536 0.205109
0.633536 0.203227
0.703346 0.203227
0.703346 0.296105
0.704577 0.296105
0.704577 0.273396
0.708679 0.273396
0.708679 0.276101
0.708698 0.276101
0.708698 0.289438
0.713721 0.289438
0.713721 0.304919
0.696131 0.304919
0.696131 0.230796
0.688132 0.230796
0.688132 0.354198
0.681235 0.354198
0.681235 0.35663
0.689399 0.35663
0.689399 0.42202
0.683557 0.42202
0.683557 0.478785
0.681825 0.478785
0.681825 0.494047
0.681432 0.494047
0.681432 0.461776
0.679572 0.461776
0.679572 0.888786
0.687493 0.888786
0.687493 0.891693
0.694431 0.891693
0.694431 0.897842
0.689546 0.897842
0.689546 0.899456
0.679283 0.899456
0.679283 0.873682
0.665851 0.873682
0.665851 0.894847
0.669915 0.894847
0.669915 0.900642
0.657384 0.900642
0.657384 0.923019
0.719796 0.923019
0.719796 0.921766
0.72248 0.921766
0.72248 0.912692
0.730451 0.912692
0.730451 0.670548
0.728584 0.670548
0.728584 0.610945
0.734535 0.610945
0.734535 0.664186
0.735717 0.664186
0.735717 0.627481
0.736518 0.627481
0.736518 0.570701
0.727771 0.570701
0.727771 0.559058
0.723474 0.559058
0.723474 0.591246
0.722262 0.591246
0.722262 0.506457
0.712703 0.506457
0.712703 0.583836
0.714551 0.583836
0.714551 0.711594
0.715654 0.711594
0.715654 0.578843
0.719161 0.578843
0.719161 0.725578
0.716547 0.725578
0.716547 0.736779
0.717325 0.736779
0.717325 0.771472
0.708955 0.771472
0.708955 0.722088
0.718939 0.722088
0.718939 0.718424
0.706994 0.718424
0.706994 0.677371
0.702429 0.677371
0.702429 0.578583
0.701826 0.578583
0.701826 0.535824
0.69701 0.535824
0.69701 0.517273
0.690365 0.517273
0.690365 0.477806
0.689894 0.477806
0.689894 0.447977
0.69096 0.447977
0.69096 0.384453
0.693075 0.384453
0.693075 0.498116
0.706044 0.498116
0.706044 0.528012
0.704281 0.528012
0.704281 0.529349
0.706355 0.529349
0.706355 0.494407
0.694915 0.494407
0.694915 0.468352
0.700176 0.468352
0.700176 0.45504
0.707967 0.45504
0.707967 0.616468
0.704493 0.616468
0.704493 0.63376
0.708216 0.63376
0.708216 0.602415
0.711342 0.602415
0.711342 0.632643
0.71172 0.632643
0.71172 0.696248
0.712448 0.696248
0.712448 0.456898
0.716209 0.456898
0.716209 0.470254
0.727925 0.470254
0.727925 0.495093
0.722699 0.495093
0.722699 0.506372
0.728243 0.506372
0.728243 0.552651
0.729993 0.552651
0.729993 0.522363
0.741 0.522363
0.741 0.49007
0.742708 0.49007
0.742708 0.423987
0.734961 0.423987
0.734961 0.374432
0.741775 0.374432
0.741775 0.42265
0.746595 0.42265
0.746595 0.416114
0.766273 0.416114
0.766273 0.470189
0.749439 0.470189
0.749439 0.483423
0.771878 0.483423
0.771878 0.47671
0.826204 0.47671
0.826204 0.471397
0.788651 0.471397
0.788651 0.462814
0.811468 0.462814
0.811468 0.457805
0.796026 0.457805
0.796026 0.450608
0.803939 0.450608
0.803939 0.441065
0.791176 0.441065
0.791176 0.425269
0.79123 0.425269
0.79123 0.400819
0.792098 0.400819
0.792098 0.432268
0.814015 0.432268
0.814015 0.449949
0.8366 0.449949
0.8366 0.422744
0.802401 0.422744
0.802401 0.397794
0.817515 0.397794
0.817515 0.360554
0.796733 0.360554
0.796733 0.346742
0.77529 0.346742
0.77529 0.33881
0.821628 0.33881
0.821628 0.333073
0.81579 0.333073
0.81579 0.329441
0.840495 0.329441
0.840495 0.305524
0.829624 0.305524
0.829624 0.282664
0.829372 0.282664
0.829372 0.234665
0.874184 0.234665
0.874184 0.211655
0.815422 0.211655
0.815422 0.212169
0.773486 0.212169
0.773486 0.173876
0.786936 0.173876
0.786936 0.178288
0.790848 0.178288
0.790848 0.208345
0.813188 0.208345
0.813188 0.173709
0.796835 0.173709
0.796835 0.150671
0.900611 0.150671
0.900611 0.157452
0.902437 0.157452
0.902437 0.151687
0.945014 0.151687
0.945014 0.147467
0.946418 0.147467
0.946418 0.0968504
0.950256 0.0968504
0.950256 0.0888984
0.936956 0.0888984
0.936956 0.0831965
0.930405 0.0831965
0.930405 0.0677235
0.929323 0.0677235
0.929323 0.0686364
0.929719 0.0686364
0.929719 0.0793461
0.926429 0.0793461
0.926429 0.0642369
0.926084 0.0642369
0.926084 0.139902
0.924886 0.139902
0.924886 0.106611
0.925552 0.106611
0.925552 0.13488
0.926025 0.13488
0.926025 0.0894407
0.919242 0.0894407
0.919242 0.0931783
0.913132 0.0931783
0.913132 0.10088
0.912691 0.10088
0.912691 0.0747016
0.912922 0.0747016
0.912922 0.0837706
0.92466 0.0837706
0.92466 0.0513649
0.929453 0.0513649
0.929453 0.0479667
0.905318 0.0479667
0.905318 0.0673706
0.903506 0.0673706
0.903506 0.0762977
0.8891 0.0762977
0.8891 0.0750465
0.892117 0.0750465
0.892117 0.0618588
0.882821 0.0618588
0.882821 0.0689361
0.882104 0.0689361
0.882104 0.0449962
0.883531 0.0449962
0.883531 0.0458934
0.934426 0.0458934
0.934426 0.0442951
0.926214 0.0442951
0.926214 0.0428985
0.891282 0.0428985
0.891282 0.0228108
0.887282 0.0228108
0.887282 0.0247351
0.883533 0.0247351
0.883533 0.00739483
0.89161 0.00739483
0.89161 0.00638652
0.895499 0.00638652
0.895499 0.000783049
0.95476 0.000783049
0.95476 0.0039358
0.942136 0.0039358
0.942136 0.00502137
0.909735 0.00502137
0.909735 0.00330627
0.909181 0.00330627
0.909181 0.00710112
0.94749 0.00710112
0.94749 0.0108592
0.955091 0.0108592
0.955091 0.00603972
0.959385 0.00603972
0.959385 0.00528789
0.961249 0.00528789
0.961249 0.0111816
0.93997 0.0111816
0.93997 0.0112278
0.90715 0.0112278
0.90715 0.0108444
0.906726 0.0108444
0.906726 0.0379451
0.924956 0.0379451
0.924956 0.0343999
0.940898 0.0343999
0.940898 0.0252978
0.937279 0.0252978
0.937279 0.0220277
0.942374 0.0220277
0.942374 0.0122432
0.962997 0.0122432
0.962997 0.0114171
0.996733 0.0114171
0.996733 0.0158873
0.997322 0.0158873
0.997322 0
1 0
1 0.00287795
0.998934 0.00287795
0.998934 0.0301357
0.996735 0.0301357
0.996735 0.0315586
0.998806 0.0315586
0.998806 0.0424817
0.994195 0.0424817
0.994195 0.03908
0.995812 0.03908
0.995812 0.027879
0.991858 0.027879
0.991858 0.0351771
0.978538 0.0351771
0.978538 0.0305159
0.97204 0.0305159
0.97204 0.0263634
0.993279 0.0263634
0.993279 0.0256937
0.989741 0.0256937
0.989741 0.0249646
0.975172 0.0249646
0.975172 0.0211402
0.968664 0.0211402
0.968664 0.0230285
0.96865 0.0230285
0.96865 0.0182115
0.96673 0.0182115
0.96673 0.0161694
0.942439 0.0161694
0.942439 0.0332155
0.941165 0.0332155
0.941165 0.0422462
0.938226 0.0422462
0.938226 0.0462593
0.884825 0.0462593
0.884825 0.0511997
0.892297 0.0511997
0.892297 0.0650856
0.897665 0.0650856
0.897665 0.0692958
0.898994 0.0692958
0.898994 0.0496998
0.898896 0.0496998
0.898896 0.0477696
0.926243 0.0477696
0.926243 0.0465714
0.933799 0.0465714
0.933799 0.0597049
0.932866 0.0597049
0.932866 0.06776
0.943807 0.06776
0.943807 0.073084
0.959357 0.073084
0.959357 0.0930129
0.956195 0.0930129
0.956195 0.0937562
0.959582 0.0937562
0.959582 0.0915774
0.968857 0.0915774
0.968857 0.0958674
0.970252 0.0958674
0.970252 0.0955109
0.973758 0.0955109
0.973758 0.0912001
0.974228 0.0912001
0.974228 0.0959488
0.979033 0.0959488
0.979033 0.0741286
0.978584 0.0741286
0.978584 0.0564547
0.987764 0.0564547
0.987764 0.0574553
0.979191 0.0574553
0.979191 0.0726115
0.979886 0.0726115
0.979886 0.0867409
0.987794 0.0867409
0.987794 0.0847457
0.99523 0.0847457
0.99523 0.0932949
0.993203 0.0932949
0.993203 0.0895407
0.99348 0.0895407
0.99348 0.0894946
0.985025 0.0894946
0.985025 0.139526
0.975663 0.139526
0.975663 0.132485
0.983544 0.132485
0.983544 0.101379
0.976006 0.101379
0.976006 0.101139
0.975238 0.101139
0.975238 0.107551
0.972623 0.107551
0.972623 0.110202
0.969164 0.110202
0.969164 0.128726
0.965854 0.128726
0.965854 0.111673
0.966869 0.111673
0.966869 0.111039
0.95607 0.111039
0.95607 0.0863781
0.956647 0.0863781
0.956647 0.0800451
0.953383 0.0800451
0.953383 0.0886913
0.952507 0.0886913
0.952507 0.163047
0.93122 0.163047
0.93122 0.169605
0.919771 0.169605
0.919771 0.174349
0.920323 0.174349
0.920323 0.177226
0.912292 0.177226
0.912292 0.175192
0.909779 0.175192
0.909779 0.160015
0.902913 0.160015
0.902913 0.172109
0.878946 0.172109
0.878946 0.153759
0.877621 0.153759
0.877621 0.150793
0.874524 0.150793
0.874524 0.238428
0.878692 0.238428
0.878692 0.296024
0.875046 0.296024
0.875046 0.240704
0.855628 0.240704
0.855628 0.252243
0.864986 0.252243
0.864986 0.258459
0.831844 0.258459
0.831844 0.293062
0.873684 0.293062
0.873684 0.30783
0.873256 0.30783
0.873256 0.31434
0.86558 0.31434
0.86558 0.322907
0.864318 0.322907
0.864318 0.392405
0.85274 0.392405
0.85274 0.346041
0.84749 0.346041
0.84749 0.341448
0.846801 0.341448
0.846801 0.321394
0.843646 0.321394
0.843646 0.340911
0.831826 0.340911
0.831826 0.360055
0.841121 0.360055
0.841121 0.445425
0.853715 0.445425
0.853715 0.433824
0.845917 0.433824
0.845917 0.405595
0.857576 0.405595
0.857576 0.467512
0.839656 0.467512
0.839656 0.470614
0.860994 0.470614
0.860994 0.496924
0.860874 0.496924
0.860874 0.528427
0.867293 0.528427
0.867293 0.598698
0.868608 0.598698
0.868608 0.964415
0.871078 0.964415
0.871078 0.963794
0.881922 0.963794
0.881922 0.966665
0.866809 0.966665
0.866809 0.965524
0.866529 0.965524
0.866529 0.95447
0.867034 0.95447
0.867034 0.957259
0.867261 0.957259
0.867261 0.543223
0.860775 0.543223
0.860775 0.602682
0.855821 0.602682
0.855821 0.614985
0.850092 0.614985
0.850092 0.721195
0.849524 0.721195
0.849524 0.582118
0.823697 0.582118
0.823697 0.60247
0.842452 0.60247
0.842452 0.632189
0.822705 0.632189
0.822705 0.657014
0.791518 0.657014
0.791518 0.664077
0.800664 0.664077
0.800664 0.664936
0.802305 0.664936
0.802305 0.664968
0.799813 0.664968
0.799813 0.6668
0.835965 0.6668
0.835965 0.745417
0.83522 0.745417
0.83522 0.738115
0.835773 0.738115
0.835773 0.681953
0.825355 0.681953
0.825355 0.678892
0.814531 0.678892
0.814531 0.675792
0.797954 0.675792
0.797954 0.666333
0.772662 0.666333
0.772662 0.608207
0.779502 0.608207
0.779502 0.601654
0.787462 0.601654
0.787462 0.603272
0.783448 0.603272
0.783448 0.616499
0.773649 0.616499
0.773649 0.633592
0.796413 0.633592
0.796413 0.63675
0.780776 0.63675
0.780776 0.654912
0.815513 0.654912
0.815513 0.598962
0.811525 0.598962
0.811525 0.645738
0.804816 0.645738
0.804816 0.577018
0.819326 0.577018
0.819326 0.59959
0.822017 0.59959
0.822017 0.578181
0.821149 0.578181
0.821149 0.574633
0.806945 0.574633
0.806945 0.573197
0.835473 0.573197
0.835473 0.574482
0.859631 0.574482
0.859631 0.527557
0.849328 0.527557
0.849328 0.511269
0.856259 0.511269
0.856259 0.480583
0.793039 0.480583
0.793039 0.493579
0.771074 0.493579
0.771074 0.491714
0.757162 0.491714
0.757162 0.509925
0.785733 0.509925
0.785733 0.507477
0.796034 0.507477
0.796034 0.505569
0.843929 0.505569
0.843929 0.505983
0.841926 0.505983
0.841926 0.506881
0.817579 0.506881
0.817579 0.531532
0.750768 0.531532
0.750768 0.560691
0.752921 0.560691
0.752921 0.532928
0.786743 0.532928
0.786743 0.532551
0.837231 0.532551
0.837231 0.534329
0.767051 0.534329
0.767051 0.535992
0.825121 0.535992
0.825121 0.567569
0.803519 0.567569
0.803519 0.548656
0.793718 0.548656
0.793718 0.5373
0.754368 0.5373
0.754368 0.647069
0.755351 0.647069
0.755351 0.629421
0.763882 0.629421
0.763882 0.766471
0.764117 0.766471
0.764117 0.716657
0.765722 0.716657
0.765722 0.801287
0.765269 0.801287
0.765269 0.858344
0.765382 0.858344
0.765382 0.918012
0.74934 0.918012
0.74934 0.938816
0.748115 0.938816
0.748115 0.937066
0.747119 0.937066
0.747119 0.883159
0.747746 0.883159
0.747746 0.870433
0.755652 0.870433
0.755652 0.854773
0.756805 0.854773
0.756805 0.900364
0.758962 0.900364
0.758962 0.798805
0.758964 0.798805
0.758964 0.885794
0.762606 0.885794
0.762606 0.76352
0.760646 0.76352
0.760646 0.755532
0.761141 0.755532
0.761141 0.738497
0.76062 0.738497
0.76062 0.708493
0.753258 0.708493
0.753258 0.702039
0.756741 0.702039
0.756741 0.677737
0.749765 0.677737
0.749765 0.558706
0.745636 0.558706
0.745636 0.52404
0.737455 0.52404
0.737455 0.784686
0.734451 0.784686
0.734451 0.917035
0.7279 0.917035
0.7279 0.923788
0.668273 0.923788
0.668273 0.927484
0.728298 0.927484
0.728298 0.945034
0.723309 0.945034
0.723309 0.928444
0.7058 0.928444
0.7058 0.932276
0.71816 0.932276
0.71816 0.95127
0.643616 0.95127
0.643616 0.958641
0.640272 0.958641
0.640272 0.961589
0.637264 0.961589
0.637264 0.958605
0.635977 0.958605
0.635977 0.956182
0.623419 0.956182
0.623419 0.956603
0.619989 0.956603
0.619989 0.95627
0.617857 0.95627
0.617857 0.918607
0.616774 0.918607
0.616774 0.910325
0.639083 0.910325
0.639083 0.895145
0.63721 0.895145
0.63721 0.90826
0.613407 0.90826
0.613407 0.904845
0.584566 0.904845
0.584566 0.729493
0.610179 0.729493
0.610179 0.728293
0.587421 0.728293
0.587421 0.728213
0.583701 0.728213
0.583701 0.561852
0.585715 0.561852
0.585715 0.474549
0.587467 0.474549
0.587467 0.454436
0.603362 0.454436
0.603362 0.50412
0.596802 0.50412
0.596802 0.550819
0.607723 0.550819
0.607723 0.457711
0.607426 0.457711
0.607426 0.390027
0.496589 0.390027
0.496589 0.39259
0.484062 0.39259
0.484062 0.394383
0.39945 0.394383
0.39945 0.400227
0.367146 0.400227
0.367146 0.402791
0.467628 0.402791
0.467628 0.410248
0.467314 0.410248
0.467314 0.412468
0.287432 0.412468
0.287432 0.412429
0.248723 0.412429
0.248723 0.427574
0.361464 0.427574
0.361464 0.426379
0.330436 0.426379
0.330436 0.425873
0.330679 0.425873
0.330679 0.413381
0.395161 0.413381
0.395161 0.427424
0.432243 0.427424
0.432243 0.431325
0.353269 0.431325
0.353269 0.435027
0.280904 0.435027
0.280904 0.432804
0.265978 0.432804
0.265978 0.44582
0.277079 0.44582
0.277079 0.445036
0.284086 0.445036
0.284086 0.444045
0.331746 0.444045
0.331746 0.437282
0.333026 0.437282
0.333026 0.442216
0.415521 0.442216
0.415521 0.439157
0.47396 0.439157
0.47396 0.437394
0.369434 0.437394
0.369434 0.436937
0.524363 0.436937
0.524363 0.439254
0.547666 0.439254
0.547666 0.446229
0.57761 0.446229
0.57761 0.461626
0.576644 0.461626
0.576644 0.522041
0.576916 0.522041
0.576916 0.640726
0.573668 0.640726
0.573668 0.735716
0.575572 0.735716
0.575572 0.830232
0.577433 0.830232
0.577433 0.896899
0.576737 0.896899
0.576737 0.875223
0.571222 0.875223
0.571222 0.929602
0.569192 0.929602
0.569192 0.857497
0.561979 0.857497
0.561979 0.788848
0.573581 0.788848
0.573581 0.690165
0.566283 0.690165
0.566283 0.768987
0.560733 0.768987
0.560733 0.705804
0.556516 0.705804
0.556516 0.718524
0.553945 0.718524
0.553945 0.915239
0.555014 0.915239
0.555014 0.922536
0.560712 0.922536
0.560712 0.940562
0.534255 0.940562
0.534255 0.844693
0.526668 0.844693
0.526668 0.896635
0.52643 0.896635
0.52643 0.880589
0.52395 0.880589
0.52395 0.893982
0.52355 0.893982
0.52355 0.834747
0.526566 0.834747
0.526566 0.814519
0.523981 0.814519
0.523981 0.812225
0.533479 0.812225
0.533479 0.835261
0.535952 0.835261
0.535952 0.780595
0.533934 0.780595
0.533934 0.728852
0.53678 0.728852
0.53678 0.601133
0.525389 0.601133
0.525389 0.590814
0.540035 0.590814
0.540035 0.612963
0.545471 0.612963
0.545471 0.701554
0.539116 0.701554
0.539116 0.759354
0.536427 0.759354
0.536427 0.934371
0.537723 0.934371
0.537723 0.932244
0.542321 0.932244
0.542321 0.939194
0.5529 0.939194
0.5529 0.769729
0.550223 0.769729
0.550223 0.679465
0.552405 0.679465
0.552405 0.699539
0.553426 0.699539
0.553426 0.668979
0.545996 0.668979
0.545996 0.654652
0.553829 0.654652
0.553829 0.626263
0.554373 0.626263
0.554373 0.520211
0.549237 0.520211
0.549237 0.54329
0.549178 0.54329
0.549178 0.516168
0.555296 0.516168
0.555296 0.487094
0.529507 0.487094
0.529507 0.488583
0.458357 0.488583
0.458357 0.496689
0.450067 0.496689
0.450067 0.48872
0.354295 0.48872
0.354295 0.483776
0.264275 0.483776
0.264275 0.500307
0.223949 0.500307
0.223949 0.512142
0.234342 0.512142
0.234342 0.506506
0.236121 0.506506
0.236121 0.508838
0.385378 0.508838
0.385378 0.503617
0.437725 0.503617
0.437725 0.522143
0.4125 0.522143
0.4125 0.553479
0.423782 0.553479
0.423782 0.558386
0.417983 0.558386
0.417983 0.567108
0.407225 0.567108
0.407225 0.566372
0.377317 0.566372
0.377317 0.570037
0.353462 0.570037
0.353462 0.571783
0.443279 0.571783
0.443279 0.539182
0.445307 0.539182
0.445307 0.573223
0.397588 0.573223
0.397588 0.575608
0.38024 0.575608
0.38024 0.572841
0.344456 0.572841
0.344456 0.591197
0.349913 0.591197
0.349913 0.606885
0.359241 0.606885
0.359241 0.617819
0.363567 0.617819
0.363567 0.657738
0.373155 0.657738
0.373155 0.64018
0.375908 0.64018
0.375908 0.68541
0.401833 0.68541
0.401833 0.667409
0.382931 0.667409
0.382931 0.62422
0.381144 0.62422
0.381144 0.576742
0.422831 0.576742
0.422831 0.591029
0.402317 0.591029
0.402317 0.594553
0.390834 0.594553
0.390834 0.640263
0.400539 0.640263
0.400539 0.661973
0.406455 0.661973
0.406455 0.802972
0.412124 0.802972
0.412124 0.800996
0.413868 0.800996
0.413868 0.741804
0.425266 0.741804
0.425266 0.734537
0.432275 0.734537
0.432275 0.758268
0.440131 0.758268
0.440131 0.766866
0.445607 0.766866
0.445607 0.774759
0.454225 0.774759
0.454225 0.780958
0.458168 0.780958
0.458168 0.608776
0.4567 0.608776
0.4567 0.532223
0.467641 0.532223
0.467641 0.571329
0.462345 0.571329
0.462345 0.61162
0.459188 0.61162
0.459188 0.705704
0.459709 0.705704
0.459709 0.776484
0.498042 0.776484
0.498042 0.759764
0.491653 0.759764
0.491653 0.751779
0.496269 0.751779
0.496269 0.704982
0.492829 0.704982
0.492829 0.581207
0.498373 0.581207
0.498373 0.592366
0.494083 0.592366
0.494083 0.700496
0.499133 0.700496
0.499133 0.78329
0.490849 0.78329
0.490849 0.776578
0.471229 0.776578
0.471229 0.785837
0.44081 0.785837
0.44081 0.796977
0.510294 0.796977
0.510294 0.828728
0.514143 0.828728
0.514143 0.81007
0.518663 0.81007
0.518663 0.790588
0.511553 0.790588
0.511553 0.780236
0.50328 0.780236
0.50328 0.766509
0.514987 0.766509
0.514987 0.77567
0.522098 0.77567
0.522098 0.780577
0.519018 0.780577
0.519018 0.823729
0.522304 0.823729
0.522304 0.867994
0.515518 0.867994
0.515518 0.842864
0.505053 0.842864
0.505053 0.824861
0.506316 0.824861
0.506316 0.801281
0.446616 0.801281
0.446616 0.804236
0.445334 0.804236
0.445334 0.798676
0.433278 0.798676
0.433278 0.804146
0.395781 0.804146
0.395781 0.810543
0.404769 0.810543
0.404769 0.817639
0.443135 0.817639
0.443135 0.819823
0.399215 0.819823
0.399215 0.823069
0.401291 0.823069
0.401291 0.82801
0.405982 0.82801
0.405982 0.845929
0.383405 0.845929
0.383405 0.840488
0.379108 0.840488
0.379108 0.80331
0.388443 0.80331
0.388443 0.788291
0.38395 0.788291
0.38395 0.776618
0.391 0.776618
0.391 0.766714
0.372358 0.766714
0.372358 0.812788
0.368923 0.812788
0.368923 0.76539
0.378456 0.76539
0.378456 0.763508
0.392706 0.763508
0.392706 0.786073
0.403953 0.786073
0.403953 0.698638
0.370437 0.698638
0.370437 0.674936
0.358708 0.674936
0.358708 0.672716
0.359538 0.672716
0.359538 0.646555
0.356357 0.646555
0.356357 0.60966
0.346349 0.60966
0.346349 0.606046
0.342054 0.606046
0.342054 0.605815
0.338062 0.605815
0.338062 0.684433
0.335375 0.684433
0.335375 0.665108
0.333899 0.665108
0.333899 0.594694
0.331391 0.594694
0.331391 0.574162
0.334966 0.574162
0.334966 0.656497
0.336882 0.656497
0.336882 0.593122
0.341959 0.593122
0.341959 0.571183
0.337924 0.571183
0.337924 0.567525
0.354273 0.567525
0.354273 0.562778
0.406031 0.562778
0.406031 0.525653
0.3291 0.525653
0.3291 0.55125
0.312978 0.55125
0.312978 0.736019
0.311687 0.736019
0.311687 0.87918
0.314914 0.87918
0.314914 0.771112
0.316272 0.771112
0.316272 0.731896
0.321844 0.731896
0.321844 0.888004
0.319537 0.888004
0.319537 0.804249
0.315968 0.804249
0.315968 0.935985
0.299015 0.935985
0.299015 0.939334
0.32432 0.939334
0.32432 0.947263
0.315776 0.947263
0.315776 0.940039
0.313886 0.940039
0.313886 0.949307
0.34191 0.949307
0.34191 0.956219
0.331716 0.956219
0.331716 0.959611
0.295224 0.959611
0.295224 0.937044
0.297888 0.937044
0.297888 0.935043
0.310533 0.935043
0.310533 0.82916
0.310355 0.82916
0.310355 0.644299
0.307786 0.644299
0.307786 0.861637
0.299692 0.861637
0.299692 0.782436
0.307703 0.782436
0.307703 0.733105
0.29961 0.733105
0.29961 0.628149
0.303638 0.628149
0.303638 0.640791
0.304827 0.640791
0.304827 0.716383
0.306665 0.716383
0.306665 0.547448
0.236852 0.547448
0.236852 0.552975
0.277968 0.552975
0.277968 0.82409
0.264321 0.82409
0.264321 0.83453
0.283726 0.83453
0.283726 0.908669
0.282049 0.908669
0.282049 0.932909
0.279402 0.932909
0.279402 0.914768
0.25781 0.914768
0.25781 0.8925
0.279312 0.8925
0.279312 0.854544
0.279084 0.854544
0.279084 0.862073
0.277207 0.862073
0.277207 0.862015
0.25804 0.862015
0.25804 0.864143
0.25433 0.864143
0.25433 0.890571
0.252751 0.890571
0.252751 0.858231
0.245793 0.858231
0.245793 0.862466
0.212778 0.862466
0.212778 0.874406
0.173563 0.874406
0.173563 0.871819
0.169759 0.871819
0.169759 0.879492
0.179019 0.879492
0.179019 0.882787
0.18184 0.882787
0.18184 0.885491
0.141126 0.885491
0.141126 0.886083
0.135933 0.886083
0.135933 0.840923
0.147159 0.840923
0.147159 0.747324
0.142765 0.747324
0.142765 0.73219
0.106042 0.73219
0.106042 0.699015
0.106198 0.699015
0.106198 0.68684
0.106915 0.68684
0.106915 0.679364
0.111819 0.679364
0.111819 0.663429
0.118452 0.663429
0.118452 0.652339
0.0582481 0.652339
0.0582481 0.671546
0.0247027 0.671546
0.0247027 0.673643
0.0396782 0.673643
0.0396782 0.674931
0.0436512 0.674931
0.0436512 0.715479
0.0427801 0.715479
0.0427801 0.702118
0.0335641 0.702118
0.0335641 0.7178
0.0114079 0.7178
0.0114079 0.760331
0.0093027 0.760331
0.0093027 0.883549
0.0145339 0.883549
0.0145339 0.778027
0.0155978 0.778027
0.0155978 0.819814
0.0182938 0.819814
0.0182938 0.921206
0.0153521 0.921206
0.0153521 0.938396
0.0149368 0.938396
0.0149368 0.964394
0.0138304 0.964394
0.0138304 0.967254
0.0235714 0.967254
0.0235714 0.973428
0.0557171 0.973428
0.0557171 0.972198
0.0832284 0.972198
0.0832284 0.981736
0.0934857 0.981736
0.0934857 0.971112
0.110004 0.971112
0.110004 0.971881
0.120203 0.971881
0.120203 0.978084
0.147304 0.978084
0.147304 0.970873
0.166488 0.970873
0.166488 0.975902
0.151489 0.975902
0.151489 0.981475
0.163106 0.981475
0.163106 0.983472
0.106162 0.983472
0.106162 0.97672
0.108035 0.97672
0.108035 0.973426
0.105481 0.973426
0.105481 0.981887
0.0412663 0.981887
0.0412663 0.983436
0.0295389 0.983436
0.0295389 0.979992
0.0742291 0.979992
0.0742291 0.979428
0.0527327 0.979428
0.0527327 0.975369
0.0183016 0.975369
0.0183016 0.989706
0.0196543 0.989706
0.0196543 0.983664
0.0462539 0.983664
0.0462539 0.984188
0.070454 0.984188
0.070454 0.992078
0.0850079 0.992078
0.0850079 0.993111
0.0863534 0.993111
0.0863534 0.995433
0.0871868 0.995433
0.0871868 0.987401
0.101059 0.987401
0.101059 0.985275
0.108579 0.985275
0.108579 0.994114
0.123165 0.994114
0.123165 0.995996
0.103824 0.995996
0.103824 0.99169
0.10613 0.99169
0.10613 0.989902
0.101628 0.989902
0.101628 0.993564
0.0980557 0.993564
0.0980557 0.996271
0.0879278 0.996271
0.0879278 0.996413
0.0586048 0.996413
0.0586048 0.988394
0.0666128 0.988394
0.0666128 0.986018
0.0579876 0.986018
0.0579876 0.98458
0.0387271 0.98458
0.0387271 1
