32
0.60411 1
0.60411 0.66501
0.628176 0.66501
0.628176 0.312012
0.516816 0.312012
0.516816 0.360541
0.0639498 0.360541
0.0639498 0.483078
0.405808 0.483078
0.405808 0.779341
0.524035 0.779341
0.524035 0.801833
0.434428 0.801833
0.434428 0.806097
0.293723 0.806097
0.293723 0.572963
0 0.572963
0 0.288623
0.338951 0.288623
0.338951 0.188217
0.48896 0.188217
0.48896 0
1 0
1 0.099991
0.745683 0.099991
0.745683 0.617874
0.709455 0.617874
0.709455 0.46642
0.700271 0.46642
0.700271 0.0876167
0.63914 0.0876167
0.63914 1
