1024
0.564187 1
0.564187 0.998273
0.57916 0.998273
0.57916 0.958314
0.577386 0.958314
0.577386 0.940652
0.590863 0.940652
0.590863 0.974697
0.602344 0.974697
0.602344 0.896698
0.592562 0.896698
0.592562 0.70401
0.590407 0.70401
0.590407 0.925254
0.568518 0.925254
0.568518 0.752093
0.57632 0.752093
0.57632 0.687409
0.569582 0.687409
0.569582 0.611795
0.595735 0.611795
0.595735 0.578642
0.573735 0.578642
0.573735 0.550236
0.574055 0.550236
0.574055 0.378882
0.625412 0.378882
0.625412 0.3866
0.633264 0.3866
0.633264 0.327101
0.635038 0.327101
0.635038 0.239901
0.61773 0.239901
0.61773 0.20645
0.641417 0.20645
0.641417 0.0857841
0.638306 0.0857841
0.638306 0.090262
0.590918 0.090262
0.590918 0.0955537
0.557924 0.0955537
0.557924 0.0841502
0.568242 0.0841502
0.568242 0.0825245
0.540006 0.0825245
0.540006 0.0947877
0.492607 0.0947877
0.492607 0.087154
0.411583 0.087154
0.411583 0.0819661
0.24446 0.0819661
0.24446 0.113359
0.270419 0.113359
0.270419 0.103136
0.276264 0.103136
0.276264 0.144532
0.265689 0.144532
0.265689 0.157087
0.265477 0.157087
0.265477 0.189996
0.152454 0.189996
0.152454 0.204174
0.11791 0.204174
0.11791 0.169636
0.214887 0.169636
0.214887 0.13576
0.212422 0.13576
0.212422 0.112199
0.209541 0.112199
0.209541 0.13273
0.20888 0.13273
0.20888 0.15663
0.160805 0.15663
0.160805 0.148752
0.157517 0.148752
0.157517 0.11161
0.11583 0.11161
0.11583 0.113167
0.034812 0.113167
0.034812 0.150684
0.0834631 0.150684
0.0834631 0.158467
0.113818 0.158467
0.113818 0.158508
0.0813134 0.158508
0.0813134 0.187379
0.0927172 0.187379
0.0927172 0.181022
0.109117 0.181022
0.109117 0.201333
0.104116 0.201333
0.104116 0.230313
0.243539 0.230313
0.243539 0.227302
0.332561 0.227302
0.332561 0.232311
0.544207 0.232311
0.544207 0.240883
0.552386 0.240883
0.552386 0.226621
0.461178 0.226621
0.461178 0.221854
0.382226 0.221854
0.382226 0.227057
0.299025 0.227057
0.299025 0.209002
0.319217 0.209002
0.319217 0.216459
0.302845 0.216459
0.302845 0.218388
0.556087 0.218388
0.556087 0.246073
0.533358 0.246073
0.533358 0.41259
0.537961 0.41259
0.537961 0.506729
0.482508 0.506729
0.482508 0.541414
0.473651 0.541414
0.473651 0.558905
0.485355 0.558905
0.485355 0.802782
0.508613 0.802782
0.508613 0.83221
0.517435 0.83221
0.517435 0.825911
0.512915 0.825911
0.512915 0.713723
0.515209 0.713723
0.515209 0.808743
0.533797 0.808743
0.533797 0.796018
0.53594 0.796018
0.53594 0.913127
0.548336 0.913127
0.548336 0.916984
0.548641 0.916984
0.548641 0.934948
0.550246 0.934948
0.550246 0.912205
0.556996 0.912205
0.556996 0.933987
0.558667 0.933987
0.558667 0.936279
0.536851 0.936279
0.536851 0.940897
0.533561 0.940897
0.533561 0.903995
0.37508 0.903995
0.37508 0.75541
0.372782 0.75541
0.372782 0.706583
0.374341 0.706583
0.374341 0.689075
0.373443 0.689075
0.373443 0.645017
0.35777 0.645017
0.35777 0.43487
0.348165 0.43487
0.348165 0.413631
0.343715 0.413631
0.343715 0.461107
0.342749 0.461107
0.342749 0.607823
0.340781 0.607823
0.340781 0.907916
0.316553 0.907916
0.316553 0.844614
0.315364 0.844614
0.315364 0.820462
0.32145 0.820462
0.32145 0.760221
0.306558 0.760221
0.306558 0.906658
0.247835 0.906658
0.247835 0.898639
0.241893 0.898639
0.241893 0.692337
0.229751 0.692337
0.229751 0.8152
0.235535 0.8152
0.235535 0.926766
0.242004 0.926766
0.242004 0.925917
0.302573 0.925917
0.302573 0.952856
0.289689 0.952856
0.289689 0.994516
0.326619 0.994516
0.326619 0.962263
0.371465 0.962263
0.371465 0.962478
0.482426 0.962478
0.482426 0.971329
0.372532 0.971329
0.372532 0.977671
0.429564 0.977671
0.429564 0.976447
0.438839 0.976447
0.438839 0.974901
0.444873 0.974901
0.444873 0.979044
0.541826 0.979044
0.541826 0.987483
0.557987 0.987483
0.557987 0.98818
0.361644 0.98818
0.361644 0.999197
0.359854 0.999197
0.359854 0.995953
0.346074 0.995953
0.346074 0.998016
0.302975 0.998016
0.302975 0.998002
0.33007 0.998002
0.33007 0.995487
0.283898 0.995487
0.283898 0.956623
0.234189 0.956623
0.234189 0.956143
0.27184 0.956143
0.27184 0.941805
0.247147 0.941805
0.247147 0.948585
0.232627 0.948585
0.232627 0.924854
0.215501 0.924854
0.215501 0.855511
0.217 0.855511
0.217 0.628568
0.222004 0.628568
0.222004 0.921118
0.225657 0.921118
0.225657 0.64845
0.250082 0.64845
0.250082 0.566077
0.262939 0.566077
0.262939 0.702785
0.26201 0.702785
0.26201 0.67944
0.257208 0.67944
0.257208 0.678971
0.256739 0.678971
0.256739 0.65812
0.246568 0.65812
0.246568 0.728344
0.261436 0.728344
0.261436 0.899671
0.295917 0.899671
0.295917 0.902702
0.299079 0.902702
0.299079 0.600539
0.301049 0.600539
0.301049 0.706759
0.32787 0.706759
0.32787 0.742586
0.33301 0.742586
0.33301 0.727712
0.338377 0.727712
0.338377 0.339695
0.359935 0.339695
0.359935 0.319877
0.274025 0.319877
0.274025 0.320763
0.273912 0.320763
0.273912 0.380061
0.27398 0.380061
0.27398 0.422521
0.262158 0.422521
0.262158 0.401811
0.208796 0.401811
0.208796 0.518648
0.208528 0.518648
0.208528 0.541487
0.18433 0.541487
0.18433 0.36747
0.17886 0.36747
0.17886 0.29166
0.111503 0.29166
0.111503 0.28121
0.101243 0.28121
0.101243 0.305666
0.115208 0.305666
0.115208 0.338223
0.114804 0.338223
0.114804 0.341011
0.12407 0.341011
0.12407 0.357732
0.102619 0.357732
0.102619 0.361093
0.164099 0.361093
0.164099 0.374749
0.0202421 0.374749
0.0202421 0.453393
0.0261766 0.453393
0.0261766 0.417667
0.0537398 0.417667
0.0537398 0.415874
0.0702083 0.415874
0.0702083 0.431381
0.0401733 0.431381
0.0401733 0.453918
0.0645808 0.453918
0.0645808 0.540976
0.105057 0.540976
0.105057 0.539019
0.146488 0.539019
0.146488 0.543368
0.123932 0.543368
0.123932 0.636923
0.126269 0.636923
0.126269 0.592147
0.139054 0.592147
0.139054 0.756371
0.139096 0.756371
0.139096 0.796102
0.13938 0.796102
0.13938 0.93005
0.133064 0.93005
0.133064 0.774624
0.124031 0.774624
0.124031 0.824087
0.126296 0.824087
0.126296 0.890966
0.126121 0.890966
0.126121 0.892787
0.0903763 0.892787
0.0903763 0.805753
0.0854334 0.805753
0.0854334 0.752651
0.0778956 0.752651
0.0778956 0.84046
0.0630248 0.84046
0.0630248 0.859493
0.0622252 0.859493
0.0622252 0.922807
0.0615652 0.922807
0.0615652 0.903191
0.0582668 0.903191
0.0582668 0.882332
0.0511891 0.882332
0.0511891 0.822526
0.0580251 0.822526
0.0580251 0.755802
0.0313913 0.755802
0.0313913 0.739414
0.0374656 0.739414
0.0374656 0.71608
0.0270904 0.71608
0.0270904 0.739859
0.0253056 0.739859
0.0253056 0.77357
0.0158561 0.77357
0.0158561 0.899275
0.0111131 0.899275
0.0111131 0.958372
0.00821137 0.958372
0.00821137 0.648487
0.010617 0.648487
0.010617 0.694204
0.0345576 0.694204
0.0345576 0.703442
0.0387394 0.703442
0.0387394 0.743285
0.0862036 0.743285
0.0862036 0.702651
0.0426665 0.702651
0.0426665 0.650611
0.090597 0.650611
0.090597 0.699621
0.0963517 0.699621
0.0963517 0.639374
0.111214 0.639374
0.111214 0.659615
0.113199 0.659615
0.113199 0.681574
0.0994367 0.681574
0.0994367 0.849365
0.110635 0.849365
0.110635 0.869816
0.114832 0.869816
0.114832 0.755575
0.12324 0.755575
0.12324 0.613101
0.0505892 0.613101
0.0505892 0.612458
0.110771 0.612458
0.110771 0.607611
0.117896 0.607611
0.117896 0.602163
0.0724311 0.602163
0.0724311 0.558952
0.0950182 0.558952
0.0950182 0.549284
0.0439225 0.549284
0.0439225 0.572024
0.0113683 0.572024
0.0113683 0.542019
0.0557028 0.542019
0.0557028 0.523859
0.03762 0.523859
0.03762 0.503785
0 0.503785
0 0.478358
0.00781535 0.478358
0.00781535 0.498975
0.0366861 0.498975
0.0366861 0.475277
0.00506306 0.475277
0.00506306 0.347167
0.0823634 0.347167
0.0823634 0.345674
0.0823736 0.345674
0.0823736 0.317643
0.0632859 0.317643
0.0632859 0.31057
0.0698482 0.31057
0.0698482 0.311734
0.0893576 0.311734
0.0893576 0.281016
0.188053 0.281016
0.188053 0.276463
0.150745 0.276463
0.150745 0.258202
0.1783 0.258202
0.1783 0.26686
0.185065 0.26686
0.185065 0.270116
0.195344 0.270116
0.195344 0.346054
0.191937 0.346054
0.191937 0.288181
0.186219 0.288181
0.186219 0.335138
0.184414 0.335138
0.184414 0.349293
0.186256 0.349293
0.186256 0.465377
0.187778 0.465377
0.187778 0.483783
0.196506 0.483783
0.196506 0.527382
0.198934 0.527382
0.198934 0.541215
0.201805 0.541215
0.201805 0.460281
0.206909 0.460281
0.206909 0.391265
0.273806 0.391265
0.273806 0.383411
0.244281 0.383411
0.244281 0.34784
0.258124 0.34784
0.258124 0.317344
0.216645 0.317344
0.216645 0.301784
0.220977 0.301784
0.220977 0.313155
0.237333 0.313155
0.237333 0.292979
0.24536 0.292979
0.24536 0.312588
0.241411 0.312588
0.241411 0.315308
0.292082 0.315308
0.292082 0.304138
0.360041 0.304138
0.360041 0.589539
0.366078 0.589539
0.366078 0.571099
0.369758 0.571099
0.369758 0.491592
0.378585 0.491592
0.378585 0.601921
0.380066 0.601921
0.380066 0.82243
0.400536 0.82243
0.400536 0.585181
0.40201 0.585181
0.40201 0.583208
0.404857 0.583208
0.404857 0.734961
0.412478 0.734961
0.412478 0.883845
0.408963 0.883845
0.408963 0.852802
0.385043 0.852802
0.385043 0.825693
0.384188 0.825693
0.384188 0.900781
0.407261 0.900781
0.407261 0.893249
0.516347 0.893249
0.516347 0.897926
0.530563 0.897926
0.530563 0.822757
0.51912 0.822757
0.51912 0.854905
0.418144 0.854905
0.418144 0.814001
0.471572 0.814001
0.471572 0.811051
0.472321 0.811051
0.472321 0.826969
0.47545 0.826969
0.47545 0.603372
0.466465 0.603372
0.466465 0.498161
0.465322 0.498161
0.465322 0.653098
0.453467 0.653098
0.453467 0.489995
0.436611 0.489995
0.436611 0.663528
0.440288 0.663528
0.440288 0.668577
0.461081 0.668577
0.461081 0.727116
0.460069 0.727116
0.460069 0.739941
0.455948 0.739941
0.455948 0.73656
0.429096 0.73656
0.429096 0.517104
0.430882 0.517104
0.430882 0.483641
0.432926 0.483641
0.432926 0.427009
0.446213 0.427009
0.446213 0.420629
0.483289 0.420629
0.483289 0.385362
0.486705 0.385362
0.486705 0.315646
0.480062 0.315646
0.480062 0.315097
0.404913 0.315097
0.404913 0.309558
0.413076 0.309558
0.413076 0.297784
0.489573 0.297784
0.489573 0.41936
0.512584 0.41936
0.512584 0.422613
0.515623 0.422613
0.515623 0.452118
0.487305 0.452118
0.487305 0.444406
0.486637 0.444406
0.486637 0.466961
0.44427 0.466961
0.44427 0.443781
0.43783 0.443781
0.43783 0.487903
0.533094 0.487903
0.533094 0.399356
0.526296 0.399356
0.526296 0.364598
0.522299 0.364598
0.522299 0.266134
0.420558 0.266134
0.420558 0.246924
0.381966 0.246924
0.381966 0.262637
0.361324 0.262637
0.361324 0.239459
0.115077 0.239459
0.115077 0.234486
0.0643599 0.234486
0.0643599 0.191344
0.0631361 0.191344
0.0631361 0.184643
0.0266039 0.184643
0.0266039 0.206669
0.0239915 0.206669
0.0239915 0.107156
0.0683714 0.107156
0.0683714 0.10576
0.0285383 0.10576
0.0285383 0.096556
0.152419 0.096556
0.152419 0.0979846
0.179853 0.0979846
0.179853 0.136146
0.203224 0.136146
0.203224 0.101758
0.219547 0.101758
0.219547 0.172787
0.222023 0.172787
0.222023 0.116712
0.235455 0.116712
0.235455 0.148089
0.235889 0.148089
0.235889 0.0671812
0.225102 0.0671812
0.225102 0.0437962
0.280136 0.0437962
0.280136 0.0646187
0.277041 0.0646187
0.277041 0.0732894
0.530953 0.0732894
0.530953 0.0796353
0.609333 0.0796353
0.609333 0.0615201
0.568544 0.0615201
0.568544 0.0603185
0.637839 0.0603185
0.637839 0.0456811
0.565051 0.0456811
0.565051 0.061515
0.558557 0.061515
0.558557 0.0484281
0.501381 0.0484281
0.501381 0.0499312
0.485673 0.0499312
0.485673 0.047422
0.410639 0.047422
0.410639 0.0376022
0.412182 0.0376022
0.412182 0.00836066
0.551401 0.00836066
0.551401 0.0363762
0.560287 0.0363762
0.560287 0.00381798
0.9452 0.00381798
0.9452 0.00313374
0.840395 0.00313374
0.840395 0
0.997525 0
0.997525 0.00257653
0.85331 0.00257653
0.85331 0.0030292
0.998204 0.0030292
0.998204 0.0231521
0.90925 0.0231521
0.90925 0.0154736
0.680892 0.0154736
0.680892 0.0113788
0.99641 0.0113788
0.99641 0.00443495
0.859668 0.00443495
0.859668 0.00774413
0.562606 0.00774413
0.562606 0.0278171
0.784539 0.0278171
0.784539 0.0259548
0.927465 0.0259548
0.927465 0.0233662
0.996315 0.0233662
0.996315 0.0338192
0.995149 0.0338192
0.995149 0.113683
0.993792 0.113683
0.993792 0.0492929
0.994184 0.0492929
0.994184 0.03401
0.956413 0.03401
0.956413 0.0364896
0.855088 0.0364896
0.855088 0.184496
0.840203 0.184496
0.840203 0.188962
0.724692 0.188962
0.724692 0.176234
0.689795 0.176234
0.689795 0.210546
0.693217 0.210546
0.693217 0.310209
0.711001 0.310209
0.711001 0.29227
0.731586 0.29227
0.731586 0.294451
0.718791 0.294451
0.718791 0.349972
0.719048 0.349972
0.719048 0.32032
0.796425 0.32032
0.796425 0.322741
0.797227 0.322741
0.797227 0.552522
0.799532 0.552522
0.799532 0.355722
0.815936 0.355722
0.815936 0.374552
0.83102 0.374552
0.83102 0.557225
0.830499 0.557225
0.830499 0.498436
0.82441 0.498436
0.82441 0.503453
0.809365 0.503453
0.809365 0.519689
0.815944 0.519689
0.815944 0.558058
0.804636 0.558058
0.804636 0.570302
0.790774 0.570302
0.790774 0.589022
0.820231 0.589022
0.820231 0.571267
0.832018 0.571267
0.832018 0.578579
0.866824 0.578579
0.866824 0.579864
0.909528 0.579864
0.909528 0.473118
0.904079 0.473118
0.904079 0.269469
0.872687 0.269469
0.872687 0.296219
0.883297 0.296219
0.883297 0.335392
0.895584 0.335392
0.895584 0.391024
0.902303 0.391024
0.902303 0.433516
0.88877 0.433516
0.88877 0.404295
0.875165 0.404295
0.875165 0.362213
0.862646 0.362213
0.862646 0.350465
0.867393 0.350465
0.867393 0.258588
0.907223 0.258588
0.907223 0.249744
0.910769 0.249744
0.910769 0.219109
0.918788 0.219109
0.918788 0.280962
0.905749 0.280962
0.905749 0.450065
0.919213 0.450065
0.919213 0.312099
0.931771 0.312099
0.931771 0.432226
0.930757 0.432226
0.930757 0.515126
0.943203 0.515126
0.943203 0.509249
0.942088 0.509249
0.942088 0.402621
0.934761 0.402621
0.934761 0.344798
0.943616 0.344798
0.943616 0.25128
0.970505 0.25128
0.970505 0.280049
0.975246 0.280049
0.975246 0.298975
0.944235 0.298975
0.944235 0.555151
0.941972 0.555151
0.941972 0.583125
0.88123 0.583125
0.88123 0.61678
0.837014 0.61678
0.837014 0.578746
0.825487 0.578746
0.825487 0.593775
0.779534 0.593775
0.779534 0.559399
0.761385 0.559399
0.761385 0.519817
0.777645 0.519817
0.777645 0.323627
0.749968 0.323627
0.749968 0.589046
0.729665 0.589046
0.729665 0.536459
0.735755 0.536459
0.735755 0.52488
0.744043 0.52488
0.744043 0.539586
0.748622 0.539586
0.748622 0.44656
0.731848 0.44656
0.731848 0.469525
0.697823 0.469525
0.697823 0.459406
0.727717 0.459406
0.727717 0.445593
0.741582 0.445593
0.741582 0.335061
0.73663 0.335061
0.73663 0.437429
0.731728 0.437429
0.731728 0.361464
0.7181 0.361464
0.7181 0.322984
0.68644 0.322984
0.68644 0.370284
0.687173 0.370284
0.687173 0.419288
0.679315 0.419288
0.679315 0.314754
0.682102 0.314754
0.682102 0.272195
0.672915 0.272195
0.672915 0.619744
0.966774 0.619744
0.966774 0.602128
0.978972 0.602128
0.978972 0.590149
0.975085 0.590149
0.975085 0.555551
0.974833 0.555551
0.974833 0.538423
0.960981 0.538423
0.960981 0.529639
0.989779 0.529639
0.989779 0.538871
0.980186 0.538871
0.980186 0.602253
0.974427 0.602253
0.974427 0.647491
0.971157 0.647491
0.971157 0.656934
0.944259 0.656934
0.944259 0.914976
0.981719 0.914976
0.981719 0.849311
0.981127 0.849311
0.981127 0.802029
0.952224 0.802029
0.952224 0.764915
0.957287 0.764915
0.957287 0.755803
0.970898 0.755803
0.970898 0.786189
0.999846 0.786189
0.999846 0.841598
1 0.841598
1 0.920469
0.999072 0.920469
0.999072 0.905605
0.998555 0.905605
0.998555 0.801889
0.989625 0.801889
0.989625 0.924057
0.944239 0.924057
0.944239 0.665705
0.931218 0.665705
0.931218 0.699741
0.939255 0.699741
0.939255 0.758512
0.925386 0.758512
0.925386 0.653669
0.96386 0.653669
0.96386 0.641358
0.873601 0.641358
0.873601 0.64455
0.902082 0.64455
0.902082 0.873953
0.887438 0.873953
0.887438 0.851576
0.889147 0.851576
0.889147 0.805459
0.865831 0.805459
0.865831 0.823583
0.851763 0.823583
0.851763 0.797488
0.841581 0.797488
0.841581 0.760867
0.861922 0.760867
0.861922 0.732975
0.875515 0.732975
0.875515 0.773234
0.890004 0.773234
0.890004 0.729493
0.899684 0.729493
0.899684 0.678568
0.869973 0.678568
0.869973 0.68969
0.850983 0.68969
0.850983 0.655652
0.855029 0.655652
0.855029 0.646855
0.838893 0.646855
0.838893 0.64127
0.768516 0.64127
0.768516 0.78246
0.751441 0.78246
0.751441 0.800337
0.75748 0.800337
0.75748 0.805842
0.782647 0.805842
0.782647 0.679284
0.784619 0.679284
0.784619 0.708014
0.785879 0.708014
0.785879 0.844424
0.823012 0.844424
0.823012 0.87344
0.781717 0.87344
0.781717 0.884554
0.811384 0.884554
0.811384 0.889992
0.724074 0.889992
0.724074 0.754134
0.673601 0.754134
0.673601 0.707795
0.694704 0.707795
0.694704 0.632393
0.696295 0.632393
0.696295 0.739109
0.720126 0.739109
0.720126 0.69729
0.724749 0.69729
0.724749 0.871979
0.726829 0.871979
0.726829 0.774122
0.744303 0.774122
0.744303 0.727108
0.750129 0.727108
0.750129 0.699379
0.767773 0.699379
0.767773 0.653321
0.751583 0.653321
0.751583 0.687255
0.731909 0.687255
0.731909 0.659704
0.709851 0.659704
0.709851 0.639027
0.906686 0.639027
0.906686 0.636344
0.897696 0.636344
0.897696 0.625755
0.950405 0.625755
0.950405 0.625744
0.81294 0.625744
0.81294 0.621928
0.670603 0.621928
0.670603 0.513296
0.666422 0.513296
0.666422 0.21281
0.672755 0.21281
0.672755 0.225686
0.673227 0.225686
0.673227 0.162843
0.739822 0.162843
0.739822 0.170587
0.798644 0.170587
0.798644 0.161044
0.819546 0.161044
0.819546 0.183557
0.849161 0.183557
0.849161 0.116835
0.843792 0.116835
0.843792 0.110894
0.837904 0.110894
0.837904 0.110558
0.849365 0.110558
0.849365 0.0657453
0.821993 0.0657453
0.821993 0.0600032
0.840806 0.0600032
0.840806 0.0298173
0.7296 0.0298173
0.7296 0.0305882
0.563485 0.0305882
0.563485 0.0397073
0.619928 0.0397073
0.619928 0.0393767
0.6135 0.0393767
0.6135 0.0355653
0.620111 0.0355653
0.620111 0.0424177
0.540351 0.0424177
0.540351 0.0217879
0.493456 0.0217879
0.493456 0.0444859
0.65384 0.0444859
0.65384 0.0583663
0.643515 0.0583663
0.643515 0.208098
0.658572 0.208098
0.658572 0.210891
0.650986 0.210891
0.650986 0.209764
0.650484 0.209764
0.650484 0.21123
0.63615 0.21123
0.63615 0.385278
0.637578 0.385278
0.637578 0.45395
0.635271 0.45395
0.635271 0.514124
0.629367 0.514124
0.629367 0.408079
0.631968 0.408079
0.631968 0.399959
0.57621 0.399959
0.57621 0.495912
0.574292 0.495912
0.574292 0.511613
0.592473 0.511613
0.592473 0.47614
0.610122 0.47614
0.610122 0.476977
0.596711 0.476977
0.596711 0.551161
0.607065 0.551161
0.607065 0.615296
0.606893 0.615296
0.606893 0.630255
0.589179 0.630255
0.589179 0.672533
0.596758 0.672533
0.596758 0.704379
0.610206 0.704379
0.610206 0.918142
0.611435 0.918142
0.611435 0.960238
0.631369 0.960238
0.631369 0.92196
0.631795 0.92196
0.631795 0.936846
0.63845 0.936846
0.63845 0.952677
0.640278 0.952677
0.640278 0.991001
0.62386 0.991001
0.62386 1
