1024
0.150923 1
0.150923 0.995066
0.133236 0.995066
0.133236 0.898915
0.160688 0.898915
0.160688 0.88742
0.13657 0.88742
0.13657 0.818633
0.15588 0.818633
0.15588 0.815948
0.189449 0.815948
0.189449 0.803484
0.102606 0.803484
0.102606 0.883488
0.102026 0.883488
0.102026 0.93715
0.0758906 0.93715
0.0758906 0.9404
0.1088 0.9404
0.1088 0.971328
0.092583 0.971328
0.092583 0.956492
0.050505 0.956492
0.050505 0.945675
0.0562176 0.945675
0.0562176 0.943026
0.0641381 0.943026
0.0641381 0.85873
0.100535 0.85873
0.100535 0.796219
0.223723 0.796219
0.223723 0.832202
0.148801 0.832202
0.148801 0.856608
0.152052 0.856608
0.152052 0.857517
0.348746 0.857517
0.348746 0.842316
0.287497 0.842316
0.287497 0.824559
0.254682 0.824559
0.254682 0.803597
0.251371 0.803597
0.251371 0.784563
0.240223 0.784563
0.240223 0.781529
0.0573111 0.781529
0.0573111 0.780843
0.0900528 0.780843
0.0900528 0.778778
0.308252 0.778778
0.308252 0.783712
0.258065 0.783712
0.258065 0.791258
0.362279 0.791258
0.362279 0.791089
0.452767 0.791089
0.452767 0.791264
0.36775 0.791264
0.36775 0.833606
0.39265 0.833606
0.39265 0.805439
0.396993 0.805439
0.396993 0.792327
0.397309 0.792327
0.397309 0.810948
0.455088 0.810948
0.455088 0.782493
0.465099 0.782493
0.465099 0.85309
0.421462 0.85309
0.421462 0.851429
0.366851 0.851429
0.366851 0.80584
0.325829 0.80584
0.325829 0.836919
0.358884 0.836919
0.358884 0.857991
0.514223 0.857991
0.514223 0.765277
0.50819 0.765277
0.50819 0.774159
0.394009 0.774159
0.394009 0.76661
0.367387 0.76661
0.367387 0.77644
0.315063 0.77644
0.315063 0.756946
0.520222 0.756946
0.520222 0.805893
0.548193 0.805893
0.548193 0.846774
0.613378 0.846774
0.613378 0.840162
0.649523 0.840162
0.649523 0.750442
0.562602 0.750442
0.562602 0.752363
0.56134 0.752363
0.56134 0.707541
0.555164 0.707541
0.555164 0.67163
0.551589 0.67163
0.551589 0.646914
0.594779 0.646914
0.594779 0.608717
0.619565 0.608717
0.619565 0.608376
0.635204 0.608376
0.635204 0.587483
0.663832 0.587483
0.663832 0.582063
0.709985 0.582063
0.709985 0.581219
0.797182 0.581219
0.797182 0.576028
0.701139 0.576028
0.701139 0.573193
0.801725 0.573193
0.801725 0.547959
0.799231 0.547959
0.799231 0.54566
0.75436 0.54566
0.75436 0.551567
0.7099 0.551567
0.7099 0.566487
0.704885 0.566487
0.704885 0.552455
0.679913 0.552455
0.679913 0.559474
0.682315 0.559474
0.682315 0.563855
0.66278 0.563855
0.66278 0.552557
0.542924 0.552557
0.542924 0.547673
0.3213 0.547673
0.3213 0.546405
0.233786 0.546405
0.233786 0.554177
0.249794 0.554177
0.249794 0.558598
0.224784 0.558598
0.224784 0.569662
0.20387 0.569662
0.20387 0.583639
0.301791 0.583639
0.301791 0.61061
0.322704 0.61061
0.322704 0.587214
0.367882 0.587214
0.367882 0.58291
0.358594 0.58291
0.358594 0.578604
0.393002 0.578604
0.393002 0.601714
0.364837 0.601714
0.364837 0.616122
0.400332 0.616122
0.400332 0.679011
0.390798 0.679011
0.390798 0.67564
0.385546 0.67564
0.385546 0.668646
0.399457 0.668646
0.399457 0.641648
0.397172 0.641648
0.397172 0.626002
0.338977 0.626002
0.338977 0.641506
0.300616 0.641506
0.300616 0.641277
0.263184 0.641277
0.263184 0.65143
0.254173 0.65143
0.254173 0.652197
0.242104 0.652197
0.242104 0.719383
0.244589 0.719383
0.244589 0.728365
0.230067 0.728365
0.230067 0.726099
0.18292 0.726099
0.18292 0.718786
0.220145 0.718786
0.220145 0.696392
0.213928 0.696392
0.213928 0.687739
0.218998 0.687739
0.218998 0.692936
0.224227 0.692936
0.224227 0.639538
0.277155 0.639538
0.277155 0.634103
0.299491 0.634103
0.299491 0.627592
0.282454 0.627592
0.282454 0.618497
0.22621 0.618497
0.22621 0.599642
0.191762 0.599642
0.191762 0.575742
0.167975 0.575742
0.167975 0.636002
0.18643 0.636002
0.18643 0.683536
0.187778 0.683536
0.187778 0.684654
0.154255 0.684654
0.154255 0.556635
0.17437 0.556635
0.17437 0.552027
0.19584 0.552027
0.19584 0.536183
0.290548 0.536183
0.290548 0.533803
0.513682 0.533803
0.513682 0.54269
0.376299 0.54269
0.376299 0.544804
0.811336 0.544804
0.811336 0.612724
0.81259 0.612724
0.81259 0.627627
0.81826 0.627627
0.81826 0.567216
0.823868 0.567216
0.823868 0.612611
0.824104 0.612611
0.824104 0.671004
0.812033 0.671004
0.812033 0.675557
0.79426 0.675557
0.79426 0.65529
0.796281 0.65529
0.796281 0.652286
0.789998 0.652286
0.789998 0.697124
0.775015 0.697124
0.775015 0.705556
0.769861 0.705556
0.769861 0.672779
0.788141 0.672779
0.788141 0.635145
0.767631 0.635145
0.767631 0.640051
0.756247 0.640051
0.756247 0.630554
0.670545 0.630554
0.670545 0.618169
0.640079 0.618169
0.640079 0.627982
0.604082 0.627982
0.604082 0.715558
0.594158 0.715558
0.594158 0.664674
0.571217 0.664674
0.571217 0.689801
0.564089 0.689801
0.564089 0.739738
0.570595 0.739738
0.570595 0.726141
0.612262 0.726141
0.612262 0.730802
0.679038 0.730802
0.679038 0.729612
0.930422 0.729612
0.930422 0.71148
0.9131 0.71148
0.9131 0.683089
0.907961 0.683089
0.907961 0.565063
0.865217 0.565063
0.865217 0.532398
0.861966 0.532398
0.861966 0.516984
0.6407 0.516984
0.6407 0.525927
0.573415 0.525927
0.573415 0.523446
0.512505 0.523446
0.512505 0.520853
0.544329 0.520853
0.544329 0.515536
0.477038 0.515536
0.477038 0.529308
0.128777 0.529308
0.128777 0.521342
0.0514148 0.521342
0.0514148 0.516025
0.0591347 0.516025
0.0591347 0.504585
0.027261 0.504585
0.027261 0.467128
0.0291704 0.467128
0.0291704 0.431619
0.0264194 0.431619
0.0264194 0.436564
8.23662e-06 0.436564
8.23662e-06 0.428159
0 0.428159
0 0.418876
0.0138213 0.418876
0.0138213 0.247753
0.0050693 0.247753
0.0050693 0.124834
0.00653082 0.124834
0.00653082 0.119503
0.00957124 0.119503
0.00957124 0.0278036
0.000995744 0.0278036
0.000995744 0.0277008
0.0224247 0.0277008
0.0224247 0.210162
0.0199274 0.210162
0.0199274 0.419324
0.0227374 0.419324
0.0227374 0.422504
0.00287219 0.422504
0.00287219 0.422902
0.023947 0.422902
0.023947 0.409417
0.0367999 0.409417
0.0367999 0.409634
0.0575885 0.409634
0.0575885 0.297051
0.117992 0.297051
0.117992 0.345182
0.154948 0.345182
0.154948 0.360695
0.288526 0.360695
0.288526 0.331397
0.349322 0.331397
0.349322 0.322376
0.373622 0.322376
0.373622 0.337641
0.390954 0.337641
0.390954 0.313644
0.398359 0.313644
0.398359 0.353535
0.407161 0.353535
0.407161 0.294517
0.288368 0.294517
0.288368 0.289038
0.119234 0.289038
0.119234 0.198779
0.0961911 0.198779
0.0961911 0.196684
0.120194 0.196684
0.120194 0.269125
0.368416 0.269125
0.368416 0.25916
0.370393 0.25916
0.370393 0.225679
0.321522 0.225679
0.321522 0.111123
0.318287 0.111123
0.318287 0.130978
0.290976 0.130978
0.290976 0.0810854
0.28875 0.0810854
0.28875 0.126316
0.285774 0.126316
0.285774 0.198481
0.280148 0.198481
0.280148 0.201237
0.266026 0.201237
0.266026 0.243435
0.25688 0.243435
0.25688 0.0975301
0.256345 0.0975301
0.256345 0.0395027
0.190563 0.0395027
0.190563 0.0455886
0.174065 0.0455886
0.174065 0.0243293
0.134451 0.0243293
0.134451 0.00736581
0.135042 0.00736581
0.135042 0
0.174894 0
0.174894 0.0130236
0.178125 0.0130236
0.178125 0.0375736
0.201396 0.0375736
0.201396 0.0124988
0.191155 0.0124988
0.191155 0.012459
0.456118 0.012459
0.456118 0.0171235
0.433306 0.0171235
0.433306 0.0155308
0.42342 0.0155308
0.42342 0.0133553
0.211065 0.0133553
0.211065 0.035199
0.269359 0.035199
0.269359 0.112774
0.281264 0.112774
0.281264 0.154416
0.284249 0.154416
0.284249 0.0329904
0.306411 0.0329904
0.306411 0.0823169
0.313174 0.0823169
0.313174 0.0817898
0.398008 0.0817898
0.398008 0.0494768
0.458349 0.0494768
0.458349 0.0915969
0.458761 0.0915969
0.458761 0.102805
0.454733 0.102805
0.454733 0.117935
0.456044 0.117935
0.456044 0.126954
0.483096 0.126954
0.483096 0.144077
0.401214 0.144077
0.401214 0.128467
0.404882 0.128467
0.404882 0.0842091
0.329593 0.0842091
0.329593 0.211267
0.342495 0.211267
0.342495 0.0882852
0.347535 0.0882852
0.347535 0.196009
0.35679 0.196009
0.35679 0.174082
0.361965 0.174082
0.361965 0.163634
0.391621 0.163634
0.391621 0.168235
0.387366 0.168235
0.387366 0.198428
0.355546 0.198428
0.355546 0.216188
0.389429 0.216188
0.389429 0.218773
0.530038 0.218773
0.530038 0.212222
0.501017 0.212222
0.501017 0.197159
0.578368 0.197159
0.578368 0.100462
0.539544 0.100462
0.539544 0.13185
0.535863 0.13185
0.535863 0.171336
0.503199 0.171336
0.503199 0.084821
0.513785 0.084821
0.513785 0.163662
0.5162 0.163662
0.5162 0.0369607
0.54848 0.0369607
0.54848 0.0505715
0.540648 0.0505715
0.540648 0.0538386
0.5241 0.0538386
0.5241 0.0663239
0.670226 0.0663239
0.670226 0.0617264
0.719915 0.0617264
0.719915 0.0621805
0.765447 0.0621805
0.765447 0.0600914
0.80263 0.0600914
0.80263 0.0543307
0.833884 0.0543307
0.833884 0.0594691
0.850687 0.0594691
0.850687 0.0664281
0.517476 0.0664281
0.517476 0.0999862
0.573046 0.0999862
0.573046 0.0700342
0.580295 0.0700342
0.580295 0.101342
0.583453 0.101342
0.583453 0.112251
0.582954 0.112251
0.582954 0.145493
0.662364 0.145493
0.662364 0.15492
0.747785 0.15492
0.747785 0.110548
0.84089 0.110548
0.84089 0.111435
0.87636 0.111435
0.87636 0.0923349
0.870198 0.0923349
0.870198 0.087927
0.93595 0.087927
0.93595 0.0734106
0.914572 0.0734106
0.914572 0.0813354
0.907185 0.0813354
0.907185 0.0708261
0.906173 0.0708261
0.906173 0.0580787
0.892106 0.0580787
0.892106 0.0437527
0.954873 0.0437527
0.954873 0.0593415
0.961373 0.0593415
0.961373 0.0342011
0.949647 0.0342011
0.949647 0.0293785
0.985827 0.0293785
0.985827 0.0372565
0.995657 0.0372565
0.995657 0.170625
0.997357 0.170625
0.997357 0.190946
0.996521 0.190946
0.996521 0.210257
0.988683 0.210257
0.988683 0.268224
1 0.268224
1 0.273629
0.998756 0.273629
0.998756 0.276249
0.989628 0.276249
0.989628 0.285757
0.985934 0.285757
0.985934 0.254356
0.985987 0.254356
0.985987 0.109006
0.981713 0.109006
0.981713 0.042251
0.972327 0.042251
0.972327 0.0620011
0.936844 0.0620011
0.936844 0.0854017
0.944762 0.0854017
0.944762 0.1118
0.75929 0.1118
0.75929 0.115264
0.826424 0.115264
0.826424 0.11544
0.749224 0.11544
0.749224 0.170318
0.671247 0.170318
0.671247 0.179453
0.754221 0.179453
0.754221 0.173538
0.78096 0.173538
0.78096 0.164059
0.763978 0.164059
0.763978 0.137048
0.770794 0.137048
0.770794 0.148684
0.790691 0.148684
0.790691 0.178692
0.811942 0.178692
0.811942 0.144402
0.854564 0.144402
0.854564 0.146641
0.937622 0.146641
0.937622 0.162952
0.936688 0.162952
0.936688 0.166676
0.953193 0.166676
0.953193 0.156308
0.968873 0.156308
0.968873 0.157515
0.982296 0.157515
0.982296 0.196715
0.959694 0.196715
0.959694 0.23677
0.955789 0.23677
0.955789 0.177585
0.907951 0.177585
0.907951 0.171315
0.903204 0.171315
0.903204 0.241486
0.902541 0.241486
0.902541 0.259944
0.90425 0.259944
0.90425 0.260707
0.879769 0.260707
0.879769 0.152021
0.916249 0.152021
0.916249 0.151038
0.837171 0.151038
0.837171 0.187321
0.639223 0.187321
0.639223 0.207703
0.724147 0.207703
0.724147 0.211148
0.608924 0.211148
0.608924 0.214261
0.612956 0.214261
0.612956 0.220485
0.654 0.220485
0.654 0.223985
0.416981 0.223985
0.416981 0.224895
0.486274 0.224895
0.486274 0.237167
0.567282 0.237167
0.567282 0.251271
0.511763 0.251271
0.511763 0.253509
0.480101 0.253509
0.480101 0.224994
0.435644 0.224994
0.435644 0.242118
0.441583 0.242118
0.441583 0.256616
0.501592 0.256616
0.501592 0.257384
0.46446 0.257384
0.46446 0.268046
0.430011 0.268046
0.430011 0.245561
0.416738 0.245561
0.416738 0.251919
0.389477 0.251919
0.389477 0.271691
0.143977 0.271691
0.143977 0.286541
0.126688 0.286541
0.126688 0.286599
0.39718 0.286599
0.39718 0.289465
0.407717 0.289465
0.407717 0.300413
0.461634 0.300413
0.461634 0.295174
0.46663 0.295174
0.46663 0.292489
0.653677 0.292489
0.653677 0.306149
0.532035 0.306149
0.532035 0.305109
0.491467 0.305109
0.491467 0.308178
0.557519 0.308178
0.557519 0.314174
0.782575 0.314174
0.782575 0.319819
0.763228 0.319819
0.763228 0.327955
0.844368 0.327955
0.844368 0.336702
0.727815 0.336702
0.727815 0.341168
0.764223 0.341168
0.764223 0.343783
0.756262 0.343783
0.756262 0.350852
0.638115 0.350852
0.638115 0.356578
0.590858 0.356578
0.590858 0.357332
0.858382 0.357332
0.858382 0.365292
0.799397 0.365292
0.799397 0.366089
0.847168 0.366089
0.847168 0.369263
0.825591 0.369263
0.825591 0.369166
0.784547 0.369166
0.784547 0.372563
0.818083 0.372563
0.818083 0.372977
0.711174 0.372977
0.711174 0.373516
0.680499 0.373516
0.680499 0.373883
0.581775 0.373883
0.581775 0.370475
0.71026 0.370475
0.71026 0.360615
0.564665 0.360615
0.564665 0.330722
0.725309 0.330722
0.725309 0.324226
0.54405 0.324226
0.54405 0.376585
0.864154 0.376585
0.864154 0.386195
0.862598 0.386195
0.862598 0.399495
0.861948 0.399495
0.861948 0.404123
0.853519 0.404123
0.853519 0.398226
0.847801 0.398226
0.847801 0.387619
0.737113 0.387619
0.737113 0.386448
0.541472 0.386448
0.541472 0.384517
0.772899 0.384517
0.772899 0.381249
0.791408 0.381249
0.791408 0.381277
0.792369 0.381277
0.792369 0.380744
0.860639 0.380744
0.860639 0.380736
0.536627 0.380736
0.536627 0.352707
0.518892 0.352707
0.518892 0.334055
0.497797 0.334055
0.497797 0.375181
0.487666 0.375181
0.487666 0.305162
0.418703 0.305162
0.418703 0.314204
0.443585 0.314204
0.443585 0.364923
0.378617 0.364923
0.378617 0.358863
0.373954 0.358863
0.373954 0.35768
0.31573 0.35768
0.31573 0.333721
0.307409 0.333721
0.307409 0.364388
0.123697 0.364388
0.123697 0.363758
0.104698 0.363758
0.104698 0.315971
0.0996681 0.315971
0.0996681 0.314429
0.117315 0.314429
0.117315 0.311154
0.0675513 0.311154
0.0675513 0.404855
0.064748 0.404855
0.064748 0.414807
0.0426116 0.414807
0.0426116 0.428141
0.0132612 0.428141
0.0132612 0.429996
0.0495763 0.429996
0.0495763 0.422104
0.0654633 0.422104
0.0654633 0.439804
0.0955387 0.439804
0.0955387 0.444269
0.0386537 0.444269
0.0386537 0.451491
0.11329 0.451491
0.11329 0.456093
0.285893 0.456093
0.285893 0.475316
0.315652 0.475316
0.315652 0.474968
0.378833 0.474968
0.378833 0.489846
0.399749 0.489846
0.399749 0.476094
0.410494 0.476094
0.410494 0.464987
0.41163 0.464987
0.41163 0.459235
0.487469 0.459235
0.487469 0.471858
0.546235 0.471858
0.546235 0.447225
0.478741 0.447225
0.478741 0.442164
0.604402 0.442164
0.604402 0.462522
0.56648 0.462522
0.56648 0.475435
0.453931 0.475435
0.453931 0.476596
0.479048 0.476596
0.479048 0.481245
0.430062 0.481245
0.430062 0.495796
0.4426 0.495796
0.4426 0.491411
0.663098 0.491411
0.663098 0.49701
0.192282 0.49701
0.192282 0.492431
0.166827 0.492431
0.166827 0.498855
0.257936 0.498855
0.257936 0.500978
0.103357 0.500978
0.103357 0.497429
0.129177 0.497429
0.129177 0.489281
0.366699 0.489281
0.366699 0.475902
0.364705 0.475902
0.364705 0.486107
0.334678 0.486107
0.334678 0.481967
0.195852 0.481967
0.195852 0.475532
0.26978 0.475532
0.26978 0.45897
0.207428 0.45897
0.207428 0.458902
0.0416156 0.458902
0.0416156 0.489268
0.040979 0.489268
0.040979 0.47786
0.0327945 0.47786
0.0327945 0.487815
0.0285741 0.487815
0.0285741 0.50222
0.0731919 0.50222
0.0731919 0.50997
0.0945461 0.50997
0.0945461 0.516547
0.127421 0.516547
0.127421 0.511745
0.12966 0.511745
0.12966 0.518339
0.112245 0.518339
0.112245 0.519054
0.44035 0.519054
0.44035 0.519061
0.353386 0.519061
0.353386 0.527168
0.473231 0.527168
0.473231 0.512655
0.870011 0.512655
0.870011 0.512254
0.872276 0.512254
0.872276 0.553796
0.938881 0.553796
0.938881 0.5553
0.88811 0.5553
0.88811 0.557029
0.976868 0.557029
0.976868 0.553696
0.982699 0.553696
0.982699 0.565449
0.926696 0.565449
0.926696 0.625027
0.956479 0.625027
0.956479 0.638501
0.978288 0.638501
0.978288 0.729603
0.968848 0.729603
0.968848 0.724599
0.966265 0.724599
0.966265 0.741558
0.978496 0.741558
0.978496 0.726833
0.98483 0.726833
0.98483 0.743851
0.952521 0.743851
0.952521 0.717325
0.946421 0.717325
0.946421 0.706467
0.968312 0.706467
0.968312 0.672293
0.943788 0.672293
0.943788 0.705903
0.942412 0.705903
0.942412 0.695705
0.939118 0.695705
0.939118 0.633279
0.931575 0.633279
0.931575 0.678395
0.913103 0.678395
0.913103 0.702058
0.93173 0.702058
0.93173 0.721501
0.935102 0.721501
0.935102 0.731468
0.880303 0.731468
0.880303 0.735899
0.881609 0.735899
0.881609 0.755315
0.917071 0.755315
0.917071 0.756716
0.867302 0.756716
0.867302 0.733532
0.86364 0.733532
0.86364 0.736399
0.829696 0.736399
0.829696 0.732137
0.587808 0.732137
0.587808 0.736928
0.697531 0.736928
0.697531 0.742733
0.66072 0.742733
0.66072 0.745267
0.650627 0.745267
0.650627 0.760456
0.659924 0.760456
0.659924 0.851771
0.657935 0.851771
0.657935 0.775689
0.65419 0.775689
0.65419 0.856017
0.638875 0.856017
0.638875 0.851903
0.545206 0.851903
0.545206 0.847334
0.529352 0.847334
0.529352 0.852782
0.537335 0.852782
0.537335 0.859507
0.211022 0.859507
0.211022 0.858041
0.173899 0.858041
0.173899 0.8652
0.650767 0.8652
0.650767 0.881398
0.661562 0.881398
0.661562 0.878673
0.684087 0.878673
0.684087 0.895089
0.7007 0.895089
0.7007 0.86393
0.722022 0.86393
0.722022 0.826799
0.729809 0.826799
0.729809 0.808989
0.711604 0.808989
0.711604 0.801809
0.711089 0.801809
0.711089 0.743947
0.746984 0.743947
0.746984 0.738643
0.752971 0.738643
0.752971 0.751762
0.781063 0.751762
0.781063 0.746568
0.781208 0.746568
0.781208 0.7489
0.812592 0.7489
0.812592 0.839961
0.768011 0.839961
0.768011 0.832753
0.803114 0.832753
0.803114 0.777228
0.733383 0.777228
0.733383 0.767892
0.803253 0.767892
0.803253 0.753321
0.732969 0.753321
0.732969 0.864786
0.708832 0.864786
0.708832 0.897413
0.674097 0.897413
0.674097 0.891588
0.641951 0.891588
0.641951 0.873595
0.303538 0.873595
0.303538 0.891244
0.227223 0.891244
0.227223 0.86797
0.193184 0.86797
0.193184 0.866035
0.171798 0.866035
0.171798 0.896158
0.170235 0.896158
0.170235 0.906374
0.185877 0.906374
0.185877 0.920702
0.190297 0.920702
0.190297 0.91283
0.221699 0.91283
0.221699 0.915949
0.409359 0.915949
0.409359 0.91472
0.556997 0.91472
0.556997 0.928688
0.555644 0.928688
0.555644 0.947065
0.48422 0.947065
0.48422 0.915787
0.483893 0.915787
0.483893 0.964773
0.642212 0.964773
0.642212 0.956381
0.662171 0.956381
0.662171 0.910963
0.709718 0.910963
0.709718 0.918923
0.701235 0.918923
0.701235 0.962751
0.6675 0.962751
0.6675 0.972349
0.567037 0.972349
0.567037 0.977241
0.824871 0.977241
0.824871 0.939446
0.828894 0.939446
0.828894 0.899266
0.834519 0.899266
0.834519 0.921758
0.859837 0.921758
0.859837 0.954597
0.854167 0.954597
0.854167 0.978255
0.56723 0.978255
0.56723 0.993973
0.525733 0.993973
0.525733 0.984953
0.532985 0.984953
0.532985 0.97987
0.480774 0.97987
0.480774 0.924131
0.217944 0.924131
0.217944 0.924549
0.324206 0.924549
0.324206 0.935235
0.24511 0.935235
0.24511 0.936044
0.169756 0.936044
0.169756 0.939911
0.197755 0.939911
0.197755 0.953509
0.187457 0.953509
0.187457 1
