128
0.318659 1
0.318659 0.943829
0.492174 0.943829
0.492174 0.965338
0.929081 0.965338
0.929081 0.92224
0.828385 0.92224
0.828385 0.739886
0.832407 0.739886
0.832407 0.919866
0.851133 0.919866
0.851133 0.650677
0.771164 0.650677
0.771164 0.258983
0.759807 0.258983
0.759807 0.80142
0.753941 0.80142
0.753941 0.741939
0.738213 0.741939
0.738213 0.129302
0.391335 0.129302
0.391335 0.225452
0.392167 0.225452
0.392167 0.168016
0.573231 0.168016
0.573231 0.445475
0.53916 0.445475
0.53916 0.272408
0.522119 0.272408
0.522119 0.477007
0.610529 0.477007
0.610529 0.595099
0.539769 0.595099
0.539769 0.640577
0.625131 0.640577
0.625131 0.544782
0.660005 0.544782
0.660005 0.811344
0.670138 0.811344
0.670138 0.174691
0.700831 0.174691
0.700831 0.445327
0.691016 0.445327
0.691016 0.669531
0.683533 0.669531
0.683533 0.81922
0.694446 0.81922
0.694446 0.889363
0.69246 0.889363
0.69246 0.919859
0.651198 0.919859
0.651198 0.871986
0.483408 0.871986
0.483408 0.850523
0.660857 0.850523
0.660857 0.849482
0.629512 0.849482
0.629512 0.725702
0.477327 0.725702
0.477327 0.220853
0.469917 0.220853
0.469917 0.612248
0.306172 0.612248
0.306172 0.5964
0.298302 0.5964
0.298302 0.833078
0.274437 0.833078
0.274437 0.731441
0.27809 0.731441
0.27809 0.632903
0.217701 0.632903
0.217701 0.517339
0.19384 0.517339
0.19384 0.437557
0.221621 0.437557
0.221621 0.545275
0.347042 0.545275
0.347042 0.531563
0.399598 0.531563
0.399598 0.294821
0.461661 0.294821
0.461661 0.231409
0.385462 0.231409
0.385462 0.28358
0.167831 0.28358
0.167831 0.258716
0.114269 0.258716
0.114269 0.323991
0.131799 0.323991
0.131799 0.409509
0.0838106 0.409509
0.0838106 0.261695
0.0726 0.261695
0.0726 0.342212
0.0432476 0.342212
0.0432476 0.144303
0.170342 0.144303
0.170342 0.219832
0.215242 0.219832
0.215242 0.149772
0.241261 0.149772
0.241261 0.152703
0.265331 0.152703
0.265331 0.178842
0.33197 0.178842
0.33197 0.118041
0.371567 0.118041
0.371567 0.071569
0.124818 0.071569
0.124818 0.0900574
0 0.0900574
0 0
0.0172977 0
0.0172977 0.0582149
0.677933 0.0582149
0.677933 0.00992393
0.809912 0.00992393
0.809912 0.419724
0.776496 0.419724
0.776496 0.517044
0.808379 0.517044
0.808379 0.605022
0.958738 0.605022
0.958738 0.930196
0.95916 0.930196
0.95916 0.913912
1 0.913912
1 1
