64
0.92391 1
0.92391 0.908341
0.20351 0.908341
0.20351 0.68287
0.26024 0.68287
0.26024 0.361656
0.199325 0.361656
0.199325 0.747166
0.200271 0.747166
0.200271 0.898428
0.00583367 0.898428
0.00583367 0.892387
0 0.892387
0 0.64657
0.00732851 0.64657
0.00732851 0.487408
0.0863213 0.487408
0.0863213 0.0966581
0.105171 0.0966581
0.105171 0.138077
0.200437 0.138077
0.200437 0.152536
0.276869 0.152536
0.276869 0.182517
0.489266 0.182517
0.489266 0.546975
0.30981 0.546975
0.30981 0.575224
0.294078 0.575224
0.294078 0.905367
0.851761 0.905367
0.851761 0.865555
0.636111 0.865555
0.636111 0.791713
0.650164 0.791713
0.650164 0.830364
0.709239 0.830364
0.709239 0.839164
0.740451 0.839164
0.740451 0.184223
0.761669 0.184223
0.761669 0.399823
0.811431 0.399823
0.811431 0.37702
0.887126 0.37702
0.887126 0.026621
0.557471 0.026621
0.557471 0
0.918688 0
0.918688 0.321127
0.897935 0.321127
0.897935 0.459396
0.764196 0.459396
0.764196 0.588999
0.76107 0.588999
0.76107 0.592121
0.75721 0.592121
0.75721 0.786488
0.896287 0.786488
0.896287 0.870336
0.916326 0.870336
0.916326 0.681716
1 0.681716
1 1
