512
0 1
0 0.988378
0.0623217 0.988378
0.0623217 0.829892
0.00169872 0.829892
0.00169872 0.563163
0.00939697 0.563163
0.00939697 0.320737
0.0259421 0.320737
0.0259421 0.226968
0.100388 0.226968
0.100388 0.214872
0.100761 0.214872
0.100761 0.217379
0.147176 0.217379
0.147176 0.155791
0.114081 0.155791
0.114081 0.140283
0.134047 0.140283
0.134047 0.104363
0.27859 0.104363
0.27859 0.128216
0.301535 0.128216
0.301535 0.158194
0.289553 0.158194
0.289553 0.213914
0.276319 0.213914
0.276319 0.222423
0.310377 0.222423
0.310377 0.225881
0.260813 0.225881
0.260813 0.441848
0.467502 0.441848
0.467502 0.437393
0.368117 0.437393
0.368117 0.42773
0.702168 0.42773
0.702168 0.426069
0.319721 0.426069
0.319721 0.340523
0.295897 0.340523
0.295897 0.329442
0.345369 0.329442
0.345369 0.306265
0.357238 0.306265
0.357238 0.241295
0.38025 0.241295
0.38025 0.292754
0.366215 0.292754
0.366215 0.310391
0.395642 0.310391
0.395642 0.101739
0.391705 0.101739
0.391705 0.0960822
0.205406 0.0960822
0.205406 0.0943088
0.454369 0.0943088
0.454369 0.0686585
0.486139 0.0686585
0.486139 0.0629215
0.263259 0.0629215
0.263259 0.0462949
0.259639 0.0462949
0.259639 0.00103075
0.44271 0.00103075
0.44271 0.0139661
0.358153 0.0139661
0.358153 0.0409844
0.414739 0.0409844
0.414739 0.0523921
0.39155 0.0523921
0.39155 0.060337
0.651372 0.060337
0.651372 0.0711845
0.517204 0.0711845
0.517204 0.0818061
0.468137 0.0818061
0.468137 0.20062
0.463763 0.20062
0.463763 0.210857
0.448971 0.210857
0.448971 0.117677
0.396522 0.117677
0.396522 0.125337
0.429636 0.125337
0.429636 0.31403
0.374325 0.31403
0.374325 0.397169
0.569223 0.397169
0.569223 0.155542
0.479986 0.155542
0.479986 0.126816
0.485525 0.126816
0.485525 0.103629
0.51834 0.103629
0.51834 0.135616
0.540439 0.135616
0.540439 0.140876
0.589446 0.140876
0.589446 0.365659
0.588474 0.365659
0.588474 0.407621
0.591768 0.407621
0.591768 0.0921377
0.568539 0.0921377
0.568539 0.0868837
0.684625 0.0868837
0.684625 0.0899455
0.598411 0.0899455
0.598411 0.145386
0.635091 0.145386
0.635091 0.196891
0.617136 0.196891
0.617136 0.305454
0.616932 0.305454
0.616932 0.197498
0.601934 0.197498
0.601934 0.399757
0.689792 0.399757
0.689792 0.371155
0.70413 0.371155
0.70413 0.436699
0.62099 0.436699
0.62099 0.446941
0.570001 0.446941
0.570001 0.430225
0.525419 0.430225
0.525419 0.455435
0.256975 0.455435
0.256975 0.431256
0.239114 0.431256
0.239114 0.398461
0.234812 0.398461
0.234812 0.310985
0.226678 0.310985
0.226678 0.300649
0.201527 0.300649
0.201527 0.185179
0.214247 0.185179
0.214247 0.227713
0.236284 0.227713
0.236284 0.174847
0.234808 0.174847
0.234808 0.126622
0.15373 0.126622
0.15373 0.230445
0.0533973 0.230445
0.0533973 0.276861
0.0543476 0.276861
0.0543476 0.347856
0.0872886 0.347856
0.0872886 0.319091
0.0918333 0.319091
0.0918333 0.41213
0.0949868 0.41213
0.0949868 0.459594
0.1885 0.459594
0.1885 0.460625
0.078165 0.460625
0.078165 0.529543
0.432798 0.529543
0.432798 0.524347
0.10284 0.524347
0.10284 0.515128
0.346688 0.515128
0.346688 0.512032
0.368401 0.512032
0.368401 0.519535
0.43851 0.519535
0.43851 0.480978
0.473128 0.480978
0.473128 0.479968
0.588482 0.479968
0.588482 0.486089
0.786955 0.486089
0.786955 0.469529
0.646991 0.469529
0.646991 0.468354
0.854229 0.468354
0.854229 0.501349
0.886306 0.501349
0.886306 0.576455
0.900917 0.576455
0.900917 0.59486
0.900264 0.59486
0.900264 0.625798
0.930989 0.625798
0.930989 0.584647
0.953195 0.584647
0.953195 0.758566
0.955078 0.758566
0.955078 0.583651
0.955669 0.583651
0.955669 0.423454
0.867876 0.423454
0.867876 0.42073
0.88178 0.42073
0.88178 0.345306
0.889983 0.345306
0.889983 0.299301
0.841271 0.299301
0.841271 0.116673
0.826158 0.116673
0.826158 0.343213
0.810454 0.343213
0.810454 0.126753
0.783061 0.126753
0.783061 0.2264
0.770866 0.2264
0.770866 0.145566
0.724576 0.145566
0.724576 0.100194
0.815626 0.100194
0.815626 0.043525
0.831287 0.043525
0.831287 0.033431
0.821916 0.033431
0.821916 0.00267368
0.779725 0.00267368
0.779725 0.0126529
0.734803 0.0126529
0.734803 0
0.772448 0
0.772448 0.00139068
0.865856 0.00139068
0.865856 0.0342869
0.851279 0.0342869
0.851279 0.178729
0.863765 0.178729
0.863765 0.241522
0.994461 0.241522
0.994461 0.552414
0.998441 0.552414
0.998441 0.658371
1 0.658371
1 0.744127
0.98612 0.744127
0.98612 0.822297
0.978571 0.822297
0.978571 0.288537
0.892425 0.288537
0.892425 0.423404
0.968439 0.423404
0.968439 0.574505
0.976975 0.574505
0.976975 0.627189
0.974235 0.627189
0.974235 0.828507
0.951207 0.828507
0.951207 0.879428
0.945207 0.879428
0.945207 0.766727
0.935488 0.766727
0.935488 0.642855
0.884234 0.642855
0.884234 0.698322
0.914763 0.698322
0.914763 0.916571
0.913854 0.916571
0.913854 0.778575
0.899235 0.778575
0.899235 0.891881
0.882792 0.891881
0.882792 0.966476
0.927052 0.966476
0.927052 0.986388
0.917033 0.986388
0.917033 0.979333
0.878062 0.979333
0.878062 0.963521
0.872823 0.963521
0.872823 0.653946
0.877253 0.653946
0.877253 0.560402
0.880916 0.560402
0.880916 0.50326
0.855915 0.50326
0.855915 0.551335
0.842185 0.551335
0.842185 0.892296
0.858149 0.892296
0.858149 0.787154
0.859796 0.787154
0.859796 0.737114
0.863835 0.737114
0.863835 0.897237
0.856158 0.897237
0.856158 0.917361
0.863725 0.917361
0.863725 0.939752
0.841279 0.939752
0.841279 0.646723
0.841628 0.646723
0.841628 0.558724
0.837234 0.558724
0.837234 0.500263
0.835689 0.500263
0.835689 0.5717
0.776981 0.5717
0.776981 0.563847
0.760547 0.563847
0.760547 0.542168
0.757056 0.542168
0.757056 0.549484
0.746114 0.549484
0.746114 0.581543
0.748167 0.581543
0.748167 0.649336
0.739453 0.649336
0.739453 0.737035
0.754511 0.737035
0.754511 0.964931
0.748651 0.964931
0.748651 0.845844
0.737488 0.845844
0.737488 0.861052
0.721645 0.861052
0.721645 0.86324
0.71115 0.86324
0.71115 0.815452
0.709801 0.815452
0.709801 0.720508
0.713688 0.720508
0.713688 0.676378
0.721014 0.676378
0.721014 0.586031
0.744182 0.586031
0.744182 0.490442
0.696036 0.490442
0.696036 0.499759
0.526678 0.499759
0.526678 0.510762
0.450161 0.510762
0.450161 0.541076
0.314985 0.541076
0.314985 0.540516
0.225235 0.540516
0.225235 0.549552
0.210434 0.549552
0.210434 0.53037
0.0663485 0.53037
0.0663485 0.38151
0.0808223 0.38151
0.0808223 0.359337
0.0564912 0.359337
0.0564912 0.37989
0.0543158 0.37989
0.0543158 0.458988
0.0433238 0.458988
0.0433238 0.439994
0.0430771 0.439994
0.0430771 0.299642
0.041121 0.299642
0.041121 0.357223
0.0332852 0.357223
0.0332852 0.403617
0.0253348 0.403617
0.0253348 0.440882
0.0212724 0.440882
0.0212724 0.569836
0.128281 0.569836
0.128281 0.570244
0.0707626 0.570244
0.0707626 0.584523
0.131738 0.584523
0.131738 0.62695
0.147149 0.62695
0.147149 0.615997
0.147273 0.615997
0.147273 0.565398
0.104384 0.565398
0.104384 0.565372
0.165713 0.565372
0.165713 0.607315
0.188198 0.607315
0.188198 0.642602
0.205093 0.642602
0.205093 0.641052
0.18995 0.641052
0.18995 0.592367
0.191735 0.592367
0.191735 0.583623
0.232694 0.583623
0.232694 0.580439
0.244071 0.580439
0.244071 0.686578
0.376189 0.686578
0.376189 0.686733
0.436878 0.686733
0.436878 0.682178
0.46709 0.682178
0.46709 0.673461
0.486454 0.673461
0.486454 0.70411
0.49861 0.70411
0.49861 0.766809
0.509723 0.766809
0.509723 0.74357
0.53764 0.74357
0.53764 0.732387
0.589502 0.732387
0.589502 0.753034
0.546492 0.753034
0.546492 0.824687
0.49755 0.824687
0.49755 0.887772
0.622787 0.887772
0.622787 0.886694
0.639522 0.886694
0.639522 0.832233
0.641211 0.832233
0.641211 0.822574
0.669082 0.822574
0.669082 0.666792
0.673775 0.666792
0.673775 0.626897
0.690084 0.626897
0.690084 0.729713
0.690354 0.729713
0.690354 0.693129
0.698177 0.693129
0.698177 0.791543
0.672101 0.791543
0.672101 0.886942
0.665039 0.886942
0.665039 0.94386
0.688513 0.94386
0.688513 0.952037
0.577006 0.952037
0.577006 0.926276
0.654514 0.926276
0.654514 0.916968
0.643793 0.916968
0.643793 0.915212
0.603382 0.915212
0.603382 0.910679
0.500906 0.910679
0.500906 0.911228
0.488153 0.911228
0.488153 0.97041
0.474306 0.97041
0.474306 0.795754
0.540363 0.795754
0.540363 0.786508
0.465699 0.786508
0.465699 0.769618
0.464453 0.769618
0.464453 0.697832
0.245576 0.697832
0.245576 0.703076
0.429903 0.703076
0.429903 0.789817
0.419732 0.789817
0.419732 0.764829
0.28701 0.764829
0.28701 0.742717
0.42765 0.742717
0.42765 0.716323
0.255315 0.716323
0.255315 0.803027
0.239949 0.803027
0.239949 0.912243
0.261937 0.912243
0.261937 0.896317
0.434981 0.896317
0.434981 0.917673
0.287994 0.917673
0.287994 0.937385
0.261386 0.937385
0.261386 0.948087
0.378046 0.948087
0.378046 0.950997
0.327063 0.950997
0.327063 0.951906
0.236844 0.951906
0.236844 0.837911
0.235352 0.837911
0.235352 0.714368
0.210435 0.714368
0.210435 0.67207
0.16173 0.67207
0.16173 0.785145
0.176113 0.785145
0.176113 0.957573
0.178711 0.957573
0.178711 0.96796
0.169164 0.96796
0.169164 0.895821
0.136082 0.895821
0.136082 0.906791
0.128101 0.906791
0.128101 0.873227
0.121171 0.873227
0.121171 0.800626
0.142882 0.800626
0.142882 0.654397
0.219692 0.654397
0.219692 0.648635
0.104714 0.648635
0.104714 0.650152
0.0986471 0.650152
0.0986471 0.594572
0.0205257 0.594572
0.0205257 0.818085
0.0317267 0.818085
0.0317267 0.771401
0.0668636 0.771401
0.0668636 0.848977
0.0635415 0.848977
0.0635415 0.989165
0.00769825 0.989165
0.00769825 1
