256
0.552147 1
0.552147 0.976665
0.667606 0.976665
0.667606 0.960825
0.643017 0.960825
0.643017 0.888855
0.574498 0.888855
0.574498 0.875759
0.56196 0.875759
0.56196 0.865366
0.551421 0.865366
0.551421 0.889636
0.452685 0.889636
0.452685 0.858007
0.418927 0.858007
0.418927 0.95259
0.391385 0.95259
0.391385 0.949942
0.339548 0.949942
0.339548 0.947489
0.0395713 0.947489
0.0395713 0.917102
0.0122918 0.917102
0.0122918 0.902579
0.0205702 0.902579
0.0205702 0.75652
0.0567477 0.75652
0.0567477 0.653902
0 0.653902
0 0.618301
0.00339648 0.618301
0.00339648 0.603277
0.0399893 0.603277
0.0399893 0.517725
0.202873 0.517725
0.202873 0.46712
0.145478 0.46712
0.145478 0.51202
0.0619606 0.51202
0.0619606 0.372464
0.0633146 0.372464
0.0633146 0.387454
0.0700571 0.387454
0.0700571 0.403215
0.0802318 0.403215
0.0802318 0.403568
0.069919 0.403568
0.069919 0.453626
0.271984 0.453626
0.271984 0.419974
0.0941939 0.419974
0.0941939 0.388841
0.0768354 0.388841
0.0768354 0.291625
0.279757 0.291625
0.279757 0.290695
0.282002 0.290695
0.282002 0.304661
0.0860968 0.304661
0.0860968 0.359576
0.227401 0.359576
0.227401 0.362888
0.2888 0.362888
0.2888 0.474198
0.291865 0.474198
0.291865 0.304662
0.345356 0.304662
0.345356 0.334402
0.371965 0.334402
0.371965 0.33129
0.414734 0.33129
0.414734 0.379801
0.340232 0.379801
0.340232 0.408711
0.302785 0.408711
0.302785 0.435052
0.423934 0.435052
0.423934 0.544157
0.434004 0.544157
0.434004 0.290227
0.44537 0.290227
0.44537 0.26736
0.460416 0.26736
0.460416 0.261576
0.461073 0.261576
0.461073 0.234106
0.427026 0.234106
0.427026 0.202884
0.255277 0.202884
0.255277 0.209584
0.241935 0.209584
0.241935 0.218492
0.148057 0.218492
0.148057 0.129279
0.350227 0.129279
0.350227 0.13351
0.233601 0.13351
0.233601 0.135562
0.509011 0.135562
0.509011 0.124818
0.519267 0.124818
0.519267 0.180421
0.503621 0.180421
0.503621 0.207483
0.480465 0.207483
0.480465 0.191742
0.46641 0.191742
0.46641 0.141084
0.17754 0.141084
0.17754 0.197988
0.278727 0.197988
0.278727 0.142533
0.327824 0.142533
0.327824 0.166829
0.338695 0.166829
0.338695 0.147695
0.427867 0.147695
0.427867 0.230814
0.463372 0.230814
0.463372 0.443459
0.484942 0.443459
0.484942 0.555641
0.34376 0.555641
0.34376 0.505857
0.246038 0.505857
0.246038 0.548341
0.0620066 0.548341
0.0620066 0.564103
0.0605596 0.564103
0.0605596 0.944749
0.0657308 0.944749
0.0657308 0.908065
0.353057 0.908065
0.353057 0.822671
0.335299 0.822671
0.335299 0.793911
0.353872 0.793911
0.353872 0.926712
0.364775 0.926712
0.364775 0.839283
0.450872 0.839283
0.450872 0.836483
0.443063 0.836483
0.443063 0.718771
0.345423 0.718771
0.345423 0.751878
0.214163 0.751878
0.214163 0.741861
0.0897906 0.741861
0.0897906 0.67333
0.294848 0.67333
0.294848 0.702813
0.643031 0.702813
0.643031 0.752243
0.485966 0.752243
0.485966 0.760504
0.490861 0.760504
0.490861 0.754012
0.535396 0.754012
0.535396 0.825166
0.598929 0.825166
0.598929 0.876687
0.683308 0.876687
0.683308 0.971713
0.77979 0.971713
0.77979 0.659715
0.753502 0.659715
0.753502 0.907712
0.7395 0.907712
0.7395 0.897926
0.719742 0.897926
0.719742 0.683174
0.731412 0.683174
0.731412 0.647541
0.776403 0.647541
0.776403 0.643648
0.734182 0.643648
0.734182 0.588362
0.562802 0.588362
0.562802 0.50823
0.557683 0.50823
0.557683 0.446177
0.643033 0.446177
0.643033 0.58526
0.715844 0.58526
0.715844 0.583163
0.695274 0.583163
0.695274 0.564531
0.669718 0.564531
0.669718 0.529717
0.675214 0.529717
0.675214 0.557565
0.776991 0.557565
0.776991 0.647929
0.777765 0.647929
0.777765 0.286306
0.809419 0.286306
0.809419 0.588565
0.873138 0.588565
0.873138 0.536253
0.930207 0.536253
0.930207 0.068429
0.9285 0.068429
0.9285 0.0569044
0.925019 0.0569044
0.925019 0.0234136
0.854826 0.0234136
0.854826 0.0262026
0.630739 0.0262026
0.630739 0.00949415
0.556654 0.00949415
0.556654 0
0.605315 0
0.605315 0.00653619
0.855823 0.00653619
0.855823 0.0113209
0.719488 0.0113209
0.719488 0.0231464
1 0.0231464
1 0.0820415
0.993257 0.0820415
0.993257 0.115255
0.99461 0.115255
0.99461 0.281891
0.966281 0.281891
0.966281 0.162458
0.979217 0.162458
0.979217 0.0699592
0.958886 0.0699592
0.958886 0.0878103
0.957779 0.0878103
0.957779 0.0588478
0.947143 0.0588478
0.947143 0.630567
0.922469 0.630567
0.922469 0.725207
0.906443 0.725207
0.906443 0.741917
0.921712 0.741917
0.921712 0.765047
0.849436 0.765047
0.849436 0.725161
0.892379 0.725161
0.892379 0.5795
0.880262 0.5795
0.880262 0.687334
0.792421 0.687334
0.792421 0.666794
0.87735 0.666794
0.87735 0.617837
0.780447 0.617837
0.780447 0.968342
0.883311 0.968342
0.883311 0.984239
0.599904 0.984239
0.599904 1
