2048
0.0507107 1
0.0507107 0.998842
0.0179373 0.998842
0.0179373 0.991204
0.00894953 0.991204
0.00894953 0.986475
0.00390614 0.986475
0.00390614 0.992026
0.00203688 0.992026
0.00203688 0.996138
0 0.996138
0 0.87733
0.0057862 0.87733
0.0057862 0.875967
0.0106842 0.875967
0.0106842 0.893171
0.0106826 0.893171
0.0106826 0.894923
0.00799238 0.894923
0.00799238 0.89925
0.00762862 0.89925
0.00762862 0.917124
0.00977731 0.917124
0.00977731 0.974374
0.0124944 0.974374
0.0124944 0.980881
0.00591056 0.980881
0.00591056 0.967673
0.00466853 0.967673
0.00466853 0.938419
0.00707293 0.938419
0.00707293 0.879878
0.00351354 0.879878
0.00351354 0.981388
0.00112361 0.981388
0.00112361 0.937276
0.000921978 0.937276
0.000921978 0.985925
0.0125701 0.985925
0.0125701 0.905965
0.0190084 0.905965
0.0190084 0.891248
0.020257 0.891248
0.020257 0.904498
0.0206434 0.904498
0.0206434 0.905157
0.0195727 0.905157
0.0195727 0.941454
0.0209413 0.941454
0.0209413 0.981689
0.0319457 0.981689
0.0319457 0.981318
0.0405187 0.981318
0.0405187 0.981895
0.0457906 0.981895
0.0457906 0.908472
0.0309671 0.908472
0.0309671 0.92031
0.0260269 0.92031
0.0260269 0.905143
0.0675548 0.905143
0.0675548 0.908729
0.0493826 0.908729
0.0493826 0.928897
0.070295 0.928897
0.070295 0.945819
0.0905729 0.945819
0.0905729 0.934952
0.0803238 0.934952
0.0803238 0.931947
0.0935132 0.931947
0.0935132 0.888159
0.0919511 0.888159
0.0919511 0.886769
0.0965686 0.886769
0.0965686 0.828832
0.101014 0.828832
0.101014 0.809775
0.0986916 0.809775
0.0986916 0.797088
0.104056 0.797088
0.104056 0.569546
0.104319 0.569546
0.104319 0.559725
0.0999686 0.559725
0.0999686 0.452105
0.100135 0.452105
0.100135 0.378957
0.0951843 0.378957
0.0951843 0.379716
0.0916647 0.379716
0.0916647 0.477856
0.0900787 0.477856
0.0900787 0.432411
0.0891885 0.432411
0.0891885 0.371807
0.0884761 0.371807
0.0884761 0.349549
0.089559 0.349549
0.089559 0.194031
0.0876764 0.194031
0.0876764 0.177681
0.0587994 0.177681
0.0587994 0.190077
0.0542879 0.190077
0.0542879 0.224031
0.0604322 0.224031
0.0604322 0.244456
0.0810215 0.244456
0.0810215 0.255172
0.0629236 0.255172
0.0629236 0.248704
0.041368 0.248704
0.041368 0.285769
0.0600193 0.285769
0.0600193 0.285207
0.0764851 0.285207
0.0764851 0.360781
0.0757523 0.360781
0.0757523 0.44458
0.0747615 0.44458
0.0747615 0.57883
0.0748478 0.57883
0.0748478 0.6271
0.052138 0.6271
0.052138 0.642476
0.0410148 0.642476
0.0410148 0.596351
0.0575402 0.596351
0.0575402 0.615129
0.0473335 0.615129
0.0473335 0.622438
0.072092 0.622438
0.072092 0.58708
0.0404782 0.58708
0.0404782 0.591822
0.0183728 0.591822
0.0183728 0.551078
0.0178584 0.551078
0.0178584 0.464589
0.0305896 0.464589
0.0305896 0.466578
0.0379962 0.466578
0.0379962 0.458496
0.0265582 0.458496
0.0265582 0.434985
0.0249061 0.434985
0.0249061 0.416469
0.0576355 0.416469
0.0576355 0.410362
0.0446841 0.410362
0.0446841 0.378153
0.0555237 0.378153
0.0555237 0.357065
0.047343 0.357065
0.047343 0.332895
0.0541379 0.332895
0.0541379 0.305643
0.0594674 0.305643
0.0594674 0.400322
0.0631906 0.400322
0.0631906 0.416588
0.0296926 0.416588
0.0296926 0.438679
0.0384228 0.438679
0.0384228 0.461658
0.0559634 0.461658
0.0559634 0.473793
0.0494353 0.473793
0.0494353 0.477443
0.0515608 0.477443
0.0515608 0.477912
0.0236294 0.477912
0.0236294 0.501171
0.0192506 0.501171
0.0192506 0.584351
0.0717337 0.584351
0.0717337 0.576834
0.0745321 0.576834
0.0745321 0.537962
0.0734057 0.537962
0.0734057 0.446475
0.0663575 0.446475
0.0663575 0.432428
0.07439 0.432428
0.07439 0.29515
0.0400238 0.29515
0.0400238 0.14866
0.0391225 0.14866
0.0391225 0.147144
0.0552542 0.147144
0.0552542 0.150835
0.0769591 0.150835
0.0769591 0.170171
0.129644 0.170171
0.129644 0.174471
0.141277 0.174471
0.141277 0.16069
0.145168 0.16069
0.145168 0.14463
0.143801 0.14463
0.143801 0.100782
0.077144 0.100782
0.077144 0.0959332
0.0880361 0.0959332
0.0880361 0.0842423
0.0299088 0.0842423
0.0299088 0.0796575
0.142149 0.0796575
0.142149 0.0932634
0.140188 0.0932634
0.140188 0.0965246
0.157936 0.0965246
0.157936 0.265036
0.162112 0.265036
0.162112 0.246726
0.167821 0.246726
0.167821 0.23619
0.181554 0.23619
0.181554 0.279628
0.200306 0.279628
0.200306 0.300723
0.171819 0.300723
0.171819 0.305359
0.201518 0.305359
0.201518 0.315201
0.162526 0.315201
0.162526 0.354312
0.159813 0.354312
0.159813 0.370562
0.193447 0.370562
0.193447 0.373195
0.233867 0.373195
0.233867 0.328288
0.296233 0.328288
0.296233 0.326423
0.29905 0.326423
0.29905 0.287956
0.208789 0.287956
0.208789 0.291844
0.20646 0.291844
0.20646 0.281837
0.260338 0.281837
0.260338 0.272564
0.300261 0.272564
0.300261 0.212551
0.304661 0.212551
0.304661 0.280649
0.306004 0.280649
0.306004 0.210534
0.295259 0.210534
0.295259 0.207189
0.289708 0.207189
0.289708 0.180752
0.290376 0.180752
0.290376 0.160739
0.303457 0.160739
0.303457 0.136111
0.229526 0.136111
0.229526 0.156426
0.216041 0.156426
0.216041 0.142484
0.206461 0.142484
0.206461 0.139289
0.223767 0.139289
0.223767 0.0857297
0.212505 0.0857297
0.212505 0.0927988
0.208574 0.0927988
0.208574 0.0780029
0.339378 0.0780029
0.339378 0.0718123
0.0149042 0.0718123
0.0149042 0.0714503
0.0248505 0.0714503
0.0248505 0.0709439
0.393843 0.0709439
0.393843 0.0892568
0.418307 0.0892568
0.418307 0.10339
0.444275 0.10339
0.444275 0.0701949
0.500958 0.0701949
0.500958 0.0719639
0.519919 0.0719639
0.519919 0.0749339
0.498837 0.0749339
0.498837 0.0746722
0.478032 0.0746722
0.478032 0.0726599
0.474367 0.0726599
0.474367 0.110102
0.4684 0.110102
0.4684 0.111599
0.464508 0.111599
0.464508 0.11865
0.623743 0.11865
0.623743 0.119356
0.672823 0.119356
0.672823 0.119984
0.491591 0.119984
0.491591 0.143097
0.556761 0.143097
0.556761 0.125746
0.584681 0.125746
0.584681 0.195917
0.571701 0.195917
0.571701 0.514526
0.580248 0.514526
0.580248 0.457217
0.581117 0.457217
0.581117 0.339297
0.631792 0.339297
0.631792 0.294087
0.617889 0.294087
0.617889 0.316142
0.621284 0.316142
0.621284 0.323474
0.617411 0.323474
0.617411 0.304701
0.610467 0.304701
0.610467 0.195991
0.612529 0.195991
0.612529 0.160204
0.645768 0.160204
0.645768 0.171677
0.615798 0.171677
0.615798 0.210661
0.627291 0.210661
0.627291 0.22437
0.633333 0.22437
0.633333 0.27007
0.641262 0.27007
0.641262 0.291284
0.648476 0.291284
0.648476 0.179217
0.687285 0.179217
0.687285 0.164067
0.68804 0.164067
0.68804 0.118114
0.690357 0.118114
0.690357 0.168111
0.69166 0.168111
0.69166 0.184202
0.658604 0.184202
0.658604 0.306053
0.662068 0.306053
0.662068 0.285504
0.666801 0.285504
0.666801 0.309935
0.669757 0.309935
0.669757 0.185918
0.673192 0.185918
0.673192 0.203254
0.672398 0.203254
0.672398 0.327173
0.671337 0.327173
0.671337 0.344141
0.590986 0.344141
0.590986 0.348398
0.588951 0.348398
0.588951 0.518803
0.572486 0.518803
0.572486 0.537404
0.593033 0.537404
0.593033 0.445264
0.595664 0.445264
0.595664 0.556662
0.596845 0.556662
0.596845 0.391846
0.597165 0.391846
0.597165 0.411115
0.597989 0.411115
0.597989 0.484511
0.599467 0.484511
0.599467 0.478073
0.602779 0.478073
0.602779 0.466009
0.606998 0.466009
0.606998 0.401829
0.610134 0.401829
0.610134 0.383847
0.611056 0.383847
0.611056 0.39717
0.61768 0.39717
0.61768 0.443868
0.631537 0.443868
0.631537 0.487168
0.628362 0.487168
0.628362 0.488494
0.62404 0.488494
0.62404 0.510234
0.655824 0.510234
0.655824 0.45271
0.653946 0.45271
0.653946 0.469548
0.647008 0.469548
0.647008 0.402915
0.666597 0.402915
0.666597 0.411295
0.685165 0.411295
0.685165 0.400071
0.676117 0.400071
0.676117 0.36876
0.682755 0.36876
0.682755 0.368956
0.676365 0.368956
0.676365 0.39267
0.686871 0.39267
0.686871 0.419478
0.685653 0.419478
0.685653 0.416273
0.65916 0.416273
0.65916 0.571832
0.642732 0.571832
0.642732 0.626788
0.652209 0.626788
0.652209 0.642259
0.633344 0.642259
0.633344 0.583702
0.638146 0.583702
0.638146 0.544902
0.625437 0.544902
0.625437 0.705324
0.624715 0.705324
0.624715 0.594582
0.623776 0.594582
0.623776 0.460443
0.626159 0.460443
0.626159 0.456244
0.612622 0.456244
0.612622 0.419025
0.611446 0.419025
0.611446 0.487955
0.603673 0.487955
0.603673 0.51293
0.616087 0.51293
0.616087 0.535422
0.609945 0.535422
0.609945 0.642131
0.605289 0.642131
0.605289 0.561479
0.584473 0.561479
0.584473 0.597273
0.595415 0.597273
0.595415 0.614102
0.578767 0.614102
0.578767 0.600523
0.572632 0.600523
0.572632 0.64134
0.571126 0.64134
0.571126 0.5016
0.565459 0.5016
0.565459 0.509963
0.564316 0.509963
0.564316 0.435383
0.566053 0.435383
0.566053 0.21217
0.565219 0.21217
0.565219 0.252776
0.563247 0.252776
0.563247 0.423881
0.549005 0.423881
0.549005 0.487943
0.547509 0.487943
0.547509 0.60889
0.549201 0.60889
0.549201 0.610733
0.551725 0.610733
0.551725 0.643107
0.549703 0.643107
0.549703 0.803638
0.583522 0.803638
0.583522 0.793878
0.624684 0.793878
0.624684 0.806075
0.62435 0.806075
0.62435 0.806927
0.627644 0.806927
0.627644 0.794531
0.640017 0.794531
0.640017 0.814337
0.643107 0.814337
0.643107 0.814342
0.637636 0.814342
0.637636 0.815238
0.684783 0.815238
0.684783 0.791617
0.686572 0.791617
0.686572 0.782543
0.720884 0.782543
0.720884 0.784049
0.710854 0.784049
0.710854 0.784508
0.732446 0.784508
0.732446 0.707384
0.760544 0.707384
0.760544 0.69401
0.760896 0.69401
0.760896 0.6851
0.753544 0.6851
0.753544 0.663792
0.75477 0.663792
0.75477 0.618031
0.753165 0.618031
0.753165 0.611141
0.748164 0.611141
0.748164 0.660825
0.744352 0.660825
0.744352 0.615131
0.732632 0.615131
0.732632 0.641559
0.723427 0.641559
0.723427 0.641415
0.714204 0.641415
0.714204 0.635078
0.714594 0.635078
0.714594 0.619264
0.715793 0.619264
0.715793 0.499149
0.719124 0.499149
0.719124 0.241917
0.717566 0.241917
0.717566 0.117351
0.723878 0.117351
0.723878 0.468788
0.721706 0.468788
0.721706 0.515962
0.717617 0.515962
0.717617 0.60152
0.717726 0.60152
0.717726 0.616154
0.726092 0.616154
0.726092 0.539255
0.728121 0.539255
0.728121 0.542681
0.739335 0.542681
0.739335 0.477933
0.728666 0.477933
0.728666 0.474557
0.724323 0.474557
0.724323 0.422201
0.729168 0.422201
0.729168 0.27883
0.732398 0.27883
0.732398 0.455816
0.749385 0.455816
0.749385 0.449431
0.735315 0.449431
0.735315 0.44711
0.761724 0.44711
0.761724 0.466093
0.747752 0.466093
0.747752 0.459894
0.742021 0.459894
0.742021 0.524146
0.740546 0.524146
0.740546 0.531153
0.74391 0.531153
0.74391 0.480187
0.761806 0.480187
0.761806 0.471441
0.764069 0.471441
0.764069 0.492732
0.77808 0.492732
0.77808 0.729854
0.781926 0.729854
0.781926 0.773032
0.782544 0.773032
0.782544 0.794956
0.785137 0.794956
0.785137 0.703669
0.794562 0.703669
0.794562 0.692864
0.79551 0.692864
0.79551 0.564119
0.793045 0.564119
0.793045 0.671104
0.792657 0.671104
0.792657 0.603376
0.792496 0.603376
0.792496 0.467179
0.788195 0.467179
0.788195 0.435029
0.791685 0.435029
0.791685 0.390702
0.80035 0.390702
0.80035 0.182948
0.787421 0.182948
0.787421 0.166121
0.80575 0.166121
0.80575 0.462338
0.795881 0.462338
0.795881 0.601447
0.801023 0.601447
0.801023 0.728693
0.801333 0.728693
0.801333 0.70978
0.804445 0.70978
0.804445 0.730946
0.798984 0.730946
0.798984 0.726694
0.793287 0.726694
0.793287 0.729287
0.790087 0.729287
0.790087 0.781478
0.792058 0.781478
0.792058 0.827134
0.806085 0.827134
0.806085 0.773124
0.807344 0.773124
0.807344 0.224814
0.817755 0.224814
0.817755 0.611005
0.816523 0.611005
0.816523 0.582894
0.816877 0.582894
0.816877 0.344965
0.812578 0.344965
0.812578 0.429961
0.812852 0.429961
0.812852 0.720492
0.809907 0.720492
0.809907 0.760108
0.814761 0.760108
0.814761 0.770013
0.809613 0.770013
0.809613 0.617351
0.80989 0.617351
0.80989 0.3316
0.807356 0.3316
0.807356 0.817609
0.827892 0.817609
0.827892 0.775075
0.827228 0.775075
0.827228 0.77076
0.82988 0.77076
0.82988 0.75525
0.83244 0.75525
0.83244 0.750791
0.824049 0.750791
0.824049 0.708836
0.819925 0.708836
0.819925 0.66387
0.822616 0.66387
0.822616 0.614992
0.825293 0.614992
0.825293 0.451644
0.825366 0.451644
0.825366 0.741842
0.833088 0.741842
0.833088 0.729952
0.856557 0.729952
0.856557 0.729032
0.858533 0.729032
0.858533 0.7373
0.866726 0.7373
0.866726 0.74779
0.880618 0.74779
0.880618 0.724862
0.87921 0.724862
0.87921 0.690792
0.865799 0.690792
0.865799 0.690651
0.849694 0.690651
0.849694 0.685995
0.836128 0.685995
0.836128 0.435692
0.831679 0.435692
0.831679 0.497747
0.835565 0.497747
0.835565 0.655783
0.83317 0.655783
0.83317 0.596757
0.828005 0.596757
0.828005 0.217338
0.819397 0.217338
0.819397 0.111398
0.849105 0.111398
0.849105 0.201758
0.842861 0.201758
0.842861 0.350031
0.832962 0.350031
0.832962 0.351793
0.836765 0.351793
0.836765 0.416277
0.846828 0.416277
0.846828 0.595656
0.847707 0.595656
0.847707 0.647813
0.843316 0.647813
0.843316 0.669192
0.839703 0.669192
0.839703 0.67117
0.877855 0.67117
0.877855 0.682961
0.884432 0.682961
0.884432 0.667809
0.883866 0.667809
0.883866 0.59668
0.881241 0.59668
0.881241 0.648265
0.865903 0.648265
0.865903 0.516522
0.875095 0.516522
0.875095 0.498826
0.861993 0.498826
0.861993 0.500562
0.857772 0.500562
0.857772 0.604877
0.853757 0.604877
0.853757 0.313843
0.893539 0.313843
0.893539 0.281921
0.887118 0.281921
0.887118 0.281336
0.892523 0.281336
0.892523 0.278921
0.887436 0.278921
0.887436 0.210254
0.872275 0.210254
0.872275 0.15697
0.873223 0.15697
0.873223 0.114719
0.877466 0.114719
0.877466 0.156388
0.910632 0.156388
0.910632 0.201507
0.911139 0.201507
0.911139 0.161256
0.91672 0.161256
0.91672 0.14311
0.914058 0.14311
0.914058 0.105168
0.903848 0.105168
0.903848 0.102588
0.924988 0.102588
0.924988 0.12212
0.921518 0.12212
0.921518 0.289446
0.927244 0.289446
0.927244 0.142747
0.932177 0.142747
0.932177 0.229498
0.92841 0.229498
0.92841 0.345552
0.9309 0.345552
0.9309 0.353799
0.926151 0.353799
0.926151 0.360081
0.92571 0.360081
0.92571 0.36378
0.92363 0.36378
0.92363 0.395888
0.975373 0.395888
0.975373 0.296594
0.984175 0.296594
0.984175 0.209722
0.974247 0.209722
0.974247 0.373708
0.973811 0.373708
0.973811 0.255072
0.973571 0.255072
0.973571 0.260294
0.970193 0.260294
0.970193 0.300379
0.966813 0.300379
0.966813 0.311234
0.962059 0.311234
0.962059 0.323346
0.971208 0.323346
0.971208 0.326254
0.956602 0.326254
0.956602 0.382049
0.954123 0.382049
0.954123 0.344927
0.953094 0.344927
0.953094 0.319252
0.951217 0.319252
0.951217 0.37505
0.950189 0.37505
0.950189 0.349452
0.943391 0.349452
0.943391 0.354784
0.943974 0.354784
0.943974 0.384037
0.939671 0.384037
0.939671 0.0991915
0.934607 0.0991915
0.934607 0.0974165
0.935057 0.0974165
0.935057 0.0979165
0.946367 0.0979165
0.946367 0.0424611
0.955379 0.0424611
0.955379 0.0353686
0.941489 0.0353686
0.941489 0.0307864
0.936621 0.0307864
0.936621 0.0386035
0.933398 0.0386035
0.933398 0.0358838
0.933219 0.0358838
0.933219 0.0263633
0.934141 0.0263633
0.934141 0.0259772
0.749712 0.0259772
0.749712 0.0200928
0.751613 0.0200928
0.751613 0.0183462
0.781864 0.0183462
0.781864 0.0255723
0.9361 0.0255723
0.9361 0.0284075
0.938426 0.0284075
0.938426 0.030057
0.94211 0.030057
0.94211 0.0304763
0.945858 0.0304763
0.945858 0.0336238
0.95819 0.0336238
0.95819 0.0847075
0.958217 0.0847075
0.958217 0.0945099
0.962632 0.0945099
0.962632 0.128207
0.942709 0.128207
0.942709 0.156429
0.941922 0.156429
0.941922 0.125163
0.954949 0.125163
0.954949 0.0429191
0.947459 0.0429191
0.947459 0.103712
0.943773 0.103712
0.943773 0.107583
0.941452 0.107583
0.941452 0.341158
0.943396 0.341158
0.943396 0.294226
0.950088 0.294226
0.950088 0.294459
0.966448 0.294459
0.966448 0.297412
0.96695 0.297412
0.96695 0.278024
0.96387 0.278024
0.96387 0.233384
0.965821 0.233384
0.965821 0.236799
0.970099 0.236799
0.970099 0.247238
0.971479 0.247238
0.971479 0.229986
0.972072 0.229986
0.972072 0.205398
0.987079 0.205398
0.987079 0.167376
0.992366 0.167376
0.992366 0.134905
0.995004 0.134905
0.995004 0.0877147
0.987207 0.0877147
0.987207 0.0556471
0.986862 0.0556471
0.986862 0.0420118
0.985999 0.0420118
0.985999 0.0417379
0.987227 0.0417379
0.987227 0.0228021
0.988632 0.0228021
0.988632 0.0173418
0.909121 0.0173418
0.909121 0.0161119
0.738039 0.0161119
0.738039 0.0312691
0.599444 0.0312691
0.599444 0.031807
0.697968 0.031807
0.697968 0.0322271
0.682781 0.0322271
0.682781 0.0337883
0.691079 0.0337883
0.691079 0.0388714
0.698385 0.0388714
0.698385 0.0401634
0.539707 0.0401634
0.539707 0.0454285
0.553184 0.0454285
0.553184 0.0428652
0.644495 0.0428652
0.644495 0.0452663
0.780163 0.0452663
0.780163 0.0527517
0.748739 0.0527517
0.748739 0.0529596
0.903395 0.0529596
0.903395 0.0617968
0.909117 0.0617968
0.909117 0.0627363
0.931524 0.0627363
0.931524 0.0631116
0.780349 0.0631116
0.780349 0.0623883
0.819371 0.0623883
0.819371 0.0620113
0.695462 0.0620113
0.695462 0.0686442
0.686546 0.0686442
0.686546 0.0590407
0.681666 0.0590407
0.681666 0.0701435
0.535335 0.0701435
0.535335 0.0684375
0.545782 0.0684375
0.545782 0.0681463
0.661675 0.0681463
0.661675 0.0636017
0.603084 0.0636017
0.603084 0.0624867
0.545198 0.0624867
0.545198 0.0572334
0.69758 0.0572334
0.69758 0.0603962
0.694659 0.0603962
0.694659 0.0576086
0.688593 0.0576086
0.688593 0.0612468
0.903366 0.0612468
0.903366 0.0539458
0.615742 0.0539458
0.615742 0.0540316
0.561269 0.0540316
0.561269 0.0504591
0.744551 0.0504591
0.744551 0.0463042
0.689577 0.0463042
0.689577 0.0463789
0.538826 0.0463789
0.538826 0.0430389
0.537683 0.0430389
0.537683 0.0261127
0.539055 0.0261127
0.539055 0.0105043
0.68106 0.0105043
0.68106 0.00680886
0.959541 0.00680886
0.959541 0.00204242
0.949312 0.00204242
0.949312 0
1 0
1 0.0118191
0.700875 0.0118191
0.700875 0.0129647
0.54061 0.0129647
0.54061 0.0269936
0.542768 0.0269936
0.542768 0.0274013
0.637729 0.0274013
0.637729 0.027633
0.711755 0.027633
0.711755 0.0134913
0.713648 0.0134913
0.713648 0.0151525
0.966123 0.0151525
0.966123 0.0151086
0.98964 0.0151086
0.98964 0.0414551
0.98767 0.0414551
0.98767 0.0805962
0.99271 0.0805962
0.99271 0.0746128
0.994893 0.0746128
0.994893 0.0548056
0.994128 0.0548056
0.994128 0.0508517
0.994147 0.0508517
0.994147 0.0480198
0.99225 0.0480198
0.99225 0.0406174
0.999138 0.0406174
0.999138 0.207949
0.994748 0.207949
0.994748 0.206022
0.985082 0.206022
0.985082 0.20872
0.984515 0.20872
0.984515 0.334807
0.982707 0.334807
0.982707 0.409556
0.9663 0.409556
0.9663 0.400657
0.9227 0.400657
0.9227 0.316669
0.921199 0.316669
0.921199 0.109522
0.917041 0.109522
0.917041 0.200182
0.920937 0.200182
0.920937 0.33821
0.914891 0.33821
0.914891 0.367873
0.91088 0.367873
0.91088 0.333992
0.910268 0.333992
0.910268 0.327275
0.914041 0.327275
0.914041 0.287962
0.916091 0.287962
0.916091 0.184718
0.911182 0.184718
0.911182 0.251921
0.909565 0.251921
0.909565 0.158147
0.90867 0.158147
0.90867 0.236484
0.906246 0.236484
0.906246 0.31275
0.904203 0.31275
0.904203 0.318222
0.867373 0.318222
0.867373 0.345905
0.872082 0.345905
0.872082 0.367161
0.864296 0.367161
0.864296 0.37066
0.855794 0.37066
0.855794 0.495905
0.880216 0.495905
0.880216 0.520839
0.869815 0.520839
0.869815 0.63662
0.869986 0.63662
0.869986 0.595788
0.872639 0.595788
0.872639 0.559612
0.881187 0.559612
0.881187 0.43957
0.881355 0.43957
0.881355 0.47014
0.881814 0.47014
0.881814 0.447564
0.887634 0.447564
0.887634 0.520649
0.891417 0.520649
0.891417 0.615402
0.885487 0.615402
0.885487 0.633641
0.893961 0.633641
0.893961 0.423954
0.894744 0.423954
0.894744 0.486628
0.9007 0.486628
0.9007 0.500523
0.90204 0.500523
0.90204 0.524499
0.894669 0.524499
0.894669 0.539829
0.899869 0.539829
0.899869 0.654197
0.894196 0.654197
0.894196 0.663103
0.888534 0.663103
0.888534 0.666833
0.88774 0.666833
0.88774 0.701325
0.888243 0.701325
0.888243 0.710295
0.891677 0.710295
0.891677 0.762259
0.892944 0.762259
0.892944 0.762758
0.846227 0.762758
0.846227 0.773457
0.864398 0.773457
0.864398 0.776301
0.845188 0.776301
0.845188 0.789063
0.833294 0.789063
0.833294 0.820335
0.856952 0.820335
0.856952 0.801593
0.866581 0.801593
0.866581 0.793045
0.866774 0.793045
0.866774 0.802249
0.859085 0.802249
0.859085 0.841496
0.856814 0.841496
0.856814 0.831558
0.843347 0.831558
0.843347 0.827538
0.837932 0.827538
0.837932 0.822378
0.855913 0.822378
0.855913 0.821068
0.826626 0.821068
0.826626 0.842431
0.787475 0.842431
0.787475 0.767583
0.787232 0.767583
0.787232 0.83598
0.77603 0.83598
0.77603 0.874623
0.774753 0.874623
0.774753 0.879792
0.77971 0.879792
0.77971 0.875678
0.783509 0.875678
0.783509 0.888392
0.711797 0.888392
0.711797 0.888486
0.704628 0.888486
0.704628 0.885442
0.714612 0.885442
0.714612 0.885134
0.717888 0.885134
0.717888 0.884005
0.752359 0.884005
0.752359 0.882803
0.705937 0.882803
0.705937 0.881465
0.755765 0.881465
0.755765 0.873522
0.773594 0.873522
0.773594 0.85749
0.758084 0.85749
0.758084 0.838428
0.709825 0.838428
0.709825 0.837871
0.773739 0.837871
0.773739 0.83531
0.728951 0.83531
0.728951 0.835014
0.751066 0.835014
0.751066 0.831566
0.757849 0.831566
0.757849 0.832768
0.774225 0.832768
0.774225 0.827669
0.764136 0.827669
0.764136 0.824102
0.76011 0.824102
0.76011 0.810136
0.755961 0.810136
0.755961 0.804188
0.741419 0.804188
0.741419 0.823054
0.709127 0.823054
0.709127 0.801306
0.706618 0.801306
0.706618 0.79704
0.766727 0.79704
0.766727 0.7957
0.767045 0.7957
0.767045 0.827003
0.777108 0.827003
0.777108 0.559742
0.770877 0.559742
0.770877 0.49278
0.757267 0.49278
0.757267 0.503228
0.745585 0.503228
0.745585 0.524078
0.749121 0.524078
0.749121 0.531549
0.740425 0.531549
0.740425 0.55814
0.736811 0.55814
0.736811 0.598825
0.73708 0.598825
0.73708 0.604043
0.766414 0.604043
0.766414 0.667195
0.765739 0.667195
0.765739 0.70867
0.744725 0.70867
0.744725 0.717492
0.742509 0.717492
0.742509 0.746453
0.738371 0.746453
0.738371 0.789612
0.703637 0.789612
0.703637 0.789448
0.724228 0.789448
0.724228 0.788804
0.723687 0.788804
0.723687 0.787156
0.687794 0.787156
0.687794 0.82064
0.662807 0.82064
0.662807 0.822882
0.617811 0.822882
0.617811 0.818189
0.64195 0.818189
0.64195 0.817273
0.618105 0.817273
0.618105 0.807929
0.614459 0.807929
0.614459 0.808419
0.548947 0.808419
0.548947 0.738158
0.548774 0.738158
0.548774 0.642183
0.546174 0.642183
0.546174 0.445872
0.546457 0.445872
0.546457 0.408299
0.554729 0.408299
0.554729 0.421283
0.556509 0.421283
0.556509 0.387309
0.557865 0.387309
0.557865 0.401929
0.558763 0.401929
0.558763 0.422727
0.562911 0.422727
0.562911 0.167602
0.570151 0.167602
0.570151 0.133894
0.560509 0.133894
0.560509 0.130609
0.560494 0.130609
0.560494 0.152389
0.511373 0.152389
0.511373 0.145949
0.474861 0.145949
0.474861 0.160214
0.464342 0.160214
0.464342 0.172399
0.487782 0.172399
0.487782 0.185426
0.495531 0.185426
0.495531 0.22473
0.517077 0.22473
0.517077 0.194006
0.513255 0.194006
0.513255 0.17663
0.531099 0.17663
0.531099 0.199895
0.538639 0.199895
0.538639 0.170331
0.541937 0.170331
0.541937 0.206168
0.534468 0.206168
0.534468 0.211397
0.542248 0.211397
0.542248 0.218888
0.519464 0.218888
0.519464 0.194775
0.517583 0.194775
0.517583 0.22594
0.510099 0.22594
0.510099 0.225471
0.488224 0.225471
0.488224 0.214499
0.483423 0.214499
0.483423 0.213126
0.487997 0.213126
0.487997 0.190111
0.463293 0.190111
0.463293 0.105943
0.460215 0.105943
0.460215 0.105132
0.458285 0.105132
0.458285 0.122966
0.458325 0.122966
0.458325 0.169082
0.456075 0.169082
0.456075 0.241934
0.451891 0.241934
0.451891 0.23295
0.450673 0.23295
0.450673 0.227472
0.417248 0.227472
0.417248 0.256745
0.519637 0.256745
0.519637 0.253593
0.536796 0.253593
0.536796 0.487402
0.53611 0.487402
0.53611 0.512542
0.535586 0.512542
0.535586 0.659309
0.507466 0.659309
0.507466 0.683733
0.504307 0.683733
0.504307 0.661276
0.484905 0.661276
0.484905 0.667114
0.494509 0.667114
0.494509 0.668773
0.489886 0.668773
0.489886 0.670139
0.48028 0.670139
0.48028 0.673214
0.488199 0.673214
0.488199 0.696445
0.474209 0.696445
0.474209 0.674325
0.464903 0.674325
0.464903 0.656751
0.505805 0.656751
0.505805 0.646672
0.53531 0.646672
0.53531 0.611034
0.509087 0.611034
0.509087 0.591248
0.506597 0.591248
0.506597 0.367484
0.504039 0.367484
0.504039 0.359536
0.493588 0.359536
0.493588 0.350547
0.516075 0.350547
0.516075 0.361284
0.507554 0.361284
0.507554 0.586087
0.530478 0.586087
0.530478 0.558505
0.52905 0.558505
0.52905 0.572662
0.513443 0.572662
0.513443 0.558934
0.51911 0.558934
0.51911 0.555669
0.530916 0.555669
0.530916 0.552705
0.515374 0.552705
0.515374 0.480536
0.518237 0.480536
0.518237 0.538204
0.529469 0.538204
0.529469 0.480638
0.536391 0.480638
0.536391 0.3253
0.500482 0.3253
0.500482 0.29818
0.497713 0.29818
0.497713 0.337549
0.526584 0.337549
0.526584 0.346169
0.497996 0.346169
0.497996 0.346566
0.471362 0.346566
0.471362 0.350028
0.469262 0.350028
0.469262 0.346353
0.475562 0.346353
0.475562 0.339363
0.478779 0.339363
0.478779 0.337255
0.495565 0.337255
0.495565 0.288288
0.514358 0.288288
0.514358 0.278632
0.521004 0.278632
0.521004 0.267005
0.480994 0.267005
0.480994 0.276678
0.467478 0.276678
0.467478 0.275062
0.472613 0.275062
0.472613 0.267107
0.450615 0.267107
0.450615 0.268964
0.450049 0.268964
0.450049 0.266287
0.509419 0.266287
0.509419 0.265153
0.437145 0.265153
0.437145 0.443924
0.442851 0.443924
0.442851 0.490156
0.440635 0.490156
0.440635 0.504409
0.44149 0.504409
0.44149 0.577173
0.428051 0.577173
0.428051 0.582169
0.42886 0.582169
0.42886 0.653864
0.429182 0.653864
0.429182 0.634461
0.439451 0.634461
0.439451 0.63714
0.4294 0.63714
0.4294 0.700399
0.432735 0.700399
0.432735 0.774955
0.433905 0.774955
0.433905 0.891038
0.427075 0.891038
0.427075 0.632662
0.427879 0.632662
0.427879 0.702282
0.427107 0.702282
0.427107 0.879178
0.427358 0.879178
0.427358 0.873383
0.427954 0.873383
0.427954 0.50267
0.432643 0.50267
0.432643 0.45948
0.437019 0.45948
0.437019 0.421857
0.406801 0.421857
0.406801 0.548675
0.408187 0.548675
0.408187 0.439581
0.415192 0.439581
0.415192 0.464438
0.413624 0.464438
0.413624 0.558407
0.417048 0.558407
0.417048 0.678181
0.407519 0.678181
0.407519 0.704702
0.405941 0.704702
0.405941 0.64922
0.414377 0.64922
0.414377 0.583391
0.404183 0.583391
0.404183 0.424477
0.401271 0.424477
0.401271 0.586507
0.401714 0.586507
0.401714 0.515597
0.401847 0.515597
0.401847 0.448909
0.402109 0.448909
0.402109 0.622486
0.398333 0.622486
0.398333 0.55339
0.4001 0.55339
0.4001 0.403544
0.404908 0.403544
0.404908 0.393575
0.413681 0.393575
0.413681 0.397179
0.420611 0.397179
0.420611 0.35371
0.420453 0.35371
0.420453 0.270923
0.428214 0.270923
0.428214 0.263526
0.415169 0.263526
0.415169 0.226994
0.453511 0.226994
0.453511 0.240538
0.453518 0.240538
0.453518 0.123872
0.453308 0.123872
0.453308 0.0820887
0.45467 0.0820887
0.45467 0.0728319
0.451923 0.0728319
0.451923 0.0827637
0.445091 0.0827637
0.445091 0.153796
0.44558 0.153796
0.44558 0.108959
0.451103 0.108959
0.451103 0.105979
0.451552 0.105979
0.451552 0.150551
0.450688 0.150551
0.450688 0.120115
0.446569 0.120115
0.446569 0.203593
0.444685 0.203593
0.444685 0.190372
0.444285 0.190372
0.444285 0.107026
0.402211 0.107026
0.402211 0.0929357
0.382807 0.0929357
0.382807 0.09959
0.362637 0.09959
0.362637 0.10158
0.40117 0.10158
0.40117 0.10369
0.371302 0.10369
0.371302 0.10718
0.360618 0.10718
0.360618 0.134641
0.377466 0.134641
0.377466 0.118409
0.384109 0.118409
0.384109 0.126326
0.379707 0.126326
0.379707 0.136048
0.373786 0.136048
0.373786 0.211401
0.360486 0.211401
0.360486 0.0886249
0.362734 0.0886249
0.362734 0.0850971
0.250195 0.0850971
0.250195 0.103354
0.227838 0.103354
0.227838 0.133509
0.310621 0.133509
0.310621 0.136957
0.35629 0.136957
0.35629 0.147346
0.344677 0.147346
0.344677 0.167161
0.345676 0.167161
0.345676 0.159163
0.350315 0.159163
0.350315 0.238249
0.34769 0.238249
0.34769 0.191482
0.329299 0.191482
0.329299 0.190123
0.30697 0.190123
0.30697 0.221937
0.30801 0.221937
0.30801 0.323253
0.320806 0.323253
0.320806 0.332117
0.243266 0.332117
0.243266 0.349378
0.234359 0.349378
0.234359 0.365946
0.282381 0.365946
0.282381 0.374132
0.290447 0.374132
0.290447 0.375976
0.153848 0.375976
0.153848 0.371124
0.159625 0.371124
0.159625 0.31326
0.158421 0.31326
0.158421 0.343664
0.155864 0.343664
0.155864 0.22226
0.149055 0.22226
0.149055 0.147398
0.145492 0.147398
0.145492 0.149288
0.146069 0.149288
0.146069 0.274729
0.145792 0.274729
0.145792 0.24019
0.143475 0.24019
0.143475 0.20625
0.145084 0.20625
0.145084 0.178465
0.140839 0.178465
0.140839 0.424029
0.128806 0.424029
0.128806 0.360743
0.132791 0.360743
0.132791 0.421238
0.135647 0.421238
0.135647 0.405556
0.136485 0.405556
0.136485 0.42021
0.140625 0.42021
0.140625 0.255853
0.136929 0.255853
0.136929 0.186091
0.135194 0.186091
0.135194 0.345516
0.128691 0.345516
0.128691 0.218224
0.133847 0.218224
0.133847 0.186398
0.120135 0.186398
0.120135 0.221974
0.122437 0.221974
0.122437 0.248772
0.121846 0.248772
0.121846 0.272922
0.120318 0.272922
0.120318 0.240866
0.0959828 0.240866
0.0959828 0.242711
0.117617 0.242711
0.117617 0.316921
0.095109 0.316921
0.095109 0.377022
0.114922 0.377022
0.114922 0.640611
0.114104 0.640611
0.114104 0.687319
0.114327 0.687319
0.114327 0.780982
0.113211 0.780982
0.113211 0.732178
0.110829 0.732178
0.110829 0.656778
0.112844 0.656778
0.112844 0.49083
0.10799 0.49083
0.10799 0.688473
0.104803 0.688473
0.104803 0.705452
0.104225 0.705452
0.104225 0.829506
0.0976907 0.829506
0.0976907 0.949302
0.100511 0.949302
0.100511 0.944662
0.12201 0.944662
0.12201 0.94162
0.124397 0.94162
0.124397 0.953027
0.135246 0.953027
0.135246 0.955362
0.0623897 0.955362
0.0623897 0.930841
0.0571878 0.930841
0.0571878 0.962751
0.112712 0.962751
0.112712 0.961834
0.0619849 0.961834
0.0619849 0.959507
0.0672395 0.959507
0.0672395 0.961571
0.0955475 0.961571
0.0955475 0.959783
0.145316 0.959783
0.145316 0.962304
0.124376 0.962304
0.124376 0.969479
0.131164 0.969479
0.131164 0.971365
0.15036 0.971365
0.15036 0.954297
0.146103 0.954297
0.146103 0.915644
0.150861 0.915644
0.150861 0.900647
0.16385 0.900647
0.16385 0.897279
0.164639 0.897279
0.164639 0.869975
0.166472 0.869975
0.166472 0.903099
0.158945 0.903099
0.158945 0.903698
0.163823 0.903698
0.163823 0.919166
0.15963 0.919166
0.15963 0.923439
0.157828 0.923439
0.157828 0.942927
0.153932 0.942927
0.153932 0.969322
0.183007 0.969322
0.183007 0.935252
0.179529 0.935252
0.179529 0.828327
0.178186 0.828327
0.178186 0.722804
0.173955 0.722804
0.173955 0.852167
0.175327 0.852167
0.175327 0.809609
0.174328 0.809609
0.174328 0.73416
0.177533 0.73416
0.177533 0.796562
0.178158 0.796562
0.178158 0.803314
0.175622 0.803314
0.175622 0.813558
0.176972 0.813558
0.176972 0.871555
0.172409 0.871555
0.172409 0.723562
0.169732 0.723562
0.169732 0.703291
0.169686 0.703291
0.169686 0.698842
0.172239 0.698842
0.172239 0.711069
0.174608 0.711069
0.174608 0.695994
0.166736 0.695994
0.166736 0.668362
0.18449 0.668362
0.18449 0.670549
0.186179 0.670549
0.186179 0.672684
0.201357 0.672684
0.201357 0.650295
0.192459 0.650295
0.192459 0.64719
0.199013 0.64719
0.199013 0.546439
0.272791 0.546439
0.272791 0.544829
0.211457 0.544829
0.211457 0.544226
0.261208 0.544226
0.261208 0.496184
0.319343 0.496184
0.319343 0.4637
0.331551 0.4637
0.331551 0.475315
0.34139 0.475315
0.34139 0.447024
0.345314 0.447024
0.345314 0.454044
0.347933 0.454044
0.347933 0.482818
0.351331 0.482818
0.351331 0.462054
0.398151 0.462054
0.398151 0.503999
0.397482 0.503999
0.397482 0.517225
0.395561 0.517225
0.395561 0.715778
0.394167 0.715778
0.394167 0.463739
0.355416 0.463739
0.355416 0.528243
0.34872 0.528243
0.34872 0.536312
0.338255 0.536312
0.338255 0.503861
0.333399 0.503861
0.333399 0.537461
0.37677 0.537461
0.37677 0.496128
0.39016 0.496128
0.39016 0.538047
0.386847 0.538047
0.386847 0.543405
0.306155 0.543405
0.306155 0.533959
0.293828 0.533959
0.293828 0.556416
0.252065 0.556416
0.252065 0.560336
0.255815 0.560336
0.255815 0.587619
0.268215 0.587619
0.268215 0.597237
0.28464 0.597237
0.28464 0.630572
0.284958 0.630572
0.284958 0.705193
0.265762 0.705193
0.265762 0.712202
0.264927 0.712202
0.264927 0.707682
0.264743 0.707682
0.264743 0.715549
0.277535 0.715549
0.277535 0.717992
0.285081 0.717992
0.285081 0.715725
0.287561 0.715725
0.287561 0.713945
0.346751 0.713945
0.346751 0.713582
0.357664 0.713582
0.357664 0.702441
0.358333 0.702441
0.358333 0.76518
0.36629 0.76518
0.36629 0.753101
0.392359 0.753101
0.392359 0.764246
0.393527 0.764246
0.393527 0.764921
0.387442 0.764921
0.387442 0.766796
0.375741 0.766796
0.375741 0.771896
0.360278 0.771896
0.360278 0.771166
0.355237 0.771166
0.355237 0.745227
0.275284 0.745227
0.275284 0.754492
0.293795 0.754492
0.293795 0.746153
0.300594 0.746153
0.300594 0.755446
0.29274 0.755446
0.29274 0.764008
0.269701 0.764008
0.269701 0.731682
0.294236 0.731682
0.294236 0.732928
0.329727 0.732928
0.329727 0.719958
0.255431 0.719958
0.255431 0.723423
0.254953 0.723423
0.254953 0.709693
0.258128 0.709693
0.258128 0.703106
0.258809 0.703106
0.258809 0.702204
0.262504 0.702204
0.262504 0.684235
0.278166 0.684235
0.278166 0.643587
0.26496 0.643587
0.26496 0.671346
0.253604 0.671346
0.253604 0.693514
0.252966 0.693514
0.252966 0.693593
0.245161 0.693593
0.245161 0.627815
0.2574 0.627815
0.2574 0.670332
0.258909 0.670332
0.258909 0.608753
0.264229 0.608753
0.264229 0.59595
0.240877 0.59595
0.240877 0.579714
0.253554 0.579714
0.253554 0.579105
0.235436 0.579105
0.235436 0.568282
0.21827 0.568282
0.21827 0.553153
0.202664 0.553153
0.202664 0.555786
0.205793 0.555786
0.205793 0.592152
0.199786 0.592152
0.199786 0.614316
0.211178 0.614316
0.211178 0.706231
0.201865 0.706231
0.201865 0.673579
0.185547 0.673579
0.185547 0.674802
0.188117 0.674802
0.188117 0.680359
0.198165 0.680359
0.198165 0.69483
0.196843 0.69483
0.196843 0.765847
0.195867 0.765847
0.195867 0.788444
0.18743 0.788444
0.18743 0.842896
0.18653 0.842896
0.18653 0.740761
0.195662 0.740761
0.195662 0.688552
0.194344 0.688552
0.194344 0.681372
0.186466 0.681372
0.186466 0.761126
0.182513 0.761126
0.182513 0.721786
0.180708 0.721786
0.180708 0.73979
0.181126 0.73979
0.181126 0.894709
0.181222 0.894709
0.181222 0.92511
0.188557 0.92511
0.188557 0.915908
0.198504 0.915908
0.198504 0.931331
0.192317 0.931331
0.192317 0.939952
0.192835 0.939952
0.192835 0.945009
0.187939 0.945009
0.187939 0.939011
0.183655 0.939011
0.183655 0.974133
0.152918 0.974133
0.152918 0.975415
0.268175 0.975415
0.268175 0.973407
0.213139 0.973407
0.213139 0.972714
0.234869 0.972714
0.234869 0.937778
0.233801 0.937778
0.233801 0.901291
0.222324 0.901291
0.222324 0.896514
0.236034 0.896514
0.236034 0.90365
0.23737 0.90365
0.23737 0.882839
0.221006 0.882839
0.221006 0.894251
0.213258 0.894251
0.213258 0.864676
0.227176 0.864676
0.227176 0.843476
0.227328 0.843476
0.227328 0.85062
0.233902 0.85062
0.233902 0.833566
0.236458 0.833566
0.236458 0.860922
0.26789 0.860922
0.26789 0.848859
0.274031 0.848859
0.274031 0.832905
0.333928 0.832905
0.333928 0.830489
0.356592 0.830489
0.356592 0.833394
0.359476 0.833394
0.359476 0.791592
0.359525 0.791592
0.359525 0.844423
0.393881 0.844423
0.393881 0.847391
0.367633 0.847391
0.367633 0.851579
0.340967 0.851579
0.340967 0.855599
0.386003 0.855599
0.386003 0.859014
0.315648 0.859014
0.315648 0.888553
0.312911 0.888553
0.312911 0.858133
0.354819 0.858133
0.354819 0.857933
0.37399 0.857933
0.37399 0.857243
0.33518 0.857243
0.33518 0.847591
0.348872 0.847591
0.348872 0.847204
0.362607 0.847204
0.362607 0.845226
0.382532 0.845226
0.382532 0.845103
0.357613 0.845103
0.357613 0.835493
0.281976 0.835493
0.281976 0.852877
0.278693 0.852877
0.278693 0.866819
0.278411 0.866819
0.278411 0.913601
0.288423 0.913601
0.288423 0.905442
0.290072 0.905442
0.290072 0.933199
0.295302 0.933199
0.295302 0.915081
0.299991 0.915081
0.299991 0.920702
0.311092 0.920702
0.311092 0.90071
0.337711 0.90071
0.337711 0.912938
0.335087 0.912938
0.335087 0.943958
0.339504 0.943958
0.339504 0.909274
0.359826 0.909274
0.359826 0.945252
0.332247 0.945252
0.332247 0.940185
0.324931 0.940185
0.324931 0.925379
0.326746 0.925379
0.326746 0.909431
0.328313 0.909431
0.328313 0.904219
0.319317 0.904219
0.319317 0.901521
0.316386 0.901521
0.316386 0.924279
0.300753 0.924279
0.300753 0.936016
0.318966 0.936016
0.318966 0.946645
0.316296 0.946645
0.316296 0.940591
0.270747 0.940591
0.270747 0.899094
0.266766 0.899094
0.266766 0.897746
0.274892 0.897746
0.274892 0.872223
0.260887 0.872223
0.260887 0.869556
0.249028 0.869556
0.249028 0.868307
0.224282 0.868307
0.224282 0.882629
0.255203 0.882629
0.255203 0.887159
0.241357 0.887159
0.241357 0.96869
0.245091 0.96869
0.245091 0.904964
0.246759 0.904964
0.246759 0.957447
0.291031 0.957447
0.291031 0.97697
0.179027 0.97697
0.179027 0.97942
0.0746001 0.97942
0.0746001 0.976564
0.0639244 0.976564
0.0639244 0.967109
0.0930317 0.967109
0.0930317 0.966277
0.0498017 0.966277
0.0498017 0.934453
0.0466828 0.934453
0.0466828 0.968985
0.0494659 0.968985
0.0494659 0.98442
0.038422 0.98442
0.038422 0.985506
0.0318644 0.985506
0.0318644 0.992194
0.064255 0.992194
0.064255 0.992033
0.0596973 0.992033
0.0596973 0.989263
0.0502041 0.989263
0.0502041 0.986857
0.0553572 0.986857
0.0553572 0.988611
0.085094 0.988611
0.085094 0.989158
0.0857658 0.989158
0.0857658 0.99112
0.087129 0.99112
0.087129 0.993284
0.0788488 0.993284
0.0788488 0.993726
0.0419572 0.993726
0.0419572 0.99586
0.0776988 0.99586
0.0776988 0.99605
0.0797173 0.99605
0.0797173 1
