1024
0.616336 1
0.616336 0.986458
0.638978 0.986458
0.638978 0.985298
0.65743 0.985298
0.65743 0.968423
0.448166 0.968423
0.448166 0.974038
0.450349 0.974038
0.450349 0.979259
0.470596 0.979259
0.470596 0.988391
0.465483 0.988391
0.465483 0.994172
0.437342 0.994172
0.437342 0.987771
0.435811 0.987771
0.435811 0.947227
0.391714 0.947227
0.391714 0.951716
0.374952 0.951716
0.374952 0.935919
0.298799 0.935919
0.298799 0.961464
0.294336 0.961464
0.294336 0.906194
0.297524 0.906194
0.297524 0.917082
0.299859 0.917082
0.299859 0.835125
0.289747 0.835125
0.289747 0.886431
0.28693 0.886431
0.28693 0.793905
0.306099 0.793905
0.306099 0.785822
0.301975 0.785822
0.301975 0.733101
0.250158 0.733101
0.250158 0.73246
0.168782 0.73246
0.168782 0.750971
0.249866 0.750971
0.249866 0.758599
0.270652 0.758599
0.270652 0.763697
0.273729 0.763697
0.273729 0.888919
0.273149 0.888919
0.273149 0.804946
0.26913 0.804946
0.26913 0.782223
0.268536 0.782223
0.268536 0.771256
0.265173 0.771256
0.265173 0.913184
0.2832 0.913184
0.2832 0.920621
0.271513 0.920621
0.271513 0.997774
0.263153 0.997774
0.263153 0.994033
0.220113 0.994033
0.220113 0.994997
0.207676 0.994997
0.207676 0.987268
0.193097 0.987268
0.193097 0.986298
0.242175 0.986298
0.242175 0.985054
0.270473 0.985054
0.270473 0.958025
0.252616 0.958025
0.252616 0.899649
0.240255 0.899649
0.240255 0.972418
0.230878 0.972418
0.230878 0.887989
0.231244 0.887989
0.231244 0.854824
0.258277 0.854824
0.258277 0.77033
0.246784 0.77033
0.246784 0.757612
0.239757 0.757612
0.239757 0.780802
0.206649 0.780802
0.206649 0.785997
0.186049 0.785997
0.186049 0.75252
0.1619 0.75252
0.1619 0.841503
0.159912 0.841503
0.159912 0.817179
0.161653 0.817179
0.161653 0.727453
0.160873 0.727453
0.160873 0.698011
0.213886 0.698011
0.213886 0.69582
0.213008 0.69582
0.213008 0.69124
0.164147 0.69124
0.164147 0.688573
0.124491 0.688573
0.124491 0.727455
0.130391 0.727455
0.130391 0.778576
0.120649 0.778576
0.120649 0.780955
0.15009 0.780955
0.15009 0.788669
0.136425 0.788669
0.136425 0.799743
0.135608 0.799743
0.135608 0.843134
0.11675 0.843134
0.11675 0.80651
0.0969635 0.80651
0.0969635 0.780474
0.0962701 0.780474
0.0962701 0.728585
0.093874 0.728585
0.093874 0.425624
0.0978539 0.425624
0.0978539 0.478373
0.101948 0.478373
0.101948 0.4799
0.102908 0.4799
0.102908 0.495042
0.10333 0.495042
0.10333 0.347993
0.0905314 0.347993
0.0905314 0.236164
0.0870047 0.236164
0.0870047 0.183529
0.0558627 0.183529
0.0558627 0.170697
0.0627976 0.170697
0.0627976 0.131979
0.0661328 0.131979
0.0661328 0.04866
0.051289 0.04866
0.051289 0.0461716
0.044119 0.0461716
0.044119 0.0928203
0.0472691 0.0928203
0.0472691 0.119962
0.0490169 0.119962
0.0490169 0.17224
0.0488969 0.17224
0.0488969 0.155949
0.0482972 0.155949
0.0482972 0.171596
0.0385478 0.171596
0.0385478 0.16563
0.00208462 0.16563
0.00208462 0.168875
0.000380641 0.168875
0.000380641 0.156475
0 0.156475
0 0.0751201
0.00299754 0.0751201
0.00299754 0.165429
0.0241664 0.165429
0.0241664 0.109896
0.0132008 0.109896
0.0132008 0.155585
0.0119449 0.155585
0.0119449 0.0185221
0.00653468 0.0185221
0.00653468 0
0.0316911 0
0.0316911 0.00493975
0.0379856 0.00493975
0.0379856 0.0112995
0.0437384 0.0112995
0.0437384 0.00692595
0.0679538 0.00692595
0.0679538 0.00991316
0.0822642 0.00991316
0.0822642 0.0118479
0.0380056 0.0118479
0.0380056 0.0173742
0.0170583 0.0173742
0.0170583 0.0771776
0.0261239 0.0771776
0.0261239 0.164565
0.0268692 0.164565
0.0268692 0.142504
0.0318381 0.142504
0.0318381 0.144638
0.0297883 0.144638
0.0297883 0.162378
0.0413903 0.162378
0.0413903 0.162788
0.0471378 0.162788
0.0471378 0.12238
0.0425332 0.12238
0.0425332 0.0374269
0.0571515 0.0374269
0.0571515 0.0260367
0.0732747 0.0260367
0.0732747 0.0191545
0.0862716 0.0191545
0.0862716 0.0517733
0.193977 0.0517733
0.193977 0.0544139
0.199947 0.0544139
0.199947 0.0525035
0.251722 0.0525035
0.251722 0.053705
0.668955 0.053705
0.668955 0.0486391
0.665629 0.0486391
0.665629 0.0495821
0.664891 0.0495821
0.664891 0.03358
0.681017 0.03358
0.681017 0.0301311
0.680751 0.0301311
0.680751 0.0204101
0.68322 0.0204101
0.68322 0.0223688
0.744853 0.0223688
0.744853 0.100919
0.741779 0.100919
0.741779 0.143552
0.746403 0.143552
0.746403 0.185635
0.753797 0.185635
0.753797 0.190285
0.803732 0.190285
0.803732 0.193163
0.79049 0.193163
0.79049 0.195229
0.726114 0.195229
0.726114 0.185016
0.718067 0.185016
0.718067 0.182622
0.740342 0.182622
0.740342 0.171819
0.703744 0.171819
0.703744 0.208183
0.693519 0.208183
0.693519 0.23638
0.688507 0.23638
0.688507 0.152209
0.697263 0.152209
0.697263 0.145114
0.687442 0.145114
0.687442 0.253914
0.695116 0.253914
0.695116 0.244099
0.772491 0.244099
0.772491 0.257467
0.73576 0.257467
0.73576 0.249461
0.697211 0.249461
0.697211 0.254629
0.681516 0.254629
0.681516 0.232125
0.679378 0.232125
0.679378 0.214983
0.683311 0.214983
0.683311 0.188472
0.683175 0.188472
0.683175 0.153492
0.676405 0.153492
0.676405 0.245488
0.678932 0.245488
0.678932 0.265777
0.775252 0.265777
0.775252 0.260511
0.779639 0.260511
0.779639 0.210247
0.77435 0.210247
0.77435 0.198934
0.781011 0.198934
0.781011 0.216421
0.782043 0.216421
0.782043 0.216142
0.801386 0.216142
0.801386 0.222622
0.825907 0.222622
0.825907 0.196884
0.840203 0.196884
0.840203 0.197032
0.828927 0.197032
0.828927 0.209629
0.874539 0.209629
0.874539 0.419382
0.884334 0.419382
0.884334 0.393417
0.881164 0.393417
0.881164 0.232302
0.886309 0.232302
0.886309 0.340737
0.886146 0.340737
0.886146 0.58027
0.888458 0.58027
0.888458 0.623243
0.884287 0.623243
0.884287 0.720981
0.892931 0.720981
0.892931 0.772053
0.906579 0.772053
0.906579 0.537431
0.903205 0.537431
0.903205 0.524903
0.958418 0.524903
0.958418 0.493576
0.947594 0.493576
0.947594 0.343428
0.911621 0.343428
0.911621 0.465974
0.921644 0.465974
0.921644 0.475784
0.906631 0.475784
0.906631 0.322273
0.903435 0.322273
0.903435 0.320643
0.919212 0.320643
0.919212 0.310361
0.955245 0.310361
0.955245 0.358517
0.95517 0.358517
0.95517 0.435309
0.958338 0.435309
0.958338 0.361325
0.957766 0.361325
0.957766 0.350558
0.963546 0.350558
0.963546 0.387465
0.970617 0.387465
0.970617 0.502766
0.970501 0.502766
0.970501 0.592226
0.972895 0.592226
0.972895 0.573775
0.974525 0.573775
0.974525 0.643117
0.975195 0.643117
0.975195 0.328414
0.975742 0.328414
0.975742 0.355064
0.98179 0.355064
0.98179 0.666735
0.990826 0.666735
0.990826 0.608011
0.983875 0.608011
0.983875 0.410266
0.985883 0.410266
0.985883 0.552263
0.987242 0.552263
0.987242 0.438967
0.998743 0.438967
0.998743 0.667763
0.993274 0.667763
0.993274 0.638323
0.99087 0.638323
0.99087 0.675603
0.979157 0.675603
0.979157 0.712626
0.973264 0.712626
0.973264 0.599512
0.97017 0.599512
0.97017 0.586218
0.962437 0.586218
0.962437 0.569503
0.962442 0.569503
0.962442 0.564533
0.956815 0.564533
0.956815 0.63274
0.942104 0.63274
0.942104 0.561142
0.964573 0.561142
0.964573 0.524231
0.965746 0.524231
0.965746 0.451412
0.958854 0.451412
0.958854 0.548492
0.917247 0.548492
0.917247 0.772958
0.955484 0.772958
0.955484 0.717391
0.956569 0.717391
0.956569 0.809064
1 0.809064
1 0.814933
0.972726 0.814933
0.972726 0.821952
0.954412 0.821952
0.954412 0.857348
0.953686 0.857348
0.953686 0.973423
0.927642 0.973423
0.927642 0.970013
0.849106 0.970013
0.849106 0.961575
0.928045 0.961575
0.928045 0.958287
0.869463 0.958287
0.869463 0.946518
0.947714 0.946518
0.947714 0.91774
0.871802 0.91774
0.871802 0.915082
0.893987 0.915082
0.893987 0.907104
0.9465 0.907104
0.9465 0.781272
0.935126 0.781272
0.935126 0.880534
0.942268 0.880534
0.942268 0.902709
0.917897 0.902709
0.917897 0.875128
0.919211 0.875128
0.919211 0.82673
0.929295 0.82673
0.929295 0.809221
0.907728 0.809221
0.907728 0.804385
0.842727 0.804385
0.842727 0.675385
0.842849 0.675385
0.842849 0.442386
0.842897 0.442386
0.842897 0.768794
0.844864 0.768794
0.844864 0.735168
0.851825 0.735168
0.851825 0.723219
0.846355 0.723219
0.846355 0.330776
0.861598 0.330776
0.861598 0.520737
0.862695 0.520737
0.862695 0.62094
0.856329 0.62094
0.856329 0.670086
0.865251 0.670086
0.865251 0.287309
0.865509 0.287309
0.865509 0.742248
0.866632 0.742248
0.866632 0.620541
0.867056 0.620541
0.867056 0.219408
0.840949 0.219408
0.840949 0.217664
0.836834 0.217664
0.836834 0.236408
0.814227 0.236408
0.814227 0.222626
0.779869 0.222626
0.779869 0.237011
0.783406 0.237011
0.783406 0.238562
0.805827 0.238562
0.805827 0.260752
0.808636 0.260752
0.808636 0.293727
0.811337 0.293727
0.811337 0.304542
0.793831 0.304542
0.793831 0.328444
0.801462 0.328444
0.801462 0.524429
0.830734 0.524429
0.830734 0.441236
0.835037 0.441236
0.835037 0.50911
0.837069 0.50911
0.837069 0.535386
0.84 0.535386
0.84 0.55357
0.815097 0.55357
0.815097 0.56887
0.831891 0.56887
0.831891 0.581759
0.794599 0.581759
0.794599 0.591989
0.827337 0.591989
0.827337 0.630247
0.773704 0.630247
0.773704 0.676483
0.773583 0.676483
0.773583 0.613144
0.7641 0.613144
0.7641 0.558437
0.747864 0.558437
0.747864 0.469701
0.747331 0.469701
0.747331 0.318575
0.746579 0.318575
0.746579 0.313712
0.76281 0.313712
0.76281 0.327754
0.771597 0.327754
0.771597 0.332587
0.750223 0.332587
0.750223 0.430562
0.752361 0.430562
0.752361 0.448959
0.749444 0.448959
0.749444 0.556006
0.787787 0.556006
0.787787 0.512677
0.793581 0.512677
0.793581 0.497467
0.798984 0.497467
0.798984 0.350948
0.792786 0.350948
0.792786 0.240518
0.789641 0.240518
0.789641 0.292753
0.770403 0.292753
0.770403 0.270364
0.768593 0.270364
0.768593 0.292291
0.709869 0.292291
0.709869 0.285066
0.717868 0.285066
0.717868 0.27423
0.700572 0.27423
0.700572 0.271265
0.673907 0.271265
0.673907 0.128754
0.687924 0.128754
0.687924 0.142214
0.684407 0.142214
0.684407 0.145095
0.719218 0.145095
0.719218 0.0661404
0.730153 0.0661404
0.730153 0.0774915
0.726687 0.0774915
0.726687 0.142347
0.72599 0.142347
0.72599 0.148476
0.725573 0.148476
0.725573 0.151128
0.698087 0.151128
0.698087 0.195593
0.703448 0.195593
0.703448 0.168014
0.709021 0.168014
0.709021 0.158697
0.734774 0.158697
0.734774 0.148879
0.73572 0.148879
0.73572 0.0223769
0.706588 0.0223769
0.706588 0.0341893
0.712818 0.0341893
0.712818 0.0346216
0.683701 0.0346216
0.683701 0.0575302
0.081821 0.0575302
0.081821 0.0602482
0.385784 0.0602482
0.385784 0.0602888
0.289115 0.0602888
0.289115 0.0657107
0.0774482 0.0657107
0.0774482 0.0739504
0.0750054 0.0739504
0.0750054 0.130845
0.167019 0.130845
0.167019 0.117426
0.199103 0.117426
0.199103 0.112416
0.2019 0.112416
0.2019 0.110015
0.433313 0.110015
0.433313 0.107725
0.396304 0.107725
0.396304 0.104502
0.237175 0.104502
0.237175 0.101784
0.209299 0.101784
0.209299 0.0999574
0.229726 0.0999574
0.229726 0.0918803
0.286283 0.0918803
0.286283 0.0756501
0.285311 0.0756501
0.285311 0.0685242
0.34562 0.0685242
0.34562 0.0684305
0.397212 0.0684305
0.397212 0.0671612
0.444356 0.0671612
0.444356 0.0742583
0.286321 0.0742583
0.286321 0.0835652
0.649182 0.0835652
0.649182 0.0672825
0.654495 0.0672825
0.654495 0.0798856
0.673629 0.0798856
0.673629 0.0854061
0.337411 0.0854061
0.337411 0.0878965
0.666864 0.0878965
0.666864 0.0902648
0.387567 0.0902648
0.387567 0.0924416
0.644053 0.0924416
0.644053 0.123964
0.62387 0.123964
0.62387 0.108467
0.534327 0.108467
0.534327 0.11016
0.411226 0.11016
0.411226 0.13921
0.264048 0.13921
0.264048 0.13649
0.328135 0.13649
0.328135 0.116898
0.2038 0.116898
0.2038 0.133578
0.193615 0.133578
0.193615 0.13381
0.0716558 0.13381
0.0716558 0.0518561
0.0811945 0.0518561
0.0811945 0.0478189
0.0669543 0.0478189
0.0669543 0.172381
0.184504 0.172381
0.184504 0.172619
0.164308 0.172619
0.164308 0.174607
0.160457 0.174607
0.160457 0.17842
0.0907068 0.17842
0.0907068 0.224474
0.0922969 0.224474
0.0922969 0.333183
0.109232 0.333183
0.109232 0.534971
0.11003 0.534971
0.11003 0.517603
0.121442 0.517603
0.121442 0.608982
0.132198 0.608982
0.132198 0.275477
0.135181 0.275477
0.135181 0.374318
0.138445 0.374318
0.138445 0.280127
0.142701 0.280127
0.142701 0.424899
0.143992 0.424899
0.143992 0.435082
0.152949 0.435082
0.152949 0.450243
0.141649 0.450243
0.141649 0.52343
0.146839 0.52343
0.146839 0.660851
0.102048 0.660851
0.102048 0.7199
0.113794 0.7199
0.113794 0.67893
0.296266 0.67893
0.296266 0.678653
0.308721 0.678653
0.308721 0.666485
0.286041 0.666485
0.286041 0.663097
0.277375 0.663097
0.277375 0.662032
0.430762 0.662032
0.430762 0.646201
0.248952 0.646201
0.248952 0.659397
0.233721 0.659397
0.233721 0.653584
0.232821 0.653584
0.232821 0.635291
0.232662 0.635291
0.232662 0.635871
0.181563 0.635871
0.181563 0.662061
0.18057 0.662061
0.18057 0.595926
0.177444 0.595926
0.177444 0.321898
0.171363 0.321898
0.171363 0.275547
0.178198 0.275547
0.178198 0.37803
0.180857 0.37803
0.180857 0.390755
0.194531 0.390755
0.194531 0.360412
0.244467 0.360412
0.244467 0.381319
0.246791 0.381319
0.246791 0.35209
0.262472 0.35209
0.262472 0.359914
0.25627 0.359914
0.25627 0.421607
0.228358 0.421607
0.228358 0.404046
0.202542 0.404046
0.202542 0.411611
0.191767 0.411611
0.191767 0.430297
0.178725 0.430297
0.178725 0.536793
0.179716 0.536793
0.179716 0.485658
0.188059 0.485658
0.188059 0.477994
0.258448 0.477994
0.258448 0.488563
0.18732 0.488563
0.18732 0.498609
0.276185 0.498609
0.276185 0.498728
0.196106 0.498728
0.196106 0.540407
0.177991 0.540407
0.177991 0.592498
0.185668 0.592498
0.185668 0.584075
0.223779 0.584075
0.223779 0.51999
0.235724 0.51999
0.235724 0.574923
0.244946 0.574923
0.244946 0.57863
0.228511 0.57863
0.228511 0.5915
0.228769 0.5915
0.228769 0.611747
0.187413 0.611747
0.187413 0.633821
0.292702 0.633821
0.292702 0.642568
0.409957 0.642568
0.409957 0.491187
0.365637 0.491187
0.365637 0.555205
0.314083 0.555205
0.314083 0.501454
0.357312 0.501454
0.357312 0.46737
0.375293 0.46737
0.375293 0.439435
0.376162 0.439435
0.376162 0.386652
0.379446 0.386652
0.379446 0.392594
0.392445 0.392594
0.392445 0.477057
0.411596 0.477057
0.411596 0.409495
0.41409 0.409495
0.41409 0.561176
0.432629 0.561176
0.432629 0.335734
0.407661 0.335734
0.407661 0.315645
0.445 0.315645
0.445 0.309461
0.398063 0.309461
0.398063 0.345471
0.38671 0.345471
0.38671 0.305169
0.460621 0.305169
0.460621 0.307964
0.466853 0.307964
0.466853 0.338426
0.433847 0.338426
0.433847 0.344891
0.479254 0.344891
0.479254 0.360616
0.49678 0.360616
0.49678 0.353108
0.507147 0.353108
0.507147 0.378026
0.516321 0.378026
0.516321 0.397001
0.558316 0.397001
0.558316 0.494916
0.560451 0.494916
0.560451 0.466701
0.570592 0.466701
0.570592 0.469817
0.580126 0.469817
0.580126 0.490205
0.59057 0.490205
0.59057 0.501127
0.606931 0.501127
0.606931 0.288802
0.604672 0.288802
0.604672 0.408075
0.577668 0.408075
0.577668 0.414076
0.572236 0.414076
0.572236 0.341873
0.560171 0.341873
0.560171 0.311116
0.557533 0.311116
0.557533 0.296323
0.565321 0.296323
0.565321 0.300106
0.567426 0.300106
0.567426 0.305377
0.572676 0.305377
0.572676 0.252771
0.582137 0.252771
0.582137 0.306703
0.594728 0.306703
0.594728 0.265694
0.608906 0.265694
0.608906 0.51938
0.566925 0.51938
0.566925 0.520233
0.544259 0.520233
0.544259 0.547319
0.55187 0.547319
0.55187 0.525857
0.584447 0.525857
0.584447 0.572191
0.60498 0.572191
0.60498 0.654417
0.588671 0.654417
0.588671 0.700647
0.531961 0.700647
0.531961 0.678192
0.524378 0.678192
0.524378 0.67549
0.499198 0.67549
0.499198 0.707608
0.499329 0.707608
0.499329 0.717203
0.505095 0.717203
0.505095 0.717711
0.561239 0.717711
0.561239 0.712291
0.651686 0.712291
0.651686 0.731748
0.653086 0.731748
0.653086 0.762952
0.636906 0.762952
0.636906 0.715853
0.577994 0.715853
0.577994 0.72067
0.506596 0.72067
0.506596 0.736546
0.468734 0.736546
0.468734 0.758617
0.513414 0.758617
0.513414 0.766023
0.464237 0.766023
0.464237 0.734915
0.470187 0.734915
0.470187 0.709556
0.485081 0.709556
0.485081 0.705171
0.482687 0.705171
0.482687 0.672687
0.549267 0.672687
0.549267 0.641327
0.546506 0.641327
0.546506 0.651719
0.539596 0.651719
0.539596 0.644383
0.515858 0.644383
0.515858 0.588007
0.533435 0.588007
0.533435 0.58212
0.540804 0.58212
0.540804 0.638456
0.543057 0.638456
0.543057 0.576027
0.513033 0.576027
0.513033 0.477393
0.542846 0.477393
0.542846 0.470925
0.521777 0.470925
0.521777 0.402581
0.523717 0.402581
0.523717 0.397739
0.505285 0.397739
0.505285 0.375052
0.446406 0.375052
0.446406 0.363436
0.476184 0.363436
0.476184 0.362038
0.478996 0.362038
0.478996 0.358874
0.466898 0.358874
0.466898 0.345128
0.433307 0.345128
0.433307 0.357633
0.432777 0.357633
0.432777 0.69834
0.423552 0.69834
0.423552 0.684809
0.413013 0.684809
0.413013 0.674538
0.414465 0.674538
0.414465 0.662144
0.313388 0.662144
0.313388 0.667386
0.310923 0.667386
0.310923 0.697377
0.228411 0.697377
0.228411 0.698236
0.183275 0.698236
0.183275 0.703794
0.160969 0.703794
0.160969 0.722686
0.309689 0.722686
0.309689 0.749163
0.315031 0.749163
0.315031 0.773973
0.302033 0.773973
0.302033 0.781059
0.317963 0.781059
0.317963 0.731199
0.371977 0.731199
0.371977 0.726889
0.414324 0.726889
0.414324 0.721762
0.458223 0.721762
0.458223 0.743955
0.354421 0.743955
0.354421 0.74755
0.327298 0.74755
0.327298 0.762972
0.360658 0.762972
0.360658 0.771237
0.351052 0.771237
0.351052 0.789229
0.380126 0.789229
0.380126 0.832124
0.415572 0.832124
0.415572 0.82803
0.424775 0.82803
0.424775 0.829722
0.445792 0.829722
0.445792 0.839992
0.412274 0.839992
0.412274 0.841335
0.316755 0.841335
0.316755 0.829598
0.303289 0.829598
0.303289 0.901707
0.382579 0.901707
0.382579 0.890473
0.319787 0.890473
0.319787 0.886448
0.386954 0.886448
0.386954 0.881039
0.417757 0.881039
0.417757 0.886491
0.433139 0.886491
0.433139 0.891794
0.451043 0.891794
0.451043 0.899011
0.424723 0.899011
0.424723 0.905456
0.469601 0.905456
0.469601 0.894418
0.468662 0.894418
0.468662 0.853457
0.47855 0.853457
0.47855 0.854903
0.505454 0.854903
0.505454 0.8649
0.575676 0.8649
0.575676 0.8626
0.621954 0.8626
0.621954 0.863165
0.646941 0.863165
0.646941 0.864873
0.650568 0.864873
0.650568 0.879565
0.569893 0.879565
0.569893 0.874517
0.520643 0.874517
0.520643 0.889307
0.494888 0.889307
0.494888 0.89504
0.515041 0.89504
0.515041 0.891496
0.656214 0.891496
0.656214 0.898865
0.608836 0.898865
0.608836 0.906125
0.362566 0.906125
0.362566 0.90307
0.338347 0.90307
0.338347 0.909467
0.375959 0.909467
0.375959 0.931441
0.31531 0.931441
0.31531 0.935255
0.59173 0.935255
0.59173 0.944051
0.642555 0.944051
0.642555 0.944617
0.671578 0.944617
0.671578 0.956935
0.659148 0.956935
0.659148 0.954576
0.492966 0.954576
0.492966 0.950957
0.438095 0.950957
0.438095 0.961253
0.657692 0.961253
0.657692 0.997754
0.633019 0.997754
0.633019 1
