128
0.100889 1
0.100889 0.949601
0.655104 0.949601
0.655104 0.940832
0.244117 0.940832
0.244117 0.928831
0.212886 0.928831
0.212886 0.930179
0.026856 0.930179
0.026856 0.826999
0 0.826999
0 0.460743
0.0106941 0.460743
0.0106941 0.695024
0.0474922 0.695024
0.0474922 0.904989
0.0582953 0.904989
0.0582953 0.55732
0.084547 0.55732
0.084547 0.553535
0.0667807 0.553535
0.0667807 0.513688
0.0908932 0.513688
0.0908932 0.70986
0.0734456 0.70986
0.0734456 0.790419
0.176407 0.790419
0.176407 0.829793
0.237128 0.829793
0.237128 0.848734
0.270592 0.848734
0.270592 0.881147
0.751686 0.881147
0.751686 0.789566
0.494176 0.789566
0.494176 0.782023
0.702775 0.782023
0.702775 0.72544
0.596809 0.72544
0.596809 0.692816
0.565298 0.692816
0.565298 0.763116
0.342523 0.763116
0.342523 0.738126
0.506821 0.738126
0.506821 0.674735
0.795733 0.674735
0.795733 0.820872
0.814178 0.820872
0.814178 0.662952
0.491308 0.662952
0.491308 0.672861
0.107204 0.672861
0.107204 0.194049
0.219384 0.194049
0.219384 0.223547
0.303909 0.223547
0.303909 0.0596844
0.718164 0.0596844
0.718164 0.0533405
0.207416 0.0533405
0.207416 0.0332898
0.46909 0.0332898
0.46909 0
1 0
1 0.115684
0.445396 0.115684
0.445396 0.177281
0.441446 0.177281
0.441446 0.13197
0.305156 0.13197
0.305156 0.166863
0.31388 0.166863
0.31388 0.141338
0.314969 0.141338
0.314969 0.243167
0.260378 0.243167
0.260378 0.301186
0.274792 0.301186
0.274792 0.244448
0.421231 0.244448
0.421231 0.469018
0.320343 0.469018
0.320343 0.462427
0.179698 0.462427
0.179698 0.201667
0.14115 0.201667
0.14115 0.420201
0.111403 0.420201
0.111403 0.482257
0.144067 0.482257
0.144067 0.551478
0.163682 0.551478
0.163682 0.570863
0.377994 0.570863
0.377994 0.542765
0.45503 0.542765
0.45503 0.583239
0.614025 0.583239
0.614025 0.521859
0.883534 0.521859
0.883534 0.490022
0.595716 0.490022
0.595716 0.415677
0.81944 0.415677
0.81944 0.280589
0.883818 0.280589
0.883818 0.148156
0.895298 0.148156
0.895298 0.238031
0.904415 0.238031
0.904415 0.434682
0.822865 0.434682
0.822865 0.475415
0.939332 0.475415
0.939332 0.528998
0.802854 0.528998
0.802854 0.555149
0.823661 0.555149
0.823661 0.648415
0.598861 0.648415
0.598861 0.649719
0.803295 0.649719
0.803295 0.654793
0.850126 0.654793
0.850126 0.97752
0.621803 0.97752
0.621803 1
