2048
0.661682 1
0.661682 0.999716
0.577202 0.999716
0.577202 0.958103
0.57431 0.958103
0.57431 0.975133
0.571964 0.975133
0.571964 0.982969
0.543774 0.982969
0.543774 0.97126
0.540778 0.97126
0.540778 0.969426
0.545813 0.969426
0.545813 0.967788
0.546171 0.967788
0.546171 0.957633
0.571536 0.957633
0.571536 0.953093
0.51595 0.953093
0.51595 0.94649
0.50043 0.94649
0.50043 0.904931
0.503042 0.904931
0.503042 0.89498
0.504896 0.89498
0.504896 0.944984
0.522401 0.944984
0.522401 0.945678
0.505353 0.945678
0.505353 0.945735
0.535929 0.945735
0.535929 0.946671
0.571289 0.946671
0.571289 0.937342
0.565254 0.937342
0.565254 0.939328
0.536985 0.939328
0.536985 0.900967
0.536303 0.900967
0.536303 0.908485
0.507638 0.908485
0.507638 0.885238
0.516917 0.885238
0.516917 0.885896
0.517741 0.885896
0.517741 0.907537
0.528116 0.907537
0.528116 0.902003
0.532205 0.902003
0.532205 0.8225
0.531349 0.8225
0.531349 0.814492
0.471369 0.814492
0.471369 0.811745
0.462635 0.811745
0.462635 0.811577
0.421016 0.811577
0.421016 0.833476
0.425711 0.833476
0.425711 0.846111
0.496887 0.846111
0.496887 0.818191
0.500201 0.818191
0.500201 0.856895
0.491353 0.856895
0.491353 0.852416
0.458658 0.852416
0.458658 0.848027
0.437103 0.848027
0.437103 0.924212
0.444031 0.924212
0.444031 0.997616
0.462419 0.997616
0.462419 0.949981
0.46109 0.949981
0.46109 0.934737
0.459258 0.934737
0.459258 0.906832
0.46259 0.906832
0.46259 0.982561
0.467876 0.982561
0.467876 0.89663
0.444497 0.89663
0.444497 0.895076
0.454469 0.895076
0.454469 0.895849
0.492677 0.895849
0.492677 0.943459
0.487516 0.943459
0.487516 0.904755
0.481796 0.904755
0.481796 0.933026
0.471215 0.933026
0.471215 0.911422
0.471091 0.911422
0.471091 0.971405
0.474487 0.971405
0.474487 0.977574
0.478708 0.977574
0.478708 0.998322
0.397006 0.998322
0.397006 0.993085
0.392 0.993085
0.392 0.987848
0.409417 0.987848
0.409417 0.971213
0.332937 0.971213
0.332937 0.919002
0.333873 0.919002
0.333873 0.898419
0.326213 0.898419
0.326213 0.904741
0.323737 0.904741
0.323737 0.840865
0.324093 0.840865
0.324093 0.869897
0.324925 0.869897
0.324925 0.837852
0.31725 0.837852
0.31725 0.836907
0.319761 0.836907
0.319761 0.775817
0.30585 0.775817
0.30585 0.749468
0.296578 0.749468
0.296578 0.750281
0.298018 0.750281
0.298018 0.776676
0.295873 0.776676
0.295873 0.79214
0.29503 0.79214
0.29503 0.745709
0.319817 0.745709
0.319817 0.737643
0.309201 0.737643
0.309201 0.732749
0.302119 0.732749
0.302119 0.728893
0.295638 0.728893
0.295638 0.726651
0.292656 0.726651
0.292656 0.818127
0.292466 0.818127
0.292466 0.779171
0.288727 0.779171
0.288727 0.969738
0.292957 0.969738
0.292957 0.981251
0.290219 0.981251
0.290219 0.98273
0.285958 0.98273
0.285958 0.714568
0.24936 0.714568
0.24936 0.732523
0.248264 0.732523
0.248264 0.734618
0.247099 0.734618
0.247099 0.772738
0.281024 0.772738
0.281024 0.836994
0.275146 0.836994
0.275146 0.811538
0.267874 0.811538
0.267874 0.876599
0.264026 0.876599
0.264026 0.863587
0.248228 0.863587
0.248228 0.821831
0.256625 0.821831
0.256625 0.818007
0.253257 0.818007
0.253257 0.792569
0.246847 0.792569
0.246847 0.788268
0.251523 0.788268
0.251523 0.780801
0.262091 0.780801
0.262091 0.800222
0.261346 0.800222
0.261346 0.80918
0.265399 0.80918
0.265399 0.809576
0.278521 0.809576
0.278521 0.788372
0.275767 0.788372
0.275767 0.782073
0.276886 0.782073
0.276886 0.774536
0.245403 0.774536
0.245403 0.779377
0.238731 0.779377
0.238731 0.710244
0.289194 0.710244
0.289194 0.701033
0.23268 0.701033
0.23268 0.698688
0.233391 0.698688
0.233391 0.694658
0.229214 0.694658
0.229214 0.674754
0.217844 0.674754
0.217844 0.694581
0.176805 0.694581
0.176805 0.774008
0.222966 0.774008
0.222966 0.774831
0.175767 0.774831
0.175767 0.669989
0.181009 0.669989
0.181009 0.689389
0.185101 0.689389
0.185101 0.674641
0.23597 0.674641
0.23597 0.700235
0.274921 0.700235
0.274921 0.698583
0.294475 0.698583
0.294475 0.724267
0.30529 0.724267
0.30529 0.70487
0.318567 0.70487
0.318567 0.67778
0.314887 0.67778
0.314887 0.700469
0.313255 0.700469
0.313255 0.653709
0.314231 0.653709
0.314231 0.593266
0.296026 0.593266
0.296026 0.460407
0.291412 0.460407
0.291412 0.482138
0.280207 0.482138
0.280207 0.512497
0.277719 0.512497
0.277719 0.514302
0.270464 0.514302
0.270464 0.476442
0.269914 0.476442
0.269914 0.528391
0.257122 0.528391
0.257122 0.55406
0.244284 0.55406
0.244284 0.582173
0.210398 0.582173
0.210398 0.547759
0.208794 0.547759
0.208794 0.583425
0.210581 0.583425
0.210581 0.623912
0.2034 0.623912
0.2034 0.560759
0.200831 0.560759
0.200831 0.608276
0.192531 0.608276
0.192531 0.603855
0.178418 0.603855
0.178418 0.655813
0.171678 0.655813
0.171678 0.642365
0.177798 0.642365
0.177798 0.617653
0.173974 0.617653
0.173974 0.598918
0.125195 0.598918
0.125195 0.58437
0.143061 0.58437
0.143061 0.597147
0.145495 0.597147
0.145495 0.576335
0.168579 0.576335
0.168579 0.593935
0.185493 0.593935
0.185493 0.595497
0.194081 0.595497
0.194081 0.558296
0.18959 0.558296
0.18959 0.568511
0.184626 0.568511
0.184626 0.565903
0.184162 0.565903
0.184162 0.558661
0.139627 0.558661
0.139627 0.562239
0.0691514 0.562239
0.0691514 0.558593
0.0461851 0.558593
0.0461851 0.563821
0.042452 0.563821
0.042452 0.564043
0.0579781 0.564043
0.0579781 0.563525
0.112625 0.563525
0.112625 0.57129
0.0783284 0.57129
0.0783284 0.649264
0.112333 0.649264
0.112333 0.663433
0.113568 0.663433
0.113568 0.673749
0.0865547 0.673749
0.0865547 0.681909
0.0932185 0.681909
0.0932185 0.673995
0.114024 0.673995
0.114024 0.67724
0.0936503 0.67724
0.0936503 0.691267
0.0843433 0.691267
0.0843433 0.69208
0.1241 0.69208
0.1241 0.723758
0.116991 0.723758
0.116991 0.739303
0.0997388 0.739303
0.0997388 0.720127
0.0734566 0.720127
0.0734566 0.732062
0.092442 0.732062
0.092442 0.735763
0.0777808 0.735763
0.0777808 0.767587
0.0715889 0.767587
0.0715889 0.720602
0.0609929 0.720602
0.0609929 0.775345
0.0498801 0.775345
0.0498801 0.788126
0.0511705 0.788126
0.0511705 0.796456
0.0382922 0.796456
0.0382922 0.792659
0.0197618 0.792659
0.0197618 0.792164
0.0467904 0.792164
0.0467904 0.771904
0.0396404 0.771904
0.0396404 0.709488
0.0369818 0.709488
0.0369818 0.639455
0.0372506 0.639455
0.0372506 0.646497
0.0379492 0.646497
0.0379492 0.695541
0.0409737 0.695541
0.0409737 0.770516
0.0494487 0.770516
0.0494487 0.766568
0.0449695 0.766568
0.0449695 0.741931
0.0573467 0.741931
0.0573467 0.739779
0.0582912 0.739779
0.0582912 0.714706
0.0650514 0.714706
0.0650514 0.717602
0.0696148 0.717602
0.0696148 0.716342
0.0848516 0.716342
0.0848516 0.718668
0.119512 0.718668
0.119512 0.707091
0.111389 0.707091
0.111389 0.706767
0.121699 0.706767
0.121699 0.694518
0.0677566 0.694518
0.0677566 0.647955
0.0691669 0.647955
0.0691669 0.676434
0.074743 0.676434
0.074743 0.668896
0.0704985 0.668896
0.0704985 0.643167
0.0713328 0.643167
0.0713328 0.579235
0.0248812 0.579235
0.0248812 0.573859
0.045073 0.573859
0.045073 0.56622
0.0360457 0.56622
0.0360457 0.552803
0.0592404 0.552803
0.0592404 0.549019
0.0399584 0.549019
0.0399584 0.51882
0.0283837 0.51882
0.0283837 0.511041
0.0285556 0.511041
0.0285556 0.510159
0.0177305 0.510159
0.0177305 0.520349
0.0198308 0.520349
0.0198308 0.568724
0.015322 0.568724
0.015322 0.497339
0.0182949 0.497339
0.0182949 0.507093
0.0330593 0.507093
0.0330593 0.493212
0.0363479 0.493212
0.0363479 0.516184
0.103311 0.516184
0.103311 0.518242
0.112903 0.518242
0.112903 0.512181
0.145846 0.512181
0.145846 0.517024
0.152269 0.517024
0.152269 0.510836
0.156376 0.510836
0.156376 0.487956
0.162005 0.487956
0.162005 0.476281
0.136747 0.476281
0.136747 0.473122
0.100858 0.473122
0.100858 0.483555
0.0782221 0.483555
0.0782221 0.466724
0.0338632 0.466724
0.0338632 0.466171
0.131059 0.466171
0.131059 0.465714
0.00402862 0.465714
0.00402862 0.377518
0.00288073 0.377518
0.00288073 0.445818
0.00112575 0.445818
0.00112575 0.348224
0.00304281 0.348224
0.00304281 0.327449
0.00116276 0.327449
0.00116276 0.317603
0.00037396 0.317603
0.00037396 0.294121
0.00440086 0.294121
0.00440086 0.302067
0.00649404 0.302067
0.00649404 0.332486
0.0046837 0.332486
0.0046837 0.38325
0.00609304 0.38325
0.00609304 0.459433
0.0240776 0.459433
0.0240776 0.448396
0.0473211 0.448396
0.0473211 0.453457
0.0515078 0.453457
0.0515078 0.458619
0.0308409 0.458619
0.0308409 0.462219
0.182739 0.462219
0.182739 0.473216
0.162454 0.473216
0.162454 0.495869
0.164394 0.495869
0.164394 0.506448
0.156816 0.506448
0.156816 0.517836
0.161961 0.517836
0.161961 0.53034
0.146439 0.53034
0.146439 0.52543
0.0860695 0.52543
0.0860695 0.549621
0.0879985 0.549621
0.0879985 0.550229
0.0963939 0.550229
0.0963939 0.55121
0.0981573 0.55121
0.0981573 0.553155
0.0719643 0.553155
0.0719643 0.518096
0.0540739 0.518096
0.0540739 0.536563
0.0419074 0.536563
0.0419074 0.541144
0.0598864 0.541144
0.0598864 0.557545
0.111546 0.557545
0.111546 0.557779
0.151974 0.557779
0.151974 0.553242
0.204563 0.553242
0.204563 0.551457
0.204507 0.551457
0.204507 0.456108
0.209114 0.456108
0.209114 0.384701
0.209345 0.384701
0.209345 0.350137
0.196423 0.350137
0.196423 0.420731
0.200565 0.420731
0.200565 0.419932
0.203874 0.419932
0.203874 0.481235
0.203102 0.481235
0.203102 0.457321
0.191256 0.457321
0.191256 0.303635
0.191675 0.303635
0.191675 0.44984
0.194668 0.44984
0.194668 0.344517
0.217856 0.344517
0.217856 0.50111
0.212156 0.50111
0.212156 0.565123
0.220967 0.565123
0.220967 0.581283
0.232877 0.581283
0.232877 0.509195
0.238697 0.509195
0.238697 0.510967
0.266079 0.510967
0.266079 0.50348
0.264287 0.50348
0.264287 0.485788
0.253314 0.485788
0.253314 0.488737
0.248646 0.488737
0.248646 0.473439
0.23392 0.473439
0.23392 0.441006
0.229585 0.441006
0.229585 0.388416
0.226406 0.388416
0.226406 0.381332
0.299714 0.381332
0.299714 0.344975
0.302588 0.344975
0.302588 0.346861
0.31666 0.346861
0.31666 0.399336
0.305975 0.399336
0.305975 0.425931
0.267363 0.425931
0.267363 0.406669
0.245756 0.406669
0.245756 0.454426
0.3133 0.454426
0.3133 0.450738
0.31832 0.450738
0.31832 0.514653
0.313555 0.514653
0.313555 0.585248
0.307381 0.585248
0.307381 0.587756
0.319116 0.587756
0.319116 0.715391
0.311817 0.715391
0.311817 0.735376
0.320382 0.735376
0.320382 0.511226
0.325041 0.511226
0.325041 0.577758
0.325843 0.577758
0.325843 0.62436
0.345405 0.62436
0.345405 0.654787
0.365775 0.654787
0.365775 0.597487
0.371592 0.597487
0.371592 0.642813
0.373004 0.642813
0.373004 0.607834
0.376143 0.607834
0.376143 0.609182
0.376974 0.609182
0.376974 0.600143
0.391424 0.600143
0.391424 0.63297
0.381521 0.63297
0.381521 0.656349
0.385499 0.656349
0.385499 0.660739
0.403047 0.660739
0.403047 0.679252
0.448572 0.679252
0.448572 0.661785
0.447083 0.661785
0.447083 0.677776
0.438147 0.677776
0.438147 0.672843
0.40471 0.672843
0.40471 0.577444
0.394357 0.577444
0.394357 0.579343
0.381895 0.579343
0.381895 0.576508
0.347318 0.576508
0.347318 0.516408
0.350994 0.516408
0.350994 0.569884
0.358419 0.569884
0.358419 0.566144
0.351568 0.566144
0.351568 0.538227
0.352463 0.538227
0.352463 0.502508
0.350749 0.502508
0.350749 0.43595
0.346634 0.43595
0.346634 0.340799
0.398648 0.340799
0.398648 0.366081
0.407128 0.366081
0.407128 0.386168
0.354838 0.386168
0.354838 0.527227
0.355033 0.527227
0.355033 0.405519
0.426203 0.405519
0.426203 0.393421
0.434841 0.393421
0.434841 0.476965
0.459445 0.476965
0.459445 0.375551
0.469345 0.375551
0.469345 0.367141
0.439291 0.367141
0.439291 0.361464
0.492311 0.361464
0.492311 0.355948
0.486914 0.355948
0.486914 0.347552
0.48524 0.347552
0.48524 0.336645
0.491227 0.336645
0.491227 0.322553
0.496461 0.322553
0.496461 0.350896
0.503425 0.350896
0.503425 0.424368
0.512586 0.424368
0.512586 0.472993
0.510054 0.472993
0.510054 0.59658
0.509787 0.59658
0.509787 0.469607
0.501482 0.469607
0.501482 0.354513
0.497678 0.354513
0.497678 0.368971
0.480921 0.368971
0.480921 0.406473
0.485556 0.406473
0.485556 0.416501
0.47465 0.416501
0.47465 0.484396
0.399233 0.484396
0.399233 0.488444
0.385947 0.488444
0.385947 0.479874
0.427712 0.479874
0.427712 0.479469
0.38432 0.479469
0.38432 0.477802
0.416843 0.477802
0.416843 0.467899
0.421543 0.467899
0.421543 0.425862
0.361215 0.425862
0.361215 0.416326
0.397721 0.416326
0.397721 0.4104
0.355732 0.4104
0.355732 0.516346
0.358002 0.516346
0.358002 0.506176
0.382899 0.506176
0.382899 0.490063
0.397826 0.490063
0.397826 0.533888
0.380233 0.533888
0.380233 0.561733
0.361361 0.561733
0.361361 0.570022
0.383021 0.570022
0.383021 0.575464
0.418002 0.575464
0.418002 0.615907
0.427014 0.615907
0.427014 0.658648
0.437634 0.658648
0.437634 0.641874
0.450859 0.641874
0.450859 0.630876
0.427235 0.630876
0.427235 0.617372
0.466301 0.617372
0.466301 0.615799
0.476689 0.615799
0.476689 0.608119
0.45524 0.608119
0.45524 0.60747
0.456797 0.60747
0.456797 0.592811
0.461908 0.592811
0.461908 0.604588
0.478522 0.604588
0.478522 0.616567
0.493511 0.616567
0.493511 0.626274
0.467617 0.626274
0.467617 0.638248
0.458092 0.638248
0.458092 0.684269
0.409719 0.684269
0.409719 0.680599
0.402048 0.680599
0.402048 0.686906
0.397502 0.686906
0.397502 0.677311
0.402862 0.677311
0.402862 0.664092
0.39454 0.664092
0.39454 0.687497
0.39331 0.687497
0.39331 0.690932
0.385394 0.690932
0.385394 0.679176
0.373152 0.679176
0.373152 0.687208
0.366756 0.687208
0.366756 0.672201
0.363816 0.672201
0.363816 0.656716
0.357373 0.656716
0.357373 0.665368
0.34031 0.665368
0.34031 0.639189
0.322909 0.639189
0.322909 0.602633
0.325093 0.602633
0.325093 0.615878
0.325193 0.615878
0.325193 0.58094
0.324802 0.58094
0.324802 0.581566
0.321754 0.581566
0.321754 0.578251
0.32163 0.578251
0.32163 0.824313
0.374765 0.824313
0.374765 0.808698
0.376807 0.808698
0.376807 0.819396
0.379628 0.819396
0.379628 0.803364
0.363904 0.803364
0.363904 0.795091
0.342501 0.795091
0.342501 0.799991
0.331415 0.799991
0.331415 0.723206
0.456054 0.723206
0.456054 0.744483
0.459266 0.744483
0.459266 0.722017
0.481591 0.722017
0.481591 0.724207
0.495553 0.724207
0.495553 0.733143
0.476102 0.733143
0.476102 0.738966
0.466991 0.738966
0.466991 0.754734
0.496783 0.754734
0.496783 0.766407
0.510598 0.766407
0.510598 0.721428
0.460778 0.721428
0.460778 0.715134
0.514421 0.715134
0.514421 0.722456
0.518596 0.722456
0.518596 0.754171
0.528013 0.754171
0.528013 0.745813
0.545538 0.745813
0.545538 0.745788
0.57584 0.745788
0.57584 0.74275
0.611636 0.74275
0.611636 0.749153
0.658601 0.749153
0.658601 0.722573
0.669654 0.722573
0.669654 0.727371
0.66525 0.727371
0.66525 0.729069
0.669633 0.729069
0.669633 0.734941
0.67317 0.734941
0.67317 0.710473
0.692703 0.710473
0.692703 0.706495
0.680166 0.706495
0.680166 0.70563
0.700583 0.70563
0.700583 0.704349
0.701685 0.704349
0.701685 0.70952
0.733787 0.70952
0.733787 0.707595
0.719465 0.707595
0.719465 0.704509
0.736884 0.704509
0.736884 0.701103
0.726587 0.701103
0.726587 0.703079
0.691335 0.703079
0.691335 0.702655
0.690144 0.702655
0.690144 0.684252
0.698606 0.684252
0.698606 0.667726
0.665111 0.667726
0.665111 0.666549
0.681022 0.666549
0.681022 0.665155
0.666142 0.665155
0.666142 0.661905
0.700474 0.661905
0.700474 0.674105
0.703842 0.674105
0.703842 0.665286
0.704906 0.665286
0.704906 0.682715
0.717569 0.682715
0.717569 0.656555
0.717351 0.656555
0.717351 0.417583
0.700604 0.417583
0.700604 0.498933
0.70869 0.498933
0.70869 0.588487
0.702306 0.588487
0.702306 0.591186
0.701295 0.591186
0.701295 0.547882
0.696531 0.547882
0.696531 0.416691
0.692599 0.416691
0.692599 0.60388
0.694209 0.60388
0.694209 0.622707
0.683108 0.622707
0.683108 0.634293
0.675438 0.634293
0.675438 0.635301
0.672648 0.635301
0.672648 0.638665
0.671274 0.638665
0.671274 0.639046
0.597766 0.639046
0.597766 0.631777
0.637128 0.631777
0.637128 0.614993
0.610949 0.614993
0.610949 0.612293
0.598751 0.612293
0.598751 0.61416
0.570137 0.61416
0.570137 0.550276
0.552603 0.550276
0.552603 0.519903
0.543784 0.519903
0.543784 0.50689
0.544733 0.50689
0.544733 0.460425
0.554592 0.460425
0.554592 0.414216
0.541478 0.414216
0.541478 0.396825
0.539428 0.396825
0.539428 0.35302
0.543375 0.35302
0.543375 0.350222
0.587467 0.350222
0.587467 0.33681
0.586033 0.33681
0.586033 0.311463
0.586516 0.311463
0.586516 0.307507
0.603423 0.307507
0.603423 0.324302
0.601714 0.324302
0.601714 0.35074
0.610336 0.35074
0.610336 0.362152
0.615267 0.362152
0.615267 0.430842
0.622005 0.430842
0.622005 0.438722
0.639706 0.438722
0.639706 0.457877
0.640956 0.457877
0.640956 0.258269
0.633965 0.258269
0.633965 0.249214
0.630509 0.249214
0.630509 0.278698
0.560311 0.278698
0.560311 0.278055
0.606262 0.278055
0.606262 0.273739
0.536384 0.273739
0.536384 0.271765
0.517445 0.271765
0.517445 0.284781
0.490673 0.284781
0.490673 0.283829
0.346781 0.283829
0.346781 0.284996
0.342794 0.284996
0.342794 0.278788
0.32337 0.278788
0.32337 0.272848
0.479947 0.272848
0.479947 0.27616
0.508994 0.27616
0.508994 0.267955
0.349098 0.267955
0.349098 0.265701
0.228217 0.265701
0.228217 0.264267
0.571568 0.264267
0.571568 0.272346
0.625136 0.272346
0.625136 0.263564
0.585365 0.263564
0.585365 0.244073
0.562415 0.244073
0.562415 0.244916
0.329074 0.244916
0.329074 0.244777
0.140351 0.244777
0.140351 0.216248
0.0760323 0.216248
0.0760323 0.239066
0.0673826 0.239066
0.0673826 0.254152
0.0672173 0.254152
0.0672173 0.245675
0.056868 0.245675
0.056868 0.226055
0.022225 0.226055
0.022225 0.230214
0.0219197 0.230214
0.0219197 0.245625
0.0144743 0.245625
0.0144743 0.220389
0 0.220389
0 0.200474
0.037624 0.200474
0.037624 0.19595
0.0228252 0.19595
0.0228252 0.19567
0.0298074 0.19567
0.0298074 0.162591
0.0303365 0.162591
0.0303365 0.145647
0.0192608 0.145647
0.0192608 0.159325
0.0108008 0.159325
0.0108008 0.136001
0.0639078 0.136001
0.0639078 0.134582
0.107253 0.134582
0.107253 0.128448
0.138285 0.128448
0.138285 0.144676
0.154234 0.144676
0.154234 0.140373
0.146378 0.140373
0.146378 0.128002
0.173237 0.128002
0.173237 0.144273
0.175257 0.144273
0.175257 0.136362
0.185766 0.136362
0.185766 0.121067
0.204144 0.121067
0.204144 0.130133
0.197359 0.130133
0.197359 0.137853
0.191256 0.137853
0.191256 0.167178
0.1948 0.167178
0.1948 0.168298
0.220441 0.168298
0.220441 0.153426
0.3639 0.153426
0.3639 0.154872
0.481878 0.154872
0.481878 0.153305
0.583592 0.153305
0.583592 0.136444
0.600448 0.136444
0.600448 0.082493
0.493899 0.082493
0.493899 0.0826759
0.204305 0.0826759
0.204305 0.085924
0.326782 0.085924
0.326782 0.0849663
0.512671 0.0849663
0.512671 0.0843889
0.538134 0.0843889
0.538134 0.0899306
0.543767 0.0899306
0.543767 0.0957008
0.537294 0.0957008
0.537294 0.0901104
0.161973 0.0901104
0.161973 0.109017
0.175639 0.109017
0.175639 0.110297
0.00744566 0.110297
0.00744566 0.00403597
0.0117418 0.00403597
0.0117418 0.0206852
0.0123465 0.0206852
0.0123465 0.0307544
0.0120033 0.0307544
0.0120033 0.094085
0.0104841 0.094085
0.0104841 0.104029
0.011612 0.104029
0.011612 0.0960516
0.0252568 0.0960516
0.0252568 0.106931
0.119793 0.106931
0.119793 0.0439671
0.108508 0.0439671
0.108508 0.0846247
0.0889195 0.0846247
0.0889195 0.0656986
0.0858749 0.0656986
0.0858749 0.0626219
0.0807547 0.0626219
0.0807547 0.0614419
0.0983436 0.0614419
0.0983436 0.0566051
0.019688 0.0566051
0.019688 0.0406331
0.0645683 0.0406331
0.0645683 0.0386749
0.0681883 0.0386749
0.0681883 0.0375858
0.0442567 0.0375858
0.0442567 0.027136
0.0222964 0.027136
0.0222964 0.0391641
0.0150963 0.0391641
0.0150963 0.0240102
0.0593297 0.0240102
0.0593297 0.0312914
0.125508 0.0312914
0.125508 0.0771815
0.123849 0.0771815
0.123849 0.102355
0.149854 0.102355
0.149854 0.068769
0.154865 0.068769
0.154865 0.102781
0.155112 0.102781
0.155112 0.0677239
0.12564 0.0677239
0.12564 0.0288757
0.138243 0.0288757
0.138243 0.0620928
0.159041 0.0620928
0.159041 0.0737209
0.166728 0.0737209
0.166728 0.0794112
0.173973 0.0794112
0.173973 0.0802769
0.171397 0.0802769
0.171397 0.0815749
0.615802 0.0815749
0.615802 0.112866
0.61589 0.112866
0.61589 0.0457145
0.619604 0.0457145
0.619604 0.0288406
0.629633 0.0288406
0.629633 0.0242147
0.659984 0.0242147
0.659984 0.0271444
0.643381 0.0271444
0.643381 0.111307
0.649288 0.111307
0.649288 0.0383211
0.654175 0.0383211
0.654175 0.0398058
0.65483 0.0398058
0.65483 0.0769202
0.659255 0.0769202
0.659255 0.09722
0.649829 0.09722
0.649829 0.120382
0.637316 0.120382
0.637316 0.0363994
0.637285 0.0363994
0.637285 0.125143
0.615194 0.125143
0.615194 0.0999261
0.613424 0.0999261
0.613424 0.156292
0.49171 0.156292
0.49171 0.160175
0.323377 0.160175
0.323377 0.158839
0.277886 0.158839
0.277886 0.159612
0.267036 0.159612
0.267036 0.160766
0.222608 0.160766
0.222608 0.161814
0.28578 0.161814
0.28578 0.173748
0.34654 0.173748
0.34654 0.17235
0.322156 0.17235
0.322156 0.171904
0.477471 0.171904
0.477471 0.180179
0.44803 0.180179
0.44803 0.175369
0.231337 0.175369
0.231337 0.16999
0.164389 0.16999
0.164389 0.151051
0.172776 0.151051
0.172776 0.141773
0.161748 0.141773
0.161748 0.145547
0.148539 0.145547
0.148539 0.164636
0.161222 0.164636
0.161222 0.167868
0.144738 0.167868
0.144738 0.148328
0.0933203 0.148328
0.0933203 0.141776
0.101154 0.141776
0.101154 0.145876
0.125144 0.145876
0.125144 0.136916
0.0615255 0.136916
0.0615255 0.157006
0.03603 0.157006
0.03603 0.163163
0.0349715 0.163163
0.0349715 0.191403
0.0452691 0.191403
0.0452691 0.189611
0.0764111 0.189611
0.0764111 0.181022
0.0930627 0.181022
0.0930627 0.185793
0.0936283 0.185793
0.0936283 0.203647
0.126095 0.203647
0.126095 0.194741
0.220325 0.194741
0.220325 0.198332
0.143195 0.198332
0.143195 0.203305
0.237364 0.203305
0.237364 0.205225
0.0529308 0.205225
0.0529308 0.211911
0.158083 0.211911
0.158083 0.211591
0.139024 0.211591
0.139024 0.20811
0.519783 0.20811
0.519783 0.207934
0.545576 0.207934
0.545576 0.210172
0.538157 0.210172
0.538157 0.210194
0.219659 0.210194
0.219659 0.209974
0.190435 0.209974
0.190435 0.214263
0.146907 0.214263
0.146907 0.239181
0.226875 0.239181
0.226875 0.228667
0.409164 0.228667
0.409164 0.234512
0.601183 0.234512
0.601183 0.261161
0.601354 0.261161
0.601354 0.219933
0.618353 0.219933
0.618353 0.21693
0.662231 0.21693
0.662231 0.220896
0.620557 0.220896
0.620557 0.235478
0.623904 0.235478
0.623904 0.234358
0.662456 0.234358
0.662456 0.240379
0.620248 0.240379
0.620248 0.249148
0.643256 0.249148
0.643256 0.270859
0.659318 0.270859
0.659318 0.271963
0.659393 0.271963
0.659393 0.283227
0.641992 0.283227
0.641992 0.387085
0.642654 0.387085
0.642654 0.475693
0.627121 0.475693
0.627121 0.543498
0.626011 0.543498
0.626011 0.540484
0.626242 0.540484
0.626242 0.447323
0.618357 0.447323
0.618357 0.490746
0.612505 0.490746
0.612505 0.403213
0.604251 0.403213
0.604251 0.387966
0.598852 0.387966
0.598852 0.345264
0.593878 0.345264
0.593878 0.364353
0.545122 0.364353
0.545122 0.382788
0.591624 0.382788
0.591624 0.36627
0.594951 0.36627
0.594951 0.397156
0.59395 0.397156
0.59395 0.481083
0.588024 0.481083
0.588024 0.448597
0.592016 0.448597
0.592016 0.395864
0.58724 0.395864
0.58724 0.385074
0.554825 0.385074
0.554825 0.427153
0.56475 0.427153
0.56475 0.428537
0.55925 0.428537
0.55925 0.493018
0.55259 0.493018
0.55259 0.513014
0.552753 0.513014
0.552753 0.515296
0.565237 0.515296
0.565237 0.524877
0.57566 0.524877
0.57566 0.499408
0.575671 0.499408
0.575671 0.552454
0.571194 0.552454
0.571194 0.609153
0.59816 0.609153
0.59816 0.610353
0.645305 0.610353
0.645305 0.611503
0.649942 0.611503
0.649942 0.633832
0.653927 0.633832
0.653927 0.614079
0.657903 0.614079
0.657903 0.611104
0.689914 0.611104
0.689914 0.605435
0.678153 0.605435
0.678153 0.561944
0.691138 0.561944
0.691138 0.556774
0.69225 0.556774
0.69225 0.444132
0.685873 0.444132
0.685873 0.43682
0.692598 0.43682
0.692598 0.368092
0.694631 0.368092
0.694631 0.289627
0.705779 0.289627
0.705779 0.28485
0.720609 0.28485
0.720609 0.353284
0.728375 0.353284
0.728375 0.352158
0.740673 0.352158
0.740673 0.351176
0.733442 0.351176
0.733442 0.28711
0.73351 0.28711
0.73351 0.306404
0.753066 0.306404
0.753066 0.178218
0.745227 0.178218
0.745227 0.172525
0.753302 0.172525
0.753302 0.17442
0.753722 0.17442
0.753722 0.0472422
0.754584 0.0472422
0.754584 0.279037
0.753887 0.279037
0.753887 0.384061
0.753911 0.384061
0.753911 0.386431
0.756748 0.386431
0.756748 0.311388
0.759102 0.311388
0.759102 0.33056
0.76097 0.33056
0.76097 0.397126
0.765236 0.397126
0.765236 0.340108
0.796185 0.340108
0.796185 0.327303
0.774994 0.327303
0.774994 0.294763
0.774606 0.294763
0.774606 0.309978
0.77329 0.309978
0.77329 0.291738
0.778381 0.291738
0.778381 0.268189
0.796913 0.268189
0.796913 0.209875
0.799874 0.209875
0.799874 0.122153
0.791193 0.122153
0.791193 0.114797
0.775326 0.114797
0.775326 0.0738469
0.763421 0.0738469
0.763421 0.0785037
0.761117 0.0785037
0.761117 0.0269401
0.778342 0.0269401
0.778342 0.0388727
0.786575 0.0388727
0.786575 0.110753
0.793012 0.110753
0.793012 0.0424097
0.839853 0.0424097
0.839853 0.0481616
0.793703 0.0481616
0.793703 0.0780368
0.804578 0.0780368
0.804578 0.127922
0.841311 0.127922
0.841311 0.133608
0.811696 0.133608
0.811696 0.143197
0.814805 0.143197
0.814805 0.178472
0.841418 0.178472
0.841418 0.146133
0.844198 0.146133
0.844198 0.0362216
0.845744 0.0362216
0.845744 0.181632
0.821023 0.181632
0.821023 0.269671
0.82518 0.269671
0.82518 0.259338
0.840808 0.259338
0.840808 0.285019
0.858035 0.285019
0.858035 0.268527
0.855646 0.268527
0.855646 0.249219
0.85932 0.249219
0.85932 0.183959
0.859402 0.183959
0.859402 0.247124
0.860588 0.247124
0.860588 0.188064
0.861041 0.188064
0.861041 0.133701
0.853696 0.133701
0.853696 0.121798
0.861236 0.121798
0.861236 0.185013
0.861477 0.185013
0.861477 0.0374474
0.863203 0.0374474
0.863203 0.245683
0.861106 0.245683
0.861106 0.24671
0.864305 0.24671
0.864305 0.251762
0.86467 0.251762
0.86467 0.156538
0.869968 0.156538
0.869968 0.151371
0.868512 0.151371
0.868512 0.0226614
0.86482 0.0226614
0.86482 0
0.910425 0
0.910425 0.00193581
0.900079 0.00193581
0.900079 0.0126937
0.953463 0.0126937
0.953463 0.0178088
0.958017 0.0178088
0.958017 0.000749135
0.985993 0.000749135
0.985993 0.000905841
0.998909 0.000905841
0.998909 0.00191082
0.996687 0.00191082
0.996687 0.00306778
0.990657 0.00306778
0.990657 0.00209456
0.958725 0.00209456
0.958725 0.00754696
0.968013 0.00754696
0.968013 0.0172182
0.998103 0.0172182
0.998103 0.0144823
0.999844 0.0144823
0.999844 0.0214414
0.99845 0.0214414
0.99845 0.0369862
0.953844 0.0369862
0.953844 0.0318576
0.933863 0.0318576
0.933863 0.0585722
0.947432 0.0585722
0.947432 0.0433211
0.948205 0.0433211
0.948205 0.0514264
0.956602 0.0514264
0.956602 0.0424108
0.985417 0.0424108
0.985417 0.042857
0.97064 0.042857
0.97064 0.0444561
1 0.0444561
1 0.0558678
0.957579 0.0558678
0.957579 0.0579312
0.99147 0.0579312
0.99147 0.0638903
0.928809 0.0638903
0.928809 0.0625071
0.976293 0.0625071
0.976293 0.0620591
0.931366 0.0620591
0.931366 0.0539075
0.926388 0.0539075
0.926388 0.0431422
0.928003 0.0431422
0.928003 0.0313335
0.937823 0.0313335
0.937823 0.0312095
0.993964 0.0312095
0.993964 0.0213131
0.981059 0.0213131
0.981059 0.0308878
0.95303 0.0308878
0.95303 0.0221577
0.959435 0.0221577
0.959435 0.020055
0.885108 0.020055
0.885108 0.089822
0.890808 0.089822
0.890808 0.0709442
0.906946 0.0709442
0.906946 0.150229
0.905966 0.150229
0.905966 0.0929227
0.901649 0.0929227
0.901649 0.0713396
0.89474 0.0713396
0.89474 0.102566
0.895274 0.102566
0.895274 0.115065
0.885899 0.115065
0.885899 0.259797
0.889938 0.259797
0.889938 0.239324
0.889647 0.239324
0.889647 0.195792
0.889947 0.195792
0.889947 0.16821
0.893789 0.16821
0.893789 0.189744
0.901035 0.189744
0.901035 0.278889
0.900681 0.278889
0.900681 0.27814
0.889229 0.27814
0.889229 0.278618
0.885266 0.278618
0.885266 0.159449
0.884396 0.159449
0.884396 0.0185158
0.952312 0.0185158
0.952312 0.0153877
0.871249 0.0153877
0.871249 0.054486
0.876528 0.054486
0.876528 0.133585
0.872152 0.133585
0.872152 0.147321
0.881622 0.147321
0.881622 0.131381
0.878229 0.131381
0.878229 0.0957896
0.883537 0.0957896
0.883537 0.167374
0.88347 0.167374
0.88347 0.204519
0.881102 0.204519
0.881102 0.219948
0.86798 0.219948
0.86798 0.252018
0.860937 0.252018
0.860937 0.285429
0.820247 0.285429
0.820247 0.271143
0.791977 0.271143
0.791977 0.318024
0.798286 0.318024
0.798286 0.31952
0.833739 0.31952
0.833739 0.331908
0.842345 0.331908
0.842345 0.338084
0.847397 0.338084
0.847397 0.339514
0.823207 0.339514
0.823207 0.344727
0.811087 0.344727
0.811087 0.340215
0.784246 0.340215
0.784246 0.345972
0.856636 0.345972
0.856636 0.348616
0.765957 0.348616
0.765957 0.366113
0.819129 0.366113
0.819129 0.366646
0.859257 0.366646
0.859257 0.356007
0.86227 0.356007
0.86227 0.356853
0.866744 0.356853
0.866744 0.35455
0.87821 0.35455
0.87821 0.358283
0.881151 0.358283
0.881151 0.351482
0.900775 0.351482
0.900775 0.351987
0.909277 0.351987
0.909277 0.36299
0.881617 0.36299
0.881617 0.376128
0.777277 0.376128
0.777277 0.389808
0.832588 0.389808
0.832588 0.535498
0.83749 0.535498
0.83749 0.539954
0.916557 0.539954
0.916557 0.542438
0.918156 0.542438
0.918156 0.535135
0.910014 0.535135
0.910014 0.534223
0.922596 0.534223
0.922596 0.532075
0.911519 0.532075
0.911519 0.531096
0.913932 0.531096
0.913932 0.515282
0.919274 0.515282
0.919274 0.51358
0.922355 0.51358
0.922355 0.494119
0.921901 0.494119
0.921901 0.412877
0.916249 0.412877
0.916249 0.387915
0.928212 0.387915
0.928212 0.39742
0.934093 0.39742
0.934093 0.394015
0.971945 0.394015
0.971945 0.319261
0.958844 0.319261
0.958844 0.329688
0.958293 0.329688
0.958293 0.29296
0.958217 0.29296
0.958217 0.290097
0.956822 0.290097
0.956822 0.325825
0.948197 0.325825
0.948197 0.318113
0.939909 0.318113
0.939909 0.323938
0.939094 0.323938
0.939094 0.338062
0.928649 0.338062
0.928649 0.338299
0.924444 0.338299
0.924444 0.330581
0.91734 0.330581
0.91734 0.33777
0.891766 0.33777
0.891766 0.325366
0.900371 0.325366
0.900371 0.313265
0.883985 0.313265
0.883985 0.305702
0.851808 0.305702
0.851808 0.299333
0.907952 0.299333
0.907952 0.330567
0.932331 0.330567
0.932331 0.336387
0.935502 0.336387
0.935502 0.335543
0.936544 0.335543
0.936544 0.293977
0.938289 0.293977
0.938289 0.288087
0.948604 0.288087
0.948604 0.15916
0.936942 0.15916
0.936942 0.262419
0.936579 0.262419
0.936579 0.14185
0.939963 0.14185
0.939963 0.134534
0.95225 0.134534
0.95225 0.110797
0.950667 0.110797
0.950667 0.105221
0.930212 0.105221
0.930212 0.0865136
0.946632 0.0865136
0.946632 0.0800081
0.940539 0.0800081
0.940539 0.0667556
0.990146 0.0667556
0.990146 0.120771
0.991378 0.120771
0.991378 0.102483
0.991766 0.102483
0.991766 0.0808736
0.992909 0.0808736
0.992909 0.073503
0.994927 0.073503
0.994927 0.0741624
0.998653 0.0741624
0.998653 0.113585
0.99752 0.113585
0.99752 0.0812413
0.995857 0.0812413
0.995857 0.123956
0.982288 0.123956
0.982288 0.11753
0.981478 0.11753
0.981478 0.0942139
0.98542 0.0942139
0.98542 0.0968969
0.987659 0.0968969
0.987659 0.102267
0.989409 0.102267
0.989409 0.0690493
0.985254 0.0690493
0.985254 0.0674403
0.952647 0.0674403
0.952647 0.190636
0.951182 0.190636
0.951182 0.288287
0.952342 0.288287
0.952342 0.286067
0.964645 0.286067
0.964645 0.227029
0.964196 0.227029
0.964196 0.196125
0.961759 0.196125
0.961759 0.127568
0.967412 0.127568
0.967412 0.141508
0.964081 0.141508
0.964081 0.153414
0.970053 0.153414
0.970053 0.14516
0.972574 0.14516
0.972574 0.18505
0.966582 0.18505
0.966582 0.261542
0.969062 0.261542
0.969062 0.305597
0.971191 0.305597
0.971191 0.309705
0.963815 0.309705
0.963815 0.313518
0.975701 0.313518
0.975701 0.352589
0.975711 0.352589
0.975711 0.396665
0.940994 0.396665
0.940994 0.397753
0.955813 0.397753
0.955813 0.402569
0.949796 0.402569
0.949796 0.424049
0.928768 0.424049
0.928768 0.419142
0.922649 0.419142
0.922649 0.48219
0.925009 0.48219
0.925009 0.549806
0.919808 0.549806
0.919808 0.542968
0.881315 0.542968
0.881315 0.547049
0.825064 0.547049
0.825064 0.547023
0.851673 0.547023
0.851673 0.544779
0.827621 0.544779
0.827621 0.54311
0.828899 0.54311
0.828899 0.443588
0.82852 0.443588
0.82852 0.403109
0.795256 0.403109
0.795256 0.41387
0.785809 0.41387
0.785809 0.405546
0.73411 0.405546
0.73411 0.392104
0.729596 0.392104
0.729596 0.416584
0.724371 0.416584
0.724371 0.423639
0.723957 0.423639
0.723957 0.427842
0.750129 0.427842
0.750129 0.478184
0.724445 0.478184
0.724445 0.454419
0.722548 0.454419
0.722548 0.38499
0.734726 0.38499
0.734726 0.395986
0.744792 0.395986
0.744792 0.382344
0.710501 0.382344
0.710501 0.383968
0.717915 0.383968
0.717915 0.478428
0.721525 0.478428
0.721525 0.487464
0.717555 0.487464
0.717555 0.528172
0.719438 0.528172
0.719438 0.696305
0.714443 0.696305
0.714443 0.699422
0.72553 0.699422
0.72553 0.698915
0.737569 0.698915
0.737569 0.705773
0.736016 0.705773
0.736016 0.710558
0.689327 0.710558
0.689327 0.746425
0.668366 0.746425
0.668366 0.749861
0.583218 0.749861
0.583218 0.754035
0.583758 0.754035
0.583758 0.761302
0.548856 0.761302
0.548856 0.754493
0.517549 0.754493
0.517549 0.756211
0.51904 0.756211
0.51904 0.759196
0.524361 0.759196
0.524361 0.7617
0.522893 0.7617
0.522893 0.764689
0.517083 0.764689
0.517083 0.780876
0.488109 0.780876
0.488109 0.775551
0.512517 0.775551
0.512517 0.773217
0.493592 0.773217
0.493592 0.758679
0.494622 0.758679
0.494622 0.755519
0.428841 0.755519
0.428841 0.750407
0.453679 0.750407
0.453679 0.736858
0.453343 0.736858
0.453343 0.725056
0.331447 0.725056
0.331447 0.793284
0.338819 0.793284
0.338819 0.792878
0.391348 0.792878
0.391348 0.854485
0.408977 0.854485
0.408977 0.867602
0.367928 0.867602
0.367928 0.903147
0.371786 0.903147
0.371786 0.918926
0.390623 0.918926
0.390623 0.91888
0.375168 0.91888
0.375168 0.899109
0.392015 0.899109
0.392015 0.893963
0.39859 0.893963
0.39859 0.912076
0.39497 0.912076
0.39497 0.943595
0.363386 0.943595
0.363386 0.870649
0.360899 0.870649
0.360899 0.827262
0.334572 0.827262
0.334572 0.894028
0.336484 0.894028
0.336484 0.970554
0.412814 0.970554
0.412814 0.977436
0.427832 0.977436
0.427832 0.993706
0.436751 0.993706
0.436751 0.874525
0.426118 0.874525
0.426118 0.861922
0.41924 0.861922
0.41924 0.811119
0.493054 0.811119
0.493054 0.810367
0.524699 0.810367
0.524699 0.809748
0.505376 0.809748
0.505376 0.781949
0.510227 0.781949
0.510227 0.804226
0.513013 0.804226
0.513013 0.80729
0.520293 0.80729
0.520293 0.804846
0.519537 0.804846
0.519537 0.769495
0.520515 0.769495
0.520515 0.804573
0.524538 0.804573
0.524538 0.782227
0.564755 0.782227
0.564755 0.782247
0.525367 0.782247
0.525367 0.783361
0.525166 0.783361
0.525166 0.814483
0.526477 0.814483
0.526477 0.794035
0.532937 0.794035
0.532937 0.875926
0.537078 0.875926
0.537078 0.934976
0.568586 0.934976
0.568586 0.905853
0.553431 0.905853
0.553431 0.902217
0.664641 0.902217
0.664641 0.904331
0.601141 0.904331
0.601141 0.90441
0.646218 0.90441
0.646218 0.908904
0.629638 0.908904
0.629638 0.910351
0.747249 0.910351
0.747249 0.912194
0.767152 0.912194
0.767152 0.921149
0.75179 0.921149
0.75179 0.923041
0.778186 0.923041
0.778186 0.917265
0.835497 0.917265
0.835497 0.893372
0.830962 0.893372
0.830962 0.885122
0.770707 0.885122
0.770707 0.886564
0.747445 0.886564
0.747445 0.887772
0.726174 0.887772
0.726174 0.892156
0.677534 0.892156
0.677534 0.89095
0.668707 0.89095
0.668707 0.880682
0.667945 0.880682
0.667945 0.803893
0.670033 0.803893
0.670033 0.826052
0.675958 0.826052
0.675958 0.875778
0.676925 0.875778
0.676925 0.873528
0.701245 0.873528
0.701245 0.833168
0.732915 0.833168
0.732915 0.874504
0.715664 0.874504
0.715664 0.875613
0.701168 0.875613
0.701168 0.87936
0.733208 0.87936
0.733208 0.878628
0.758964 0.878628
0.758964 0.875506
0.768821 0.875506
0.768821 0.87462
0.783129 0.87462
0.783129 0.841529
0.78658 0.841529
0.78658 0.867905
0.804998 0.867905
0.804998 0.879846
0.816961 0.879846
0.816961 0.840249
0.812723 0.840249
0.812723 0.830755
0.822288 0.830755
0.822288 0.822474
0.822662 0.822474
0.822662 0.876703
0.835037 0.876703
0.835037 0.842279
0.852513 0.842279
0.852513 0.853824
0.853136 0.853824
0.853136 0.854865
0.851954 0.854865
0.851954 0.849071
0.84426 0.849071
0.84426 0.882427
0.837704 0.882427
0.837704 0.88356
0.840926 0.88356
0.840926 0.93615
0.837431 0.93615
0.837431 0.94295
0.820562 0.94295
0.820562 0.935439
0.811806 0.935439
0.811806 0.947972
0.800103 0.947972
0.800103 0.927526
0.838249 0.927526
0.838249 0.9263
0.797795 0.9263
0.797795 0.942051
0.754828 0.942051
0.754828 0.962426
0.769475 0.962426
0.769475 0.964258
0.794951 0.964258
0.794951 0.958943
0.82147 0.958943
0.82147 0.977782
0.836577 0.977782
0.836577 0.965512
0.839085 0.965512
0.839085 0.968972
0.838573 0.968972
0.838573 0.983531
0.792227 0.983531
0.792227 0.968389
0.744007 0.968389
0.744007 0.961911
0.71986 0.961911
0.71986 0.955514
0.635714 0.955514
0.635714 0.95498
0.748014 0.95498
0.748014 0.931729
0.741884 0.931729
0.741884 0.953723
0.729684 0.953723
0.729684 0.950102
0.741442 0.950102
0.741442 0.943034
0.736516 0.943034
0.736516 0.913329
0.69386 0.913329
0.69386 0.939755
0.634003 0.939755
0.634003 0.947936
0.633354 0.947936
0.633354 0.923275
0.672483 0.923275
0.672483 0.91929
0.584399 0.91929
0.584399 0.910878
0.583232 0.910878
0.583232 0.945844
0.579844 0.945844
0.579844 0.952684
0.5811 0.952684
0.5811 0.999658
0.640937 0.999658
0.640937 0.985493
0.642607 0.985493
0.642607 0.986884
0.712688 0.986884
0.712688 0.986989
0.75665 0.986989
0.75665 0.993914
0.787487 0.993914
0.787487 1
