32
0.187101 1
0.187101 0.838176
0 0.838176
0 0.82366
0.295855 0.82366
0.295855 0.966878
0.526393 0.966878
0.526393 0.562621
0.553753 0.562621
0.553753 0.190057
0.681205 0.190057
0.681205 0.640102
0.69367 0.640102
0.69367 0.160544
0.318096 0.160544
0.318096 0.134979
0.273017 0.134979
0.273017 0.500578
0.219978 0.500578
0.219978 0
0.239606 0
0.239606 0.0928335
0.764429 0.0928335
0.764429 0.0256008
1 0.0256008
1 0.35256
0.86426 0.35256
0.86426 0.702237
0.79066 0.702237
0.79066 0.817227
0.537773 0.817227
0.537773 1
