512
0.300957 1
0.300957 0.900583
0.221622 0.900583
0.221622 0.95005
0.251837 0.95005
0.251837 0.992507
0.19926 0.992507
0.19926 0.769665
0.197257 0.769665
0.197257 0.797201
0.184123 0.797201
0.184123 0.768301
0.197056 0.768301
0.197056 0.57742
0.137539 0.57742
0.137539 0.679126
0.150596 0.679126
0.150596 0.711527
0.168106 0.711527
0.168106 0.770107
0.173495 0.770107
0.173495 0.732551
0.178272 0.732551
0.178272 0.922752
0.075357 0.922752
0.075357 0.547532
0.0963306 0.547532
0.0963306 0.724849
0.0877823 0.724849
0.0877823 0.800213
0.0824116 0.800213
0.0824116 0.906391
0.100252 0.906391
0.100252 0.91287
0.164813 0.91287
0.164813 0.719583
0.112661 0.719583
0.112661 0.405419
0.143513 0.405419
0.143513 0.321449
0.150281 0.321449
0.150281 0.289941
0.108991 0.289941
0.108991 0.253112
0.0133578 0.253112
0.0133578 0.286075
0.0585411 0.286075
0.0585411 0.853188
0.0415824 0.853188
0.0415824 0.891032
0.00628478 0.891032
0.00628478 0.83001
0.0215266 0.83001
0.0215266 0.78883
0.0438352 0.78883
0.0438352 0.787357
0.0239098 0.787357
0.0239098 0.653504
0.0361252 0.653504
0.0361252 0.400122
0.043211 0.400122
0.043211 0.410097
0.0442805 0.410097
0.0442805 0.559359
0.0527821 0.559359
0.0527821 0.787828
0.0552448 0.787828
0.0552448 0.559199
0.054405 0.559199
0.054405 0.345741
0.0244022 0.345741
0.0244022 0.326066
0.0129489 0.326066
0.0129489 0.217326
0.0137884 0.217326
0.0137884 0.205269
0.463594 0.205269
0.463594 0.199203
0.400937 0.199203
0.400937 0.173239
0.398356 0.173239
0.398356 0.149992
0.445193 0.149992
0.445193 0.191894
0.543314 0.191894
0.543314 0.162569
0.485613 0.162569
0.485613 0.12735
0.495044 0.12735
0.495044 0.115765
0.403129 0.115765
0.403129 0.109833
0.353593 0.109833
0.353593 0.0913594
0.380673 0.0913594
0.380673 0.0924116
0.495534 0.0924116
0.495534 0.051184
0.550194 0.051184
0.550194 0.0835557
0.504229 0.0835557
0.504229 0.115647
0.576334 0.115647
0.576334 0.166237
0.55184 0.166237
0.55184 0.289688
0.603355 0.289688
0.603355 0.273113
0.594101 0.273113
0.594101 0.0861
0.591547 0.0861
0.591547 0.0628619
0.58288 0.0628619
0.58288 0.0262403
0.357826 0.0262403
0.357826 0.0342935
0.324597 0.0342935
0.324597 0.0324714
0.313725 0.0324714
0.313725 0.0204629
0.198829 0.0204629
0.198829 0.0438063
0.202475 0.0438063
0.202475 0.0523995
0.252623 0.0523995
0.252623 0.0581616
0.171808 0.0581616
0.171808 0.0729543
0.302325 0.0729543
0.302325 0.0557865
0.325465 0.0557865
0.325465 0.0914906
0.195584 0.0914906
0.195584 0.129266
0.157669 0.129266
0.157669 0.147092
0.227026 0.147092
0.227026 0.187967
0.279626 0.187967
0.279626 0.190077
0.170611 0.190077
0.170611 0.188952
0.150894 0.188952
0.150894 0.0912008
0.186218 0.0912008
0.186218 0.0786392
0.108314 0.0786392
0.108314 0.150202
0.120533 0.150202
0.120533 0.19345
0.102424 0.19345
0.102424 0.0694954
0.140676 0.0694954
0.140676 0.0559878
0.093408 0.0559878
0.093408 0.153475
0.0748334 0.153475
0.0748334 0.0890064
0 0.0890064
0 0.0758342
0.0144846 0.0758342
0.0144846 0.0662338
0.0284284 0.0662338
0.0284284 0.0867349
0.0742801 0.0867349
0.0742801 0.0197645
0.601898 0.0197645
0.601898 0.0992666
0.603156 0.0992666
0.603156 0.0773618
0.61193 0.0773618
0.61193 0.341337
0.567145 0.341337
0.567145 0.370446
0.607282 0.370446
0.607282 0.394546
0.625686 0.394546
0.625686 0.335659
0.622357 0.335659
0.622357 0.052181
0.636189 0.052181
0.636189 0.0473945
0.65254 0.0473945
0.65254 0.0684801
0.655123 0.0684801
0.655123 0.103458
0.652083 0.103458
0.652083 0.155337
0.65159 0.155337
0.65159 0.357658
0.670261 0.357658
0.670261 0.256332
0.687733 0.256332
0.687733 0.265993
0.678151 0.265993
0.678151 0.350517
0.70755 0.350517
0.70755 0.200152
0.722953 0.200152
0.722953 0.128527
0.744361 0.128527
0.744361 0.119181
0.753603 0.119181
0.753603 0.00121558
0.769662 0.00121558
0.769662 0
0.825835 0
0.825835 0.00746842
0.781398 0.00746842
0.781398 0.0725247
0.784022 0.0725247
0.784022 0.237495
0.807479 0.237495
0.807479 0.142331
0.807801 0.142331
0.807801 0.299508
0.797262 0.299508
0.797262 0.296786
0.787082 0.296786
0.787082 0.312285
0.796818 0.312285
0.796818 0.363401
0.800097 0.363401
0.800097 0.339657
0.802987 0.339657
0.802987 0.365487
0.833807 0.365487
0.833807 0.375814
0.932525 0.375814
0.932525 0.416692
0.861917 0.416692
0.861917 0.392788
0.850044 0.392788
0.850044 0.385342
0.825037 0.385342
0.825037 0.367183
0.758271 0.367183
0.758271 0.33036
0.736249 0.33036
0.736249 0.318773
0.75815 0.318773
0.75815 0.292533
0.765488 0.292533
0.765488 0.132306
0.727911 0.132306
0.727911 0.437222
0.866286 0.437222
0.866286 0.485008
0.878238 0.485008
0.878238 0.544259
0.886595 0.544259
0.886595 0.803951
0.895113 0.803951
0.895113 0.742819
0.960435 0.742819
0.960435 0.882544
0.976361 0.882544
0.976361 0.742781
0.97613 0.742781
0.97613 0.58825
0.986315 0.58825
0.986315 0.579588
0.988943 0.579588
0.988943 0.704273
1 0.704273
1 0.767391
0.981648 0.767391
0.981648 0.802329
0.998135 0.802329
0.998135 0.888174
0.875245 0.888174
0.875245 0.88391
0.848015 0.88391
0.848015 0.873247
0.898636 0.873247
0.898636 0.878132
0.938279 0.878132
0.938279 0.850622
0.942962 0.850622
0.942962 0.848746
0.843874 0.848746
0.843874 0.895593
0.957177 0.895593
0.957177 0.91498
0.961632 0.91498
0.961632 0.979534
0.897288 0.979534
0.897288 0.98308
0.842113 0.98308
0.842113 0.978859
0.950247 0.978859
0.950247 0.965061
0.94728 0.965061
0.94728 0.941914
0.860177 0.941914
0.860177 0.926837
0.872175 0.926837
0.872175 0.905695
0.922506 0.905695
0.922506 0.896256
0.843259 0.896256
0.843259 0.819758
0.943583 0.819758
0.943583 0.814833
0.870672 0.814833
0.870672 0.532981
0.877572 0.532981
0.877572 0.498228
0.747543 0.498228
0.747543 0.461914
0.726463 0.461914
0.726463 0.403829
0.718856 0.403829
0.718856 0.379684
0.701522 0.379684
0.701522 0.404417
0.676285 0.404417
0.676285 0.392653
0.633731 0.392653
0.633731 0.288229
0.625778 0.288229
0.625778 0.512152
0.616457 0.512152
0.616457 0.461268
0.545749 0.461268
0.545749 0.226824
0.539669 0.226824
0.539669 0.546939
0.582863 0.546939
0.582863 0.516726
0.728625 0.516726
0.728625 0.524993
0.788968 0.524993
0.788968 0.529673
0.597945 0.529673
0.597945 0.55639
0.53717 0.55639
0.53717 0.562393
0.52304 0.562393
0.52304 0.368581
0.526712 0.368581
0.526712 0.24045
0.161096 0.24045
0.161096 0.460296
0.187382 0.460296
0.187382 0.467668
0.286102 0.467668
0.286102 0.492835
0.330598 0.492835
0.330598 0.248925
0.23884 0.248925
0.23884 0.291278
0.327456 0.291278
0.327456 0.316145
0.30999 0.316145
0.30999 0.296127
0.280767 0.296127
0.280767 0.320289
0.208942 0.320289
0.208942 0.294658
0.210849 0.294658
0.210849 0.24313
0.415238 0.24313
0.415238 0.270566
0.355949 0.270566
0.355949 0.282501
0.349425 0.282501
0.349425 0.498026
0.348761 0.498026
0.348761 0.535665
0.369131 0.535665
0.369131 0.602126
0.397678 0.602126
0.397678 0.533119
0.397728 0.533119
0.397728 0.675466
0.398027 0.675466
0.398027 0.667973
0.419711 0.667973
0.419711 0.630571
0.430068 0.630571
0.430068 0.674646
0.459672 0.674646
0.459672 0.621032
0.468417 0.621032
0.468417 0.62112
0.533945 0.62112
0.533945 0.681436
0.470395 0.681436
0.470395 0.684261
0.504537 0.684261
0.504537 0.687206
0.639594 0.687206
0.639594 0.673178
0.620181 0.673178
0.620181 0.638564
0.675077 0.638564
0.675077 0.640679
0.681017 0.640679
0.681017 0.647491
0.717892 0.647491
0.717892 0.62334
0.704372 0.62334
0.704372 0.603856
0.554416 0.603856
0.554416 0.608412
0.495576 0.608412
0.495576 0.608171
0.532657 0.608171
0.532657 0.600566
0.566912 0.600566
0.566912 0.601991
0.629858 0.601991
0.629858 0.589626
0.812003 0.589626
0.812003 0.596934
0.817855 0.596934
0.817855 0.657109
0.748582 0.657109
0.748582 0.673352
0.731983 0.673352
0.731983 0.688632
0.558824 0.688632
0.558824 0.690492
0.399072 0.690492
0.399072 0.691554
0.358606 0.691554
0.358606 0.537658
0.265942 0.537658
0.265942 0.515199
0.21616 0.515199
0.21616 0.513739
0.271293 0.513739
0.271293 0.468792
0.130517 0.468792
0.130517 0.501078
0.203542 0.501078
0.203542 0.717997
0.200622 0.717997
0.200622 0.984287
0.217151 0.984287
0.217151 0.890672
0.272656 0.890672
0.272656 0.900483
0.279174 0.900483
0.279174 0.858305
0.217234 0.858305
0.217234 0.850738
0.320879 0.850738
0.320879 0.708487
0.386574 0.708487
0.386574 0.701393
0.392071 0.701393
0.392071 0.7076
0.459585 0.7076
0.459585 0.721931
0.514447 0.721931
0.514447 0.740843
0.522712 0.740843
0.522712 0.905788
0.501722 0.905788
0.501722 0.855814
0.490053 0.855814
0.490053 0.938208
0.484734 0.938208
0.484734 0.890221
0.439311 0.890221
0.439311 0.879435
0.442382 0.879435
0.442382 0.859802
0.487695 0.859802
0.487695 0.815368
0.447481 0.815368
0.447481 0.720154
0.426389 0.720154
0.426389 0.718625
0.416063 0.718625
0.416063 0.711727
0.323451 0.711727
0.323451 0.929587
0.320829 0.929587
0.320829 0.940223
0.324851 0.940223
0.324851 0.987031
0.329383 0.987031
0.329383 0.970203
0.350904 0.970203
0.350904 0.991407
0.656727 0.991407
0.656727 0.990549
0.675217 0.990549
0.675217 0.972702
0.646179 0.972702
0.646179 0.964819
0.489663 0.964819
0.489663 0.952239
0.526188 0.952239
0.526188 0.940187
0.705088 0.940187
0.705088 0.945405
0.71585 0.945405
0.71585 0.992903
0.69624 0.992903
0.69624 0.984118
0.683291 0.984118
0.683291 0.942178
0.547905 0.942178
0.547905 0.944723
0.678246 0.944723
0.678246 0.991784
0.350934 0.991784
0.350934 1
