64
0.0759738 1
0.0759738 0.873252
0 0.873252
0 0.831874
0.000934972 0.831874
0.000934972 0.694256
0.527036 0.694256
0.527036 0.600687
0.48838 0.600687
0.48838 0.549624
0.327357 0.549624
0.327357 0.544813
0.273916 0.544813
0.273916 0.52399
0.236572 0.52399
0.236572 0.529259
0.165808 0.529259
0.165808 0.520779
0.18406 0.520779
0.18406 0.456563
0.361383 0.456563
0.361383 0.530527
0.506575 0.530527
0.506575 0.599894
0.717958 0.599894
0.717958 0.31188
0.731272 0.31188
0.731272 0.5769
0.806023 0.5769
0.806023 0.50154
0.732915 0.50154
0.732915 0.330446
0.749226 0.330446
0.749226 0.283296
0.377709 0.283296
0.377709 0.181937
0.443904 0.181937
0.443904 0.254934
0.738944 0.254934
0.738944 0.128737
0.554044 0.128737
0.554044 0.133805
0.541153 0.133805
0.541153 0.0381661
0.6105 0.0381661
0.6105 0
0.901036 0
0.901036 0.116484
0.691939 0.116484
0.691939 0.125384
0.882834 0.125384
0.882834 0.156064
0.933994 0.156064
0.933994 0.316935
1 0.316935
1 0.331316
0.894952 0.331316
0.894952 0.736636
0.59047 0.736636
0.59047 0.704519
0.51687 0.704519
0.51687 0.770503
0.127876 0.770503
0.127876 1
