256
0.325183 1
0.325183 0.999781
0.27346 0.999781
0.27346 0.991206
0.400659 0.991206
0.400659 0.940156
0.365673 0.940156
0.365673 0.99092
0.231614 0.99092
0.231614 0.939937
0.274893 0.939937
0.274893 0.739727
0.317029 0.739727
0.317029 0.791699
0.363047 0.791699
0.363047 0.792184
0.329457 0.792184
0.329457 0.800941
0.397604 0.800941
0.397604 0.785944
0.563511 0.785944
0.563511 0.735297
0.417122 0.735297
0.417122 0.718391
0.50708 0.718391
0.50708 0.701349
0.592869 0.701349
0.592869 0.719905
0.621443 0.719905
0.621443 0.694416
0.89812 0.694416
0.89812 0.622534
0.710833 0.622534
0.710833 0.583883
0.649531 0.583883
0.649531 0.516193
0.593365 0.516193
0.593365 0.625729
0.654741 0.625729
0.654741 0.626794
0.56246 0.626794
0.56246 0.50057
0.636349 0.50057
0.636349 0.411342
0.495851 0.411342
0.495851 0.330974
0.416061 0.330974
0.416061 0.329918
0.583018 0.329918
0.583018 0.33213
0.547201 0.33213
0.547201 0.340326
0.649707 0.340326
0.649707 0.532073
0.732209 0.532073
0.732209 0.570175
0.738752 0.570175
0.738752 0.589732
0.745756 0.589732
0.745756 0.36529
0.798626 0.36529
0.798626 0.421624
0.783196 0.421624
0.783196 0.444362
0.825308 0.444362
0.825308 0.362141
0.832882 0.362141
0.832882 0.45497
0.907151 0.45497
0.907151 0.435773
0.89575 0.435773
0.89575 0.299432
0.624761 0.299432
0.624761 0.287639
0.52944 0.287639
0.52944 0.111617
0.441974 0.111617
0.441974 0.164905
0.521423 0.164905
0.521423 0.189043
0.500516 0.189043
0.500516 0.188112
0.413977 0.188112
0.413977 0.168084
0.217146 0.168084
0.217146 0.187957
0.14919 0.187957
0.14919 0.198005
0.176164 0.198005
0.176164 0.201989
0.137219 0.201989
0.137219 0.236548
0.19959 0.236548
0.19959 0.260883
0.181528 0.260883
0.181528 0.242299
0.15545 0.242299
0.15545 0.269636
0.173865 0.269636
0.173865 0.298954
0.121187 0.298954
0.121187 0.51918
0.146529 0.51918
0.146529 0.510332
0.157107 0.510332
0.157107 0.329699
0.259701 0.329699
0.259701 0.323937
0.39408 0.323937
0.39408 0.450269
0.356537 0.450269
0.356537 0.448593
0.381915 0.448593
0.381915 0.358287
0.369076 0.358287
0.369076 0.333288
0.29371 0.333288
0.29371 0.384879
0.34498 0.384879
0.34498 0.56622
0.294326 0.56622
0.294326 0.523694
0.117069 0.523694
0.117069 0.486466
0.0887944 0.486466
0.0887944 0.651692
0.260653 0.651692
0.260653 0.67778
0.0706168 0.67778
0.0706168 0.670533
0.013383 0.670533
0.013383 0.637831
0 0.637831
0 0.608273
0.0876466 0.608273
0.0876466 0.221859
0.095884 0.221859
0.095884 0.151213
0.186912 0.151213
0.186912 0.138408
0.423734 0.138408
0.423734 0.133985
0.198555 0.133985
0.198555 0.0413714
0.151579 0.0413714
0.151579 0.070091
0.0732652 0.070091
0.0732652 0.158639
0.0345096 0.158639
0.0345096 0.0566557
0.0107488 0.0566557
0.0107488 0
0.206584 0
0.206584 0.13161
0.27171 0.13161
0.27171 0.0666989
0.233103 0.0666989
0.233103 0.0353726
0.212754 0.0353726
0.212754 0.033856
0.338855 0.033856
0.338855 0.0815965
0.407958 0.0815965
0.407958 0.0377626
0.490453 0.0377626
0.490453 0.0186264
0.543715 0.0186264
0.543715 0.198786
0.547827 0.198786
0.547827 0.252451
0.555825 0.252451
0.555825 0.248603
0.751701 0.248603
0.751701 0.222648
0.74227 0.222648
0.74227 0.176992
0.855951 0.176992
0.855951 0.171102
0.888001 0.171102
0.888001 0.22474
0.920073 0.22474
0.920073 0.312613
0.9509 0.312613
0.9509 0.482576
0.980685 0.482576
0.980685 0.52826
0.882801 0.52826
0.882801 0.550102
0.878738 0.550102
0.878738 0.500479
0.767561 0.500479
0.767561 0.572639
0.892759 0.572639
0.892759 0.603993
0.929742 0.603993
0.929742 0.598083
0.949913 0.598083
0.949913 0.672176
0.96641 0.672176
0.96641 0.638381
0.985726 0.638381
0.985726 0.694989
0.74118 0.694989
0.74118 0.700158
0.718905 0.700158
0.718905 0.709597
0.662009 0.709597
0.662009 0.737537
0.611058 0.737537
0.611058 0.758403
0.706671 0.758403
0.706671 0.747019
0.804702 0.747019
0.804702 0.742316
1 0.742316
1 0.751113
0.889985 0.751113
0.889985 0.810738
0.776208 0.810738
0.776208 0.819818
0.962753 0.819818
0.962753 0.834797
0.681417 0.834797
0.681417 0.847524
0.452446 0.847524
0.452446 0.806531
0.35318 0.806531
0.35318 0.86402
0.900734 0.86402
0.900734 0.924507
0.891005 0.924507
0.891005 0.904143
0.597675 0.904143
0.597675 0.954618
0.58964 0.954618
0.58964 0.983611
0.527429 0.983611
0.527429 0.940517
0.481773 0.940517
0.481773 0.979134
0.489326 0.979134
0.489326 0.985739
0.448157 0.985739
0.448157 0.99776
0.437915 0.99776
0.437915 0.987933
0.440827 0.987933
0.440827 0.940403
0.488026 0.940403
0.488026 0.927839
0.490264 0.927839
0.490264 0.924898
0.542742 0.924898
0.542742 0.899354
0.41576 0.899354
0.41576 1
